0.34074759953525185
0.34764599721128137
0.35419307873601963
0.36051357900480485
0.3659255613328629
0.37145431459298534
0.37657173188392534
0.38124528292463333
0.3874592736752253
0.3948772571963726
0.40330066374520085
0.41233529224781446
0.42107192417724115
0.42862461713074224
0.4356542701081022
0.44235747919863627
0.44976709739915577
0.45382176439278654
0.4572465746993708
0.4601157113242284
0.4663021783196154
0.46776428597147945
0.4738828792143285
0.4745505804658243
0.4634763592001922
0.45619360618875987
0.47587593553215907
0.4834399147211013
0.5045346236386877
0.5131704521728725
0.5314953743607707
0.5606141580152376
0.5926234458969784
0.3287397593311668
0.36935798572261763
0.4351408228881476
0.4841120451077948
0.4633908935429347
0.48041493926219003
0.500411276783691
0.5088506957395293
0.5125487254891243
0.5111185287261355
0.5064393167142242
0.5064664150374422
0.43669201477439573
0.4381797935995071
0.43619994116323957
0.34020931179252567
0.34293796075933597
0.34457519156407995
0.3504863216080358
0.33037327795814825
0.3512777392397395
0.3485842397283763
0.3474233616329255
0.359065580337872
0.3639141715182501
0.34739559637571654
0.3432435405002612
0.3578001190124662
0.3586654395616261
0.35870964300150193
0.35832757254683345
0.3511887653053191
0.3398895091165396
0.21820384732522544
0.1931186422070671
0.2546111782357268
0.27492872474490276
0.2738226397942211
0.2961275574963043
0.3221615200837461
0.3172310195634303
0.3191514535901626
0.31557017787313535
0.33367169282615217
0.3305562030432376
0.32855787571175676
0.32574283279614896
0.47761518712311535
0.4025699191509343
0.3714252395316502
0.40227251063232883
0.4230802698201992
0.46912216606818513
0.4749367236387433
0.4731707432545071
0.4565255920573366
0.45765570642642417
0.4458890567063204
0.447164722710537
0.4499514390110167
0.46120243076072476
0.4697432952016694
0.38405904678750913
0.3742817086616144
0.38134021281237285
0.3868431398870463
0.391187319975007
0.3920483754744478
0.4004492341728384
0.4084429901371997
0.41614334831664274
0.42339359492911677
0.4297857701844147
0.43731786630337455
0.4408110909510756
0.44244101781002354
0.44658981344025955
0.4498339049003355
0.4524318136363588
0.4563272777517507
0.45709188826266445
0.45736345539157514
0.4573794573511965
0.4603491484675179
0.45789589790366375
0.455910319628598
0.45430451677402267
0.44028241363952103
0.40875622508121556
0.40148488228326373
0.37689609968638754
0.38886190760056966
0.3743801914968848
0.3773034617215631
0.3795490715748183
0.43496610142732
0.4429251325530052
0.46440159198959136
0.44799862762122883
0.4701019254692368
0.5235859693115171
0.48426331358578834
0.41275921589623327
0.4125740018166916
0.40705919808331925
0.40173898141936376
0.47913353741542286
0.4738606477154627
0.44848034528852565
0.4017913577712592
0.40023994601814505
0.24765235770684063
0.25436119439196164
0.2578270091295084
0.30946978833929123
0.33923336628012973
0.3329384157179126
0.32891841733798627
0.32624595905930776
0.23540799916747082
0.247251610817399
0.20613800565014742
0.26926537669919964
0.28234679560805687
0.2860623163468156
0.3317679740771085
0.3341268107725961
0.3283706403428294
0.32956878698121955
0.3711600419801343
0.3150330858482107
0.3074048728683269
0.33760730092664337
0.3372641843870961
0.33618782077496395
0.24438370970607887
0.24492084499344097
0.2726333512350662
0.3147406817265816
0.3613787311242606
0.3770038199894788
0.3312220318686947
0.3245329890070525
0.4386584433756687
0.24395151958107528
0.3750435919427477
0.43239717250838033
0.4640011177867446
0.4555584785556581
0.47898751179417687
0.46188788685874815
0.41965815902314074
0.4335423944406562
0.4505834879635946
0.6546619917317383
0.6238142552071075
0.6376124521190106
0.6560569359129734
0.668615443695747
0.6965720511187274
0.7195744172596258
0.47726499300864933
0.47692249781429374
0.48658752848058195
0.49895834067571604
0.5052245154283405
0.5066870332718506
0.47865491675406424
0.40535904257698624
0.6467200866829329
0.6351646708813117
0.6300213168028655
0.6268148676085242
0.6232043322572709
0.6235828977163818
0.3793348562810217
0.3790775399363089
0.3934715204734026
0.40407239915752535
0.4157959173980839
0.4160335012257959
0.5281893519014335
0.4930377342835642
0.44483504431600324
0.4492610514993368
0.497786646147114
0.4852159920641434
0.44481450473655915
0.48010776415897244
0.5047311080009931
0.46735852094174407
0.507160071829952
0.5349957015805068
0.5326918060013346
0.5508575169147445
0.5991527060666628
0.5958829713074463
0.5901319165736072
0.5938503753412501
0.5800416186302843
0.5670976478614657
0.5636959803139644
0.5608430751256468
0.5556040269925483
0.5543515679662036
0.5351531148815439
0.5354401715030833
0.378318150438959
0.3884623796341736
0.6558514865503635
0.651267970231974
0.6247193955412998
0.621400490606614
0.6018724883779039
0.23705218952521329
0.2120160716914377
0.3120852869865181
0.3540100389868653
0.3306957334045824
0.18903042129492742
0.18731370480888593
0.18636709438140708
0.18571475736528992
0.17863564176692978
0.17862532319795568
0.15063162901041566
0.17550104942380645
0.1798441514642615
0.2779280335640528
0.3463980764778833
0.3445569369686041
0.3477210578893378
0.3359827383586247
0.2707598097506386
0.26179308156770953
0.2677744834059001
0.2756267277878029
0.22626469565602098
0.22689150879291067
0.5411919296394387
0.6072591419643427
0.6406801546167179
0.6559976045611161
0.6527421913355602
0.6178813571999617
0.6158037871656946
0.6008527334660122
0.2730661211771901
0.34795773298211374
0.42747575922118747
0.43956146787682676
0.4824464906416736
0.5187987276644546
0.5424023191688008
0.5574075883432944
0.559823800666034
0.5687534980056171
0.5732557979772986
0.5748947485984217
0.5749899139940855
0.5747232286975554
0.5739586254363771
0.5730950414300369
0.5729247283170155
0.572663178378118
0.5723409374325238
0.572169628617686
0.5729268139521023
0.5732121427409241
0.5736033315423067
0.49913275589275236
0.4711159464159191
0.4706318121221355
0.4699785273608513
0.46937006013490157
0.4727585573877262
0.47127960239222294
0.47060898445735055
0.47058608077579067
0.47996718371877484
0.468607196393731
0.4599421478293655
0.45354815220721806
0.4759221999768221
0.46332263498631515
0.4663023666869065
0.4519098859816545
0.46786778319321937
0.44490018215406923
0.4456736093286049
0.4264826637823245
0.43897102400082827
0.41068777593087386
0.3735156275899685
0.3449166222982467
0.323237794861868
0.431411374803199
0.4123270545549476
0.3613900476566531
0.37203007011251943
0.38836161411151143
0.4463515313551569
0.4642976811557546
0.3597633928760911
0.36477780538715626
0.3346231398379223
0.2606610079030183
0.23664976222908998
0.23588220214708414
0.23469355442534962
0.233769538332207
0.24294848168173788
0.24343448689121527
0.22086749305323247
0.24854732555583253
0.31891481689989065
0.29623192026438544
0.2107552611931131
0.2095841086498785
0.20387368062805233
0.20267495831322666
0.2404380020336001
0.30750399359310343
0.3388471872227716
0.2854251362694317
0.32225513198928274
0.30919640256251524
0.26814395282777304
0.2590794423165032
0.22184954332118803
0.3213942682278499
0.3321762474406001
0.36942599129862963
0.37147826998653727
0.37210692886117813
0.4768082192865155
0.2898912167949598
0.3630002346186497
0.4029174010240181
0.40655235830912934
0.3616091903487696
0.3448037295113629
0.36029822763891817
0.3337511502910406
0.3505124386366004
0.33100791907325094
0.3501226605760904
0.354517853689952
0.31902773566468146
0.33520285370383945
0.3493252841478204
0.36370174266295346
0.3347523471002761
0.2960440535544509
0.30943953132726376
0.3201139854804941
0.329474938216018
0.33756296497715294
0.3450246110865994
0.3498851435190811
0.35240021037707225
0.35314967588220403
0.3528062216912778
0.3527730872920271
0.35200020820811856
0.3511076821789514
0.35019058732845076
0.35831782202804296
0.3597943514883873
0.36128424060562087
0.36282665684184456
0.3691305380196166
0.36737510975639875
0.36630968420695537
0.3658823935982971
0.3621623444710505
0.3192698257450313
0.2852463104871691
0.25908479734085643
0.2701757330465016
0.2640913072737446
0.3201011816435788
0.28072824769755617
0.25174841569529877
0.3174407122765483
0.32922047287299744
0.34365975487232936
0.3849542593375899
0.36522774191499324
0.3040050458078373
0.3190897210720853
0.37617178139795765
0.3804118911844486
0.3708725422741887
0.3884639257871183
0.4015341249015274
0.37415437439774035
0.3887983482320058
0.3967237011508333
0.38584882647121593
0.3859112792673402
0.38588722080208615
0.38171702922969686
0.3568440922239738
0.35214593425344415
0.350868211169568
0.34381419954013726
0.3228626400870554
0.3377894152346501
0.3270817949499779
0.31645625933881505
0.32370644074517185
0.3138303095446422
0.30631471911521924
0.33958463643902626
0.3312017752565699
0.30466574654380596
0.3387920037226627
0.3303101397802644
0.33778238732797167
0.34019371151621286
0.3365893575877442
0.33494905519972684
0.3460776892410848
0.3479996034635126
0.35727464221059074
0.3888852133824115
0.36123634447208836
0.36218072043169236
0.3664501736505488
0.36409034419204206
0.5075948169137311
0.30896994968236874
0.41048081530167213
0.4343230987912331
0.4527332413313084
0.46788127932864165
0.4647500354021282
0.4787993019826873
0.4798321187771991
0.48697436096016405
0.4576024399996298
0.38524529428256393
0.37168767354056603
0.4793006472781554
0.4607814018957569
0.394634363253643
0.39570019646462334
0.406172557807147
0.4138285603954543
0.41945976390426637
0.4243734145780264
0.42926072587258135
0.43378904609977414
0.43817080273142733
0.44187169262525666
0.44441447792005845
0.4459707095229572
0.44696641448547647
0.4428198692399309
0.44608862785610814
0.44884015248678855
0.45127809376904493
0.4557020737944279
0.4573370254943047
0.45884305492876953
0.46039577660263686
0.46546323355586977
0.4653548788891004
0.46585199367670865
0.46688711503728625
0.47065730666779493
0.46696166088896357
0.48237482335848963
0.5431213903802729
0.565005705404488
0.5653233275230127
0.5090784546412875
0.4727548641650801
0.5442360765248296
0.5393536666152129
0.4887487578025141
0.4543003527332899
0.4760323027498791
0.36873870290043437
0.3888634126818875
0.4026222247433132
0.37376265157332955
0.6177355249683233
0.6149535137445117
0.6295933833427316
0.6252837735738189
0.35173174201099616
0.33459141718528324
0.30722380462632
0.3665502230585591
0.3665500749225678
0.3664929942295918
0.36642811265920916
0.3426789533329834
0.33655326137342323
0.3331870024411087
0.33046526584883174
0.31599572880715177
0.3132981627527714
0.31116100387432255
0.3317404505335441
0.32633760134725304
0.3254447227956335
0.35569865593586175
0.3619018319420548
0.3789608885481258
0.37809384115126204
0.3502763803766215
0.3430533881911941
0.34975489497777507
0.34741105448288306
0.32560649034321065
0.3133764679250574
0.26983529254639504
0.30467872700685616
0.31905892316491824
0.30967618801195157
0.322816144133479
0.3205791971936055
0.31830031188910135
0.3165996748733287
0.5099050032624871
0.3176051067709313
0.4489516635289662
0.5003740355728368
0.5143387534423459
0.5280016268228845
0.5189211273983181
0.5200060407994093
0.4905548916724844
0.5207765626645278
0.5336934757550641
0.5202731779261123
0.4175501171252194
0.4076000867777182
0.4172824471413645
0.4350894776670632
0.44178306538823314
0.4547837850854632
0.4623100716662069
0.46600683865021636
0.4682205082280654
0.470443372050959
0.47247770359923935
0.47443161624939423
0.4771377578928733
0.47986467585130343
0.4825717366063971
0.4853392029267093
0.489218089249463
0.49281807636715336
0.49655825415341937
0.5004913293066069
0.5083426781630466
0.5095460421987466
0.5087331736136362
0.5117076568001978
0.5186221249978662
0.5206607781798924
0.5103845914795063
0.516109006197632
0.5749776542417729
0.5719898572970723
0.5720407667563195
0.5835132301195158
0.5604376441366802
0.567267777904337
0.5807894739405488
0.6149040686130297
0.6760971734990054
0.6510938545338562
0.6589503788124016
0.6426108557276767
0.6608598544373493
0.6675344129268754
0.6218071837646523
0.6361762758411349
0.6299273925381889
0.5423721744363091
0.5742610126889531
0.5980386300742232
0.5610890018504474
0.5139325181727771
0.5554773869900371
0.8298217719086661
0.5988436375903153
0.597356676479201
0.5942732634716201
0.5925878746922911
0.29314488399163463
0.296112120151852
0.29227090991576754
0.2877083447935969
0.2728157549761609
0.27589435204372315
0.2744468513898198
0.269565969569368
0.23902392492247776
0.23902392492247776
0.23902392492247776
0.23902392492247776
0.22493280655863315
0.24874314991562915
0.252088324561509
0.5378606821070872
0.5398342939714181
0.5820098973625899
0.6319045841249901
0.625517771528028
0.5838169195898172
0.5837376667079441
0.5837376667079441
0.5837376667079441
0.3196053947564355
0.3051483957194257
0.30419899558667157
0.3030527853476093
0.5259404409829256
0.5362634397006868
0.5363434487212213
0.6162015305795664
0.6437389615428367
0.6543417069752994
0.5353544117902334
0.5383906941819168
0.5391034938779596
0.5253424275731495
0.5135839908988591
0.5044113024077449
0.4866984278640758
0.48927453245489677
0.48432702122716637
0.4883303586542208
0.48953997173126484
0.49406637643932394
0.4969296601888257
0.4987892641909084
0.5404173313608164
0.5973686024404605
0.605431471079639
0.56116827867454
0.5112160698501708
0.5145236105563085
0.5162761656998002
0.5211991872801741
0.5290842259415307
0.5343916070663423
0.5380395800636529
0.5406451665509084
0.5449446939726758
0.5461657947254448
0.5488530357505781
0.5631594251844504
0.6191269896580222
0.6109633890134923
0.583635426275457
0.6020109232140426
0.5986800498439462
0.5161286758706094
0.5043679043449144
0.5531082195535061
0.597215894478015
0.5583803562419728
0.5695002485697669
0.5700421108167313
0.5531105564553103
0.514856872281708
0.5224877465025662
0.5416352139616721
0.5823685770205304
0.5910330257593496
0.6067476461851002
0.6020589106386903
0.6031312791138291
0.599732082050964
0.642807040596972
0.6948835421139449
0.6426422501236217
0.5839229451704684
0.5822033979372796
0.5736969065665283
0.19835480618573495
0.17688503628052624
0.19625580018351108
0.2585500876643498
0.29002326763599195
0.28207002941401227
0.3009090781994839
0.3038136153312944
0.29518004970819317
0.30265448788163435
0.29229428461457785
0.2911528381747005
0.31663406227642804
0.2916725991098483
0.28192142071186355
0.2803745962617804
0.24874314991562915
0.24874314991562915
0.24874314991562915
0.24874314991562915
0.28350939341903886
0.30287732632745534
0.2871222285495794
0.2859102979512812
0.2605926293015884
0.26179308156770953
0.26179308156770953
0.26179308156770953
0.25880373369391974
0.25520237689555614
0.25520237689555614
0.25520237689555614
0.6130861355706022
0.6863534892216214
0.7290305527319894
0.7282013227570953
0.617910398513569
0.5951421203745226
0.646152871132825
0.6406242080223685
0.6008708715123973
0.5127622944541121
0.5104792609688029
0.48384671758608344
0.4473442411702396
0.4524419934726658
0.4555174202254679
0.4568466319851198
0.44962859438548947
0.45612759006598563
0.45656216173880876
0.45910756992823176
0.46257540768775707
0.46481219322849376
0.465657985473356
0.46569019701554
0.4660997089654084
0.46630110479662185
0.46634355147291456
0.4664487276905718
0.46633640054119374
0.46493008517472084
0.4630482286577661
0.45777437889639255
0.45496943383912286
0.44996301356110846
0.4452324652816056
0.4408560036210527
0.42789881945683317
0.5002274591969561
0.4917577999924385
0.39675126956000095
0.39468327828909844
0.39034429342464183
0.3891050211918695
0.388784479492059
0.4072258241979664
0.40127308092878083
0.39571424402133326
0.39052178626624273
0.42287956953308997
0.4416886215089187
0.4255313594023523
0.43929671053374836
0.5310843058704614
0.5096804085073847
0.43354172738072067
0.37995846174286757
0.37418793343021334
0.3809206282399776
0.3955757198879953
0.3902373560568338
0.3837934481114398
0.3828214042477875
0.3773990847100051
0.3811665133617511
0.25265547326885796
0.25736785485396396
0.25760372522529057
0.2541871500547461
0.22714984532086688
0.2250172699452788
0.222597342099639
0.2197443926992709
0.20408819956036822
0.20067180957888858
0.19792697099412285
0.19565069618477754
0.1893145721306679
0.18921629392979192
0.29611289728186635
0.32395034534567674
0.2921759596367992
0.29198192384617344
0.28573412291375505
0.1881353943237178
0.21818517692551717
0.3184048202219394
0.3283826439251398
0.3349319077166615
0.3692857531415309
0.6354172839389246
0.6316286564199158
0.6367800448554359
0.648342838933552
0.66168551959286
0.379543443273898
0.3540460151982454
0.5146595509911808
0.33310241967854615
0.4429183041945879
0.4986420157795542
0.5050945980175866
0.5373687399212249
0.5580749195888198
0.5710955729920251
0.5703183440728073
0.5050442641576699
0.47307092636104553
0.4738793965281919
0.4561064158143264
0.46623011324167507
0.47203168612205026
0.4747503904243223
0.4757188813228977
0.48102189713871923
0.4854172084287279
0.48922204631715377
0.49069819642603046
0.4937339424516076
0.4899248838229198
0.4936170224093313
0.49793091864984573
0.5032871335496469
0.5081850104169765
0.51281605427854
0.5165786367870994
0.5195614529248442
0.5205035605910409
0.5244806184017521
0.52770510031802
0.5263120794120502
0.6153682119962383
0.6185924400476401
0.6184774139381246
0.6042930324530534
0.5205939383089544
0.4832551797916201
0.48876668385862754
0.43198637577697185
0.4670002723846523
0.5107276185758323
0.5551393152470857
0.5626137816399591
0.5842625704067024
0.581742870979499
0.606393658482214
0.6000834474077837
0.6029432427291254
0.557680351454769
0.5812548043655643
0.554833029146964
0.5189636435967933
0.5296125556874273
0.5394937056668255
0.5391721925431867
0.5371773161478298
0.7879378747158141
0.7634098044196547
0.6574711834290144
0.6402857857308469
0.6348039787489498
0.6280813510724746
0.39775547552838264
0.3748289549318223
0.368146894461248
0.3411418486436033
0.33786673877866286
0.33457881442186366
0.331744471661076
0.31820627667517487
0.2700984629254496
0.20801149029053684
0.20530571455406588
0.3081684066040219
0.31064271455215886
0.307604411446792
0.35606595226078863
0.358626611949285
0.36116126224509093
0.3621451256277728
0.33670813802682525
0.3416636830551675
0.34049744340065946
0.34122999592778996
0.2520414956469466
0.24625292894718578
0.2600498624605323
0.35403874222369935
0.36440613981153125
0.3815642592204058
0.3703913562132665
0.3663589485514335
0.3645245245575707
0.4881258149726104
0.29281335029492234
0.41873393407299675
0.4602464759065498
0.471154178646146
0.4335325607078848
0.4334578212457092
0.45449594553430944
0.3938384767693103
0.43092582447286376
0.45677812640732
0.47487039081271065
0.4817462968275532
0.49426905040473873
0.5024455810466387
0.4804332650361384
0.4053415411365566
0.41258518757605683
0.4188664477570917
0.42451749615711337
0.4267441169523041
0.4298588344340115
0.43154956241672876
0.43253155755372646
0.44895213821784075
0.4986347908811941
0.5160094342029083
0.5286627742086404
0.5049011302925767
0.4368318265409094
0.4396430710622891
0.44156098150066564
0.45164314067051786
0.4544748639955613
0.4568749965477914
0.4532152086516351
0.4587387202425306
0.46196061060370486
0.4648019598670427
0.4668607097790787
0.5438736834491865
0.5804112092808847
0.49989846639104146
0.688399580798662
0.697741833654624
0.4383432514325
0.4291217253795086
0.4885812123458707
0.518610342806347
0.5416456316434989
0.5135146852881899
0.5331002246208093
0.5718656977651428
0.5283614525063304
0.5265669342020562
0.5361454920456628
0.51963754465772
0.5338033624358851
0.5401276961937789
0.4930309187609846
0.4943273174319592
0.4896944196503943
0.4635178376616213
0.4701601777327973
0.3358572279153321
0.35984690565551686
0.3529586666774692
0.35230936981680827
0.33679489435298987
0.3460831278520553
0.3422786507888099
0.35383501536537737
0.3347424649520068
0.32980953670520124
0.33726838074020365
0.33025408606081397
0.2983069707290635
0.3087129169385395
0.3320611012694375
0.3753899286427283
0.3831484541489856
0.361781361919417
0.3125923007696296
0.3246926277670698
0.3473588108767731
0.3785664831825424
0.35827002298473576
0.3478027107642433
0.364828949042623
0.35779063160376734
0.35474330688509964
0.37208869165483927
0.4033918118914525
0.6834207910540949
0.7256298884522888
0.725624385619831
0.8027199140252976
0.7110177859275029
0.4353331155010481
0.3644129410626173
0.3718719193577993
0.3865013086325758
0.3066755014862725
0.34769678201797516
0.3569365137526974
0.3877998063678961
0.4034861477501437
0.44518452229417604
0.4479117910266046
0.4599524762051261
0.47719329742032013
0.48985990787427985
0.4875176886391701
0.5015949426890342
0.5115280538715409
0.5183593322959101
0.5236921768942756
0.5285333876844341
0.5327920320180304
0.5367555268330523
0.5404997165424706
0.5435364749146512
0.5232686895194097
0.4426237743679576
0.4461577135204879
0.4496259312841461
0.45343473347925306
0.4576192852268265
0.4633964281914677
0.46590121114177535
0.4677371802620839
0.4692179248003041
0.4727991845609389
0.4700800784712143
0.4706080781484804
0.46841638842690886
0.4770565546888335
0.5316083194797084
0.4713178542347671
0.3736427447352571
0.3788871986835682
0.38397051100551455
0.40266695859460466
0.4153872149370518
0.4612485347879479
0.4530820683441574
0.4432301360067285
0.4473675214779362
0.49000954808102437
0.49466069390328377
0.30672674846095993
0.3128129436863893
0.3705813513546157
0.40244770331753354
0.4204481127874605
0.4227579697991659
0.40443976505655627
0.41772896215093613
0.4527767361183277
0.40623956307144793
0.3242730336986373
0.33271433317570664
0.33112237533683475
0.3239670420341568
0.2986537493302075
0.30122777827957015
0.3182715506205063
0.31679553671646954
0.3257360466697917
0.30289396418709286
0.300335712026814
0.35354548781079886
0.35068223083564093
0.3214803710883232
0.29703127103200755
0.29624525457470446
0.27995502825375757
0.2784792212646112
0.27500258623979146
0.2741585535237924
0.2667347996283626
0.2642720287915069
0.26181165783462407
0.27390485304773937
0.26312137555945664
0.3124732020380253
0.3616774097986427
0.39282997644517076
0.3631451378559431
0.3748709677831785
0.3721447028497703
0.3655955617216887
0.4868727685652445
0.31494803129108073
0.389755658129625
0.37877894867667666
0.40002276126781633
0.40872337145447973
0.4208368933458237
0.43657854386412404
0.4224567777679377
0.39450800409688036
0.40240275383377805
0.44201973549147283
0.46620534346926396
0.4903441041191737
0.49952287647458427
0.5139271641788903
0.5273711906429704
0.5416734655488583
0.5554835569635499
0.5380742204906858
0.47440853127958954
0.4840923710047631
0.492120601754147
0.4992003474590535
0.5034583063978242
0.5047052584233831
0.503457534600817
0.5007116125076201
0.5024468497155902
0.507425975385949
0.5158022881209112
0.5267224393773315
0.5377958911824812
0.5437229618146426
0.547171872681417
0.5491261466271837
0.5527487280445874
0.5498394400107774
0.5464733660433345
0.5429934851396213
0.5444942107409758
0.5406895160520546
0.5405877366306745
0.5431989202120657
0.5645693451497239
0.5647222414362457
0.5581061108269417
0.5463875299062757
0.5729007405876133
0.5875638123803363
0.6206775697916006
0.6098296137672381
0.5874784037146544
0.5719526225448024
0.5743882533418745
0.5263829887130249
0.5231524037035402
0.5361441778236655
0.5224203305607176
0.4568353282529953
0.46321033963382785
0.4629993080144657
0.44244992448854686
0.432766673176428
0.3209013075160706
0.36169533655899294
0.36638795197745944
0.3612040273287268
0.30820035029864123
0.32640773335019685
0.2899839884971868
0.19468594828570407
0.18253103349848263
0.17894011307884536
0.17630954330599025
0.17438397739833547
0.164733049545647
0.16371570291100246
0.16224853288904273
0.18488506568883412
0.1461861693121494
0.23755485692734649
0.27557769408681926
0.273824176515746
0.3037466825510609
0.23908901759946938
0.2313332392370891
0.3309391861298681
0.35336180789061006
0.35510622928368557
0.3504100297704414
0.3489785149749743
0.3208627006049019
0.3198830660739349
0.36075185881719907
0.26887381174187425
0.4070559103880306
0.20388267865891432
0.30291524267002007
0.33147580932772286
0.33163317269079445
0.34488566619996075
0.3882966975605318
0.3959455652281402
0.39402271080063395
0.3733142474860908
0.40018212510951906
0.4196276467513915
0.41210658976256426
0.4395325727915858
0.45438311170458934
0.4481553842726221
0.46649267062136185
0.47848326712363387
0.4931968378360663
0.5157904065507558
0.5323624570377683
0.5099542251497364
0.4526787660081975
0.4657746441634184
0.47355462079554655
0.47704497044710364
0.47752725314527505
0.4764118093115174
0.4772256230977331
0.47859234654398813
0.48087936144832477
0.48385683241791283
0.48941409211724635
0.4923935281969968
0.49521949963197875
0.50213164629973
0.5111980747404828
0.5139185433390643
0.5163468687741276
0.5188210457126587
0.5231102163177834
0.519451495835974
0.5213628572982554
0.5233798074999443
0.549689586118541
0.5516033043173656
0.6328471396079443
0.5983419459167942
0.5656092066818555
0.6253259103598601
0.6295646588794647
0.5987576430859348
0.6299357438028894
0.618906748312385
0.37366285158188106
0.4156380212223369
0.4870726067309576
0.5163694484828821
0.5023616150605048
0.5172885145105341
0.5449395414903404
0.5682068026377013
0.5727578510238034
0.5834036465713431
0.3232530328646601
0.33566433371938614
0.3345223534829547
0.3341444760034599
0.3141393819089471
0.3159615137990363
0.2928543976874304
0.2834189218366687
0.2671794689371993
0.2861689632686079
0.2631745809254238
0.2606958662892602
0.2741695009512767
0.2913442435628054
0.2607673661007379
0.25273650150526294
0.2685196003349119
0.2725141169926807
0.31941742546956553
0.32006352691876655
0.323347428765226
0.3233362704585603
0.5906927448874417
0.5926234087556792
0.5978210353016938
0.5944263983786767
0.6100171059062128
0.3279464337015509
0.3150511256987631
0.32063270724281634
0.31672405271196147
0.3157764598968597
0.49778978917336064
0.30551546098132887
0.4207282762148308
0.49017254311881775
0.5084079810647847
0.5306222879507849
0.5326931210494208
0.5346278831003319
0.5146223934918973
0.522804486000563
0.49795287751017897
0.49871332791807393
0.5076119297399302
0.5236924408991004
0.5358414152456761
0.5449912047943632
0.5348296435346512
0.550087419247908
0.5615832463829565
0.5703529982028558
0.5765301294440555
0.4873083954566933
0.47939182383462453
0.4824637888457866
0.487312038997298
0.4934312630323933
0.5007425208620759
0.5090159156697011
0.5164229444218472
0.5215106276134003
0.5250172016904782
0.5275831571200179
0.5316405751774489
0.5158094888065049
0.5066098711805
0.5120587858031072
0.5213644559191376
0.5197663151450255
0.516316080991233
0.5154213127726668
0.546479631476872
0.5869565652391908
0.5898509340719905
0.5621065220095621
0.6037264943372973
0.5936099311911531
0.5462721840764128
0.5231462875197102
0.5969434180811125
0.5937819665836436
0.5503928982126781
0.5467965654954927
0.571907945241316
0.5518777115119785
0.5328280051562936
0.5338019024722451
0.5410995872341718
0.5425683897001338
0.5384405906806374
0.5310893967966241
0.5020159490618543
0.4785123819822149
0.4804629713009295
0.46773878770026617
0.3655564674438677
0.3463034478744904
0.32875219451566684
0.6706678242161321
0.6389478789382327
0.6378858058516338
0.5986078619810485
0.5272781104141702
0.5135216058631503
0.5121957186170842
0.2388457919940955
0.1953300707898976
0.18511300518287627
0.18339785302917774
0.2047116011775356
0.23383216069635018
0.336183350622495
0.33378472960379013
0.33221520938037735
0.3311301694655539
0.28644532033651315
0.2989936312026965
0.34546704789463667
0.34272911770663644
0.3054752686198746
0.24914258159835256
0.24890946646521273
0.29625282324024316
0.3700802564260287
0.36733808978790244
0.36367837290308247
0.29175041997439594
0.5320107060172465
0.4460490841946473
0.3718262358929205
0.4055276533678985
0.4093703777250693
0.42490386557545456
0.43037314817818856
0.3577635108507987
0.278755809508532
0.28019320375719864
0.38589570753267877
0.40082552108308683
0.364470478304852
0.31720485909453877
0.3010091979406223
0.3273900031381737
0.3403743916914751
0.3571518944111915
0.3688833756858624
0.37675894940763355
0.38334452066348157
0.3898069754409183
0.39596131778348603
0.402199746967546
0.408450042212592
0.4089758381651556
0.4082198911975033
0.4068005550993682
0.40686723287995996
0.40766878267209455
0.4090769409110974
0.410975892783295
0.41710070846328845
0.4180787427452606
0.4183910685124657
0.4184049197135717
0.42231676467808416
0.42143062117528296
0.5071648215708584
0.5093390358973912
0.437675216691704
0.5008558132381415
0.5112288031523314
0.4559402416745367
0.4651720241862884
0.4636765241227072
0.4261912295423199
0.4395155108520779
0.4424014346644736
0.36687857911705984
0.3633024610886777
0.37405812681925343
0.419222562803191
0.41467861939713957
0.3840635231384487
0.36480603229700714
0.3707558390388837
0.36207696003829953
0.3680423971338256
0.3798403685988616
0.40726490535295085
0.4438606621767851
0.46579414231785055
0.4318178399401448
0.36581272378345003
0.3765984725792029
0.3807117328771806
0.3943221537775182
0.36866890203175
0.6347714125233759
0.6296773955339227
0.35453447077574574
0.318435974695026
0.2215992378628135
0.27310048586215213
0.317350764152026
0.33301278513937715
0.3146245214208376
0.3076456242041987
0.3052583738112496
0.3253561828482107
0.3287676635380979
0.3297793577743421
0.2970502127239172
0.23283523787093685
0.23243638315829476
0.23093621698447217
0.22981504658181012
0.2642737909488861
0.34822940435516736
0.32092321584559685
0.2417525051632219
0.2543828007344573
0.2580004256333695
0.26235863761683337
0.3633989511642218
0.4978150110576678
0.5793527308582712
0.6152672388756505
0.31359736444994457
0.32195860167687024
0.3582142628432681
0.3778850524568763
0.3887357088414558
0.3871939286377262
0.3910117638069222
0.3987407707616441
0.386176459028367
0.35415801215175025
0.36362563878643506
0.3595602951342366
0.3739964798516053
0.385556655588883
0.3952434401994125
0.4021481650442047
0.40721141267907496
0.4117522565920952
0.41642336716196043
0.42088026561772385
0.4253539288125839
0.4290199108795035
0.4314569379601662
0.43290303228792193
0.43379108681578443
0.4351085633839312
0.4355386484532675
0.4356820289755372
0.4357327901319067
0.43800488521955877
0.4376375351306388
0.43717094394859984
0.43676020787064035
0.44069822867905956
0.44012976531788817
0.4442939239290787
0.4827659615392175
0.5458441683135412
0.5364350202160648
0.4340602431425216
0.4571276401925336
0.5049587019776411
0.5062669197679731
0.4881735977917513
0.45994731259743366
0.4945020762236347
0.5085872372773633
0.5149130815655171
0.5149051501954165
0.545611119680582
0.3641612671922516
0.34142249847364947
0.3743730087512741
0.3765841059083404
0.327601258922391
0.35995994470593684
0.34158879036225864
0.36519632636406285
0.36572363478294356
0.3454084358261664
0.3434263418511883
0.40533058476561074
0.405332196393064
0.40528513827148654
0.37612927895345044
0.3789986192297956
0.35395702099435933
0.3525546432789534
0.3495876040455089
0.35683690010280317
0.35584741546181564
0.35457435239398427
0.3534565139146804
0.349059410682672
0.3485270285005881
0.3781142044206296
0.38371680951190873
0.37902655334715435
0.35395707484854005
0.34607757502139697
0.34254751423579577
0.3528485550020272
0.35728285114284686
0.35884965860572365
0.3625492403007407
0.3627843100066543
0.35882389706913265
0.379615947230116
0.4017433743584135
0.3738160197930365
0.3836014887011883
0.37585383455475724
0.37073707070396533
0.4988231699421445
0.31625748377823365
0.3811999565768822
0.4123955063660994
0.4096090316748079
0.4216021974681714
0.4057824803077431
0.4177572637265691
0.4045842244093123
0.42364428995499426
0.42606685644904807
0.4442545354782634
0.41066847219119273
0.44351118170220355
0.4616353899553538
0.4188866674017411
0.6968551746527064
0.7125093461687361
0.7268958423222138
0.7374370249601584
0.4979058640315142
0.5032873017427848
0.5219545856937379
0.5260768588365982
0.4410948123845378
0.4497281030758064
0.4569071787364575
0.463112408057872
0.4679326212702868
0.4704436071158073
0.47158200513001247
0.4719131210854906
0.47723234662237757
0.47699696343620696
0.4777107732154752
0.47927517660922647
0.48657938130544875
0.48637718789317175
0.47053168480614016
0.4604996587934965
0.47455441760624056
0.47377945495741314
0.47288908263179885
0.47921967139136895
0.5170193832008381
0.5712056883078844
0.5782470718307805
0.5893762571559319
0.6191263954144846
0.6108414689460564
0.6149876601451224
0.5740778699649199
0.6163132513574094
0.6262787916001044
0.6199402330255899
0.6252822567907691
0.5529539644710844
0.4384414681000867
0.43873285342792123
0.43770303662625293
0.42475727318001855
0.435727046596928
0.4451417123824345
0.4482488477175904
0.3392046125381312
0.34791073170838904
0.33991208839554804
0.32768591128973307
0.3021494348080775
0.27755441226295874
0.2734730413131692
0.2738461029038354
0.2574500011082713
0.2766824959612924
0.276282383186262
0.27563312998475636
0.26696550588682944
0.19271454760815504
0.16080896773058534
0.16240270988774036
0.15101697451110016
0.15045612621381
0.1496374215070086
0.16818322868897728
0.19306799759790824
0.1488422816960671
0.10402333334806273
0.22561603407052747
0.19432438955981213
0.12078693220856627
0.08531437956108785
0.12078693220856627
0.11762606570867827
0.15306146561442407
0.2195583056219796
0.17375674657283158
0.5093148616219175
0.6361379880989761
0.6922410864691004
0.7109159398598448
0.686717057958233
0.6435049662148928
0.6340687944501068
0.641827956510678
0.5963913750710633
0.6069320967205231
0.609671967610774
0.5727554919276351
0.5776338077926952
0.589194347191881
0.5975531697897081
0.6035515293928458
0.6020036142465451
0.6000169640204619
0.5104256194928437
0.5148489366007926
0.517406014107983
0.5191139604480043
0.5199837734321298
0.5205875934622278
0.5052551425928059
0.47853189892186565
0.4604296085296892
0.44539402333701883
0.4349098356931611
0.4209841593645443
0.41657444336671695
0.4130799758069092
0.41133114746338284
0.4114429401352378
0.4290564851572106
0.4594047626996714
0.48618330378678326
0.5006446717290671
0.5104324714443575
0.5174221191176103
0.5233350161505217
0.519047525634294
0.5145072653967603
0.5099778531993449
0.5498335618476694
0.6312525755261331
0.5774148786434118
0.5297479952126174
0.6178615782520918
0.6063486217798233
0.5762557327588421
0.5515238209833062
0.5530872091881582
0.42903037859399906
0.5063903792382842
0.5090664369416928
0.49479864248300703
0.48035293585171207
0.444545187685289
0.3899755697645382
0.3856101243097631
0.39564321014292986
0.39440550304240457
0.2941605859158148
0.25911916058278284
0.2973611111908091
0.2776930478672904
0.32204943346423387
0.3559670400396557
0.34101657352211195
0.33363263332365306
0.32994249261022773
0.3213724867125979
0.32122100130098685
0.34384569856889524
0.3440305571458798
0.6074199292173363
0.6043309478550956
0.6547748295249924
0.6414440942116953
0.5526614847768342
0.5532888481363085
0.526634524795667
0.3251956130805468
0.3427492357415202
0.33477654784494354
0.3463188961272658
0.33994784560672087
0.3253823367599342
0.5887104751314892
0.5837376667079441
0.3163637697147051
0.3057502023738467
0.3192329204144855
0.2669836040669086
0.2618800124231238
0.5093342371392391
0.524110528007618
0.5201702769755506
0.5597884649883249
0.5686129916563287
0.596276755789805
0.5966376716090176
0.6057112722306415
0.6104425864774513
0.5982807310818893
0.5939249725468005
0.5899136518586798
0.5554557780990294
0.46908228300869276
0.48973395945031833
0.5058256170739104
0.5188557829820114
0.5301723985913759
0.5389416710109388
0.5461312834898712
0.5511811469166503
0.5548681161917284
0.5571208862098574
0.5585520589169198
0.5597890851574269
0.5605731226303041
0.5611260436730444
0.5617103000508185
0.5637184578837247
0.5654097678894616
0.5671898031510477
0.5691663947340275
0.5733895359004471
0.5749869312985331
0.5765327931638018
0.5782031040940939
0.5841075511630079
0.5853687299503765
0.587684444145388
0.59088286719249
0.6018171346391726
0.6190957918169598
0.6509967545047298
0.6561746440408932
0.6445454167024312
0.6484153687068082
0.6467431500634818
0.6023221095453873
0.6453139622575117
0.6316957459021321
0.5342028552622196
0.5432191005690604
0.5726952059334168
0.5289382051167866
0.5352196052264598
0.5348695457150391
0.5047082773408128
0.5112543005652792
0.500361196528229
0.44001381450767946
0.4183650054204934
0.4348982648042281
0.44189641661835355
0.2995269084697171
0.34689536018557854
0.36626086224972937
0.34378420420768396
0.32716128093200253
0.3009161395930655
0.29737161440469495
0.29426467920581245
0.2975195324933647
0.3050483719750787
0.32430381759279137
0.3235770826355953
0.3272390036551466
0.31760784042412266
0.3169586769128554
0.31407476296364656
0.31180155281506805
0.3034886434517969
0.30203181045225785
0.3000694641154508
0.2978389915691483
0.2993844165750492
0.300771675661617
0.309952306525405
0.30061909645815865
0.33900874755006705
0.3476256389035598
0.3006551264299706
0.297265634215188
0.3083966809996489
0.33896689176218525
0.3638008129829455
0.3146722560261058
0.4972877162865298
0.33173505635513884
0.4822066823681092
0.4372140881844649
0.4274189836239741
0.5098243620911483
0.5560072359001741
0.5780824791900183
0.5720012249086606
0.5910277786498959
0.40448605651366853
0.440288378943229
0.49054780462653585
0.5398697824365984
0.5845187174035031
0.6173915676903979
0.6380324281627905
0.6516718830771693
0.6657516631733507
0.6751536310764672
0.6831938401368532
0.6912588986502183
0.6993000453579784
0.7075293311935293
0.7138166792076065
0.7175603120610787
0.7191375214090319
0.7195251852300167
0.7205315916151971
0.7210125089113177
0.7216839014354792
0.6790125823853522
0.6214013912781156
0.6236484929015137
0.6263084781401564
0.6293971263796305
0.6355488406313512
0.6359853447474177
0.6365435302036372
0.6374512931489483
0.6416502676085033
0.6391357398357254
0.6465800203370695
0.6433421902527595
0.6581489424537955
0.6536486665552077
0.6705980907622069
0.7059937506325369
0.7446341510797402
0.7018791779466096
0.7118695786305246
0.7135205764945318
0.7328091311321577
0.7157167480753626
0.6233005859456726
0.5739417023406174
0.5688506815167701
0.5585301727160141
0.5603748990091042
0.5465902916007389
0.5425632344134362
0.5253641948210174
0.5095551892583666
0.49464372796107486
0.23700907189390305
0.30809485845844986
0.3663773009485452
0.36236465091558673
0.3310408186998156
0.33466850343329974
0.3272543752336853
0.3009372937778821
0.2903615502426057
0.2897889903211112
0.2866831510892941
0.28128985977904025
0.27162470267026995
0.2705589519714648
0.2750347044280683
0.2968912352437297
0.29100723684550994
0.2948719987266588
0.2931493887222827
0.29258077670935356
0.2944192589670561
0.2932124091524503
0.29163936069682145
0.29072786483216045
0.19150072068282709
0.20794861882930826
0.297265634215188
0.297265634215188
0.3042448806322996
0.25794746297183163
0.2746203430254252
0.3157048565122318
0.4929379764040437
0.2752060356490134
0.43595646084638817
0.5049260745190443
0.5290225007306308
0.5403656900596927
0.5448006711406276
0.5414842149374721
0.44915036971685895
0.4315340906146013
0.4818344660291678
0.5024124475230802
0.5136939699634491
0.4424990979283671
0.4384233092736108
0.442962208018016
0.45411470074746213
0.4620467889073493
0.46597509929910974
0.46731899912695574
0.4672939532756719
0.4667463882245242
0.4654071387161279
0.46366943870582683
0.463215746718608
0.4634252633302626
0.46422114523393726
0.4655771033174546
0.4672846483162699
0.46785490415720876
0.46791652666714234
0.46778385257281463
0.46977415485711854
0.4690360129641514
0.468113667613792
0.46718038983195354
0.4541978127964082
0.4418491259680989
0.4527101272737247
0.4587584406207953
0.46980348012745404
0.4693333705664628
0.4751711157551865
0.4678562774661521
0.48834622632525754
0.4774197358425759
0.46754522931638204
0.44143463763931123
0.46336118683115707
0.4563194506995266
0.4477053255592015
0.4415204580336462
0.5024430716804366
0.5435541323333126
0.5493082986429517
0.5195855238239383
0.5049381799907212
0.4667085492137648
0.4621048514202947
0.4835852508306441
0.43795292234925676
0.42772269418694525
0.44065637241960004
0.40183595492069224
0.33634162728821343
0.35192192145839074
0.3486063045662193
0.3489832283000972
0.323370472593807
0.32142742219513293
0.31964960561820505
0.31847386258539134
0.30591462463766883
0.2355958181711102
0.19626888710779933
0.19401683898110236
0.16041157517822585
0.18149401985628605
0.2604023511180488
0.2571770389078851
0.16494754950461157
0.21357602119183924
0.2706663083868303
0.26604623339259614
0.26192058409394514
0.2614665678621005
0.2950613343708683
0.3087058385978255
0.3062089786508099
0.30078391532652854
0.34649045183081745
0.34150152658171357
0.3569387515504848
0.40010565150880534
0.42255673696524654
0.36718185886888294
0.5118258079922567
0.3366205769908596
0.6132261101474201
0.39219689807710645
0.38304333577984034
0.260446751954585
0.3231520916770529
0.35626357604928305
0.364337811726044
0.4140805041587773
0.44975210932848636
0.4745734375238002
0.476015653983405
0.42629622004636714
0.44526791212922096
0.4843046530018066
0.48368637060777464
0.5160187116613789
0.5339779813027319
0.5512039922860247
0.5621945916045453
0.572569931166286
0.5807093172204599
0.5874621170615161
0.5928052978178789
0.5979704931105162
0.6020685041360968
0.6056235494287104
0.6086207976069318
0.6106952548271067
0.6121006252555494
0.6132114950574533
0.6158995008472156
0.6200429396842508
0.6078844787334792
0.5240363002656959
0.5339218850239709
0.5396811259321784
0.5300557351835928
0.509942345098633
0.5200169397132605
0.5256257366921075
0.530240407454272
0.5321446053940286
0.557558098438603
0.5605241868798764
0.6127894422693293
0.5913766789618516
0.5865716861336558
0.5804811801754632
0.5689788664131643
0.5719513586447094
0.5767250233970894
0.5554952891654598
0.5573071466544129
0.5485608063339463
0.5393285216594176
0.5072894418652679
0.40051209344672384
0.38660890516985846
0.3535319994097515
0.3126601040029185
0.28528543569294174
0.32097722598539946
0.65416025514362
0.5731487964135246
0.27883551108802085
0.2538469403353703
0.22790846210333623
0.29285937507327015
0.3280687979326142
0.3277567942882625
0.31216529653476344
0.3092938541944894
0.3082075265920745
0.3053832468340409
0.29031082998197616
0.23940098648683814
0.21959395536530843
0.23891054608576384
0.2079374476093636
0.20580229754884305
0.29662498874738336
0.3369072923034077
0.3566781701117872
0.38737490003753633
0.3466025199178554
0.343308164052149
0.35522032239088613
0.35389372453137197
0.35305004712855426
0.3573994537541362
0.3664627091383237
0.3659767885802845
0.3659268988741371
0.2693467442492696
0.4065027868617383
0.3837791982274313
0.34918312913746
0.40498104082021275
0.419414714168714
0.43233445048933383
0.450559544395346
0.4105700579854424
0.4077430981874685
0.4268387506193038
0.40572714557422124
0.4430521358983944
0.4403085806467155
0.4577041121951263
0.4945286547076151
0.522675730633596
0.536076304614407
0.5267337741530266
0.5531298122135507
0.5725970341852853
0.5875913047760116
0.6023741005599094
0.6149065055662322
0.6261078371910319
0.6061170084738239
0.537792751234567
0.5446060413082364
0.5506229408100208
0.5563728549397459
0.5616291612352297
0.5649719495925971
0.57156640313661
0.5791638480872995
0.5828218814015379
0.5793334700486263
0.5831763638771645
0.5889464161543937
0.5882072934360728
0.6623427461797278
0.6616683436211024
0.6809690711718553
0.6285676166133208
0.6214177343637193
0.6320020978022647
0.6061088306611073
0.6025821489785884
0.60347424360892
0.5640207611391254
0.6399492693861148
0.6406588921431559
0.6304927689645017
0.6335409329167345
0.658300874775765
0.6499319570150303
0.6383043676095863
0.6053992241045976
0.5280155416948504
0.5181694713317231
0.5526640521832527
0.5657045954802348
0.5490388978534808
0.5414900697948224
0.541793355159153
0.46173972360770327
0.23692393998702937
0.2613428843501102
0.3751017730097914
0.38018648035312425
0.3048127890712084
0.24629380727010927
0.18883911526399058
0.18909975301969922
0.1979596390478885
0.20988182832812521
0.5683095468658624
0.5687701904163884
0.5599681781293525
0.5585168131103501
0.5583741446226633
0.5633062224954963
0.5514634577120001
0.2796021528676962
0.25410501225813553
0.2510192666104782
0.28350939341903886
0.30287732632745534
0.23367058633938625
0.1815886318379145
0.19053158523740188
0.1917320375035231
0.20135960442207565
0.23986987209628594
0.31611054067144634
0.29929661616097486
0.29965627990562516
0.3232677865055055
0.5479488253648571
0.325075079982617
0.4792123878906539
0.5611325112470054
0.5768664064348266
0.5947457831388047
0.5546343112809915
0.5568928818846699
0.5519946833202941
0.5686659385689925
0.5851228495283659
0.583448177939079
0.5713569352013622
0.5951125202056107
0.6115550389303376
0.622233697693754
0.5911907036760505
0.5354068204675976
0.5447883870512611
0.5542686785187579
0.5613704081992678
0.5663830912844835
0.569170538540274
0.5707636921979988
0.5734233864985883
0.5764921005017829
0.5799112596631749
0.5837668561023222
0.5886575935679157
0.5929914815771863
0.5973360780013364
0.6019549103101721
0.6070466801964952
0.6080251576519377
0.6077851421966919
0.6069891231144418
0.591899518659956
0.576547960510247
0.5837142795597914
0.5851116914256413
0.5969219700321612
0.6224422775809294
0.6657619310739367
0.6767880415530874
0.6683618959505191
0.6823096486479931
0.6896423836287197
0.6623744568610304
0.6110049027442154
0.5989353749195622
0.5823863541364327
0.5632242802732045
0.5631307784673912
0.6209576002534002
0.6063677244668564
0.5016257758788336
0.4778364615585759
0.4593217859039488
0.44192875098938045
0.4246697247993844
0.3881512689988444
0.3578931125423164
0.40902862102308346
0.4298435674181002
0.3715821120426724
0.37952161154639147
0.37733779513690063
0.3747776139700757
0.3255765896126103
0.30456062589759625
0.21321303291126262
0.21213688276675685
0.1969596915847063
0.19351294048584142
0.1899402379004164
0.18695471323978974
0.17752326640737065
0.17573034850848288
0.22757807968106894
0.27866971005518565
0.24740102145025192
0.23455085418858976
0.3508874697836247
0.3298210128073226
0.28882079921506915
0.22815431169438025
0.22578715472584365
0.2244510902524978
0.19329950118050568
0.22999635169180638
0.30288906116419045
0.3406624051352403
0.3534103441043268
0.33742833946990064
0.26545662218220284
0.3551838325157816
0.5129367428345458
0.3234028861674255
0.453049282552232
0.4389376857658071
0.4082346023617312
0.4260057696869854
0.435476035854004
0.4439418657407783
0.45869935835074604
0.5294465665094374
0.5382277579071395
0.4873066045969731
0.4218935862898683
0.44394227696929084
0.46169146574674064
0.4210994830750746
0.4409837132142587
0.5081134921333025
0.5582691496486524
0.5380398015562123
0.5800157565396971
0.6119180071722664
0.637101678899272
0.6565509344906306
0.6705551793173176
0.6806366310422354
0.6902588321308213
0.6950822138166367
0.6975854889905805
0.7020953591958758
0.7053168336431244
0.6371090743069457
0.6074505313116952
0.6107669701862224
0.6145661408531942
0.6188473992245905
0.6263354846541562
0.6282683881309857
0.6306586562676805
0.6337028311982469
0.6583478389109725
0.6792829830607108
0.6401085102581922
0.661435201786952
0.7047483134926948
0.7194641246833661
0.7247943415636118
0.7229068371201723
0.6746899342790158
0.6265408252550733
0.6214838832906509
0.5966353475415775
0.6012299412602099
0.5787438057919364
0.5570128688981624
0.5361310023241121
0.5301201807925114
0.5008018211658822
0.45976342981943474
0.4260217587334765
0.4036188856729044
0.40261017285051637
0.43908803790317275
0.4860955139030111
0.35318658131822567
0.3170872557943531
0.28100212948303516
0.3686497627871849
0.31136277465815515
0.2610573619656886
0.2640998958888793
0.333633398864586
0.3327831774907539
0.33776763522000364
0.30471194565599324
0.29465431718712926
0.31606968487860615
0.30799908835873774
0.27902189666947
0.2789468375299077
0.26615279604772835
0.28868359884376443
0.29083068885452223
0.28755357470981624
0.28903841387140466
0.29035312946053754
0.3305897752101731
0.30007270582093365
0.2677537238676773
0.22720459015100153
0.22720459015100153
0.2482534631447773
0.2034929618169815
0.27017747939702613
0.3037430143833605
0.2535250369517467
0.4357160804875604
0.3041353647790279
0.44168895093079524
0.5090031542662862
0.5459909373226575
0.536356963078852
0.5713447707550386
0.592712501960784
0.5580554284290239
0.49918839833330875
0.513094021120846
0.6133210488013698
0.5936648625264866
0.5281618663137456
0.5373141234707062
0.5399564162587441
0.5501833034248612
0.5598362058394192
0.5676029851254117
0.5741143802273131
0.5796966926903122
0.6284825893549755
0.6914796985287771
0.6503500873792236
0.5970735183759318
0.6004348964332031
0.602451998339708
0.6039783446370973
0.6078489090405529
0.6125969924762192
0.6186260756576645
0.6256709092250797
0.6342484797244575
0.6392175272735836
0.6432085291473427
0.6467381125746711
0.6538466831685341
0.6558833041583542
0.6585924778914445
0.6619339081794542
0.672166065632567
0.6594451883912306
0.6777576244470506
0.7248841508813445
0.7411154576586527
0.6923737424445282
0.7013010333238645
0.696304036338636
0.6851230931102243
0.6985473913808273
0.7013989548181561
0.5152621825212198
0.6103461788871343
0.6322491252444965
0.6402090570565153
0.6402566062817642
0.6357298732243
0.5945522380837078
0.5679847665406064
0.5583823506267765
0.5363893706327137
0.5118779794449622
0.48437134795468134
0.6990940429057659
0.6572414280438084
0.3984015606404292
0.37370343807677037
0.3749070683279152
0.37133622053072146
0.37008527838293465
0.347085484742107
0.37538044292843137
0.3251409725667093
0.36527813138855647
0.3615168248157077
0.6280241150198865
0.5963316100398756
0.5946076193604014
0.5934944888640774
0.32016798271679303
0.28701651690280816
0.2862392895479173
0.2829238203939571
0.306629057280704
0.264224413924572
0.2051189598920379
0.23540012805287486
0.2344382092135058
0.24560804515834428
0.3336494067564553
0.3548234084749353
0.35095339225213784
0.3624739241301412
0.3639240863634341
0.36712548504928855
0.3299479099934722
0.3808580582347982
0.1728770053663142
0.28941359551410756
0.39495152098080993
0.39253414791053226
0.36019519558238017
0.37220359670902575
0.39732644603605116
0.4119962393629534
0.4218589055310029
0.42844557207076917
0.43336190478244463
0.43844847430130984
0.4438214046652244
0.44808478692829873
0.4518335766626073
0.47592104323713735
0.5623648074156005
0.5395246162369373
0.5555832849766927
0.5484228197711888
0.47141839237865973
0.4757187124767716
0.4821465910283601
0.4864357202518388
0.4890890761917669
0.49070201027261484
0.49187473299994705
0.49479595890530503
0.49811849862886
0.5023004258763478
0.5073365040210517
0.5140999431777248
0.5177915213273139
0.5210141451323103
0.524034925717439
0.5289840737058413
0.5273976154333213
0.5252609655819261
0.522893028773628
0.5248494263312468
0.5209643383212653
0.5035220246237514
0.4933793719249714
0.5353494217548043
0.526528262535447
0.5269100096542436
0.513847198061264
0.5365354512679447
0.768082502293818
0.6984238218070784
0.6932940359102739
0.7028511879176642
0.6383701477719472
0.6233997137433165
0.3477309424863552
0.33602302232260506
0.3316960967827696
0.332739861542554
0.3270808303574582
0.3280976777897466
0.3255179907261986
0.30267212056656606
0.30659722170279297
0.34652378522451066
0.34653239219668486
0.3464600106635977
0.3447565536784326
0.3190132203886454
0.32068276086029074
0.34161525419032707
0.6103544065667946
0.5970846945214449
0.5967450677900117
0.5955042391181616
0.6178126369579391
0.6310240041781812
0.36364950794407064
0.3437475283387311
0.3615183237842981
0.31399359964076173
0.31129268482817196
0.331751005279764
0.3296757079025131
0.3372610344984905
0.33495600224478284
0.3313351308429835
0.32982357157456554
0.37455356386244026
0.3763655724341795
0.37679138700086784
0.3844734127776662
0.34962053700553763
0.3423559947097864
0.33955816690775265
0.3372179027049323
0.457051968897996
0.3794008920579357
0.30556574515789897
0.3017101152849414
0.3134839967350658
0.3337561325672119
0.3387996834566421
0.27467786210880646
0.22289149652891174
0.23122814414075582
0.24303151405453544
0.26933024656295174
0.2902547090864628
0.3068925307743824
0.3215722320153184
0.3449102933481662
0.42287732550647616
0.4067172658261558
0.4046896054573319
0.4334677609047312
0.4575768300157323
0.45369869676431457
0.3903416233292481
0.40554379388562634
0.41544227001798245
0.4207659832166788
0.42232119544972707
0.4212939287744434
0.4246981353894947
0.4314464505222724
0.4417069898012102
0.4545757612491749
0.46709933584357977
0.4743057251177751
0.4829274688741444
0.488682037871251
0.49596636573377656
0.49692960964730876
0.4809689234003238
0.4534667268038916
0.46706054091093724
0.48920707301975275
0.5594332498948212
0.5812830341432605
0.5824541947545758
0.5810914213637295
0.5913762825702368
0.402957602781262
0.44983755527799957
0.45679500553486124
0.3219976382695359
0.32880581503262996
0.41152559512659825
0.4508365865096549
0.48443539554659526
0.4618591315600985
0.4834454583678164
0.453085059923769
0.4301461303928429
0.4704726395790618
0.4932758717326149
0.5068079206383987
0.5046969321001513
0.5144395662873372
0.3303459508067804
0.3340532013304834
0.33490441010915
0.33404571195906796
0.30953068502464753
0.28645958852685494
0.2840685384397314
0.28259073165594506
0.2758481038428478
0.2699323817360467
0.2683213808448462
0.2951441002845447
0.2837005348354999
0.2816758665457369
0.2947548818245263
0.28502325995297345
0.29732566696850193
0.26154335838933435
0.2540823802208745
0.27080625392789665
0.3020450696525439
0.30169809994292696
0.325757721409394
0.33093977089714627
0.3534229786007349
0.3512164922291437
0.3508190815893145
0.3509248569492688
0.36395401809678696
0.36435982586122323
0.36551590051783844
0.3657589001418654
0.4949879209628817
0.24137820894267567
0.2652393388581905
0.27932867574254605
0.28515603622517605
0.3018950976556191
0.34471672161667605
0.35221721593814215
0.3665862906657033
0.37802592714243494
0.3912618445572163
0.3909482185098531
0.3625784499822357
0.4354341113759354
0.4512695883070025
0.47250933303447784
0.39080393417191744
0.4016507663258542
0.4158631267318365
0.4286317610559535
0.4382128177306622
0.4455367795243288
0.4505822584343814
0.45423364741818323
0.4596738075212302
0.46640163578598154
0.4743085005198274
0.4831928846784001
0.4881903691132572
0.4884830606090734
0.48537393125930456
0.480549188259694
0.48100241077678435
0.4997688145944747
0.5435510026808088
0.5579881300310434
0.5370404969417044
0.5567840102985642
0.5717754504927512
0.5326628532011292
0.5610643791862651
0.5760385561278826
0.5597780345119769
0.5603542544943749
0.5598344264653957
0.5220664087513582
0.522319385598785
0.4813491128981378
0.3958258701276803
0.40359429266536384
0.4147524496512759
0.4391895651883992
0.5039028043802933
0.5257470936098476
0.5177542499235933
0.51908602168838
0.5259682844550355
0.288928944446235
0.3388602820509803
0.38844621388129197
0.4167998407395205
0.3807872820408656
0.3656705697183766
0.38276453504219415
0.3241554285607199
0.36591858064477834
0.36185236658362896
0.35875074608115176
0.3430747935130775
0.3143506330649823
0.3078938547608224
0.3066985969015251
0.2950599795230899
0.3160485070483105
0.31562343251253
0.3146173775361133
0.30755946062275247
0.30511552831216654
0.302818162274897
0.3004991428590471
0.29199946041326325
0.34437474849988586
0.3464456124290099
0.3482962590705731
0.3720407325985554
0.4120756850872665
0.40034181801661006
0.3565993506162551
0.36675032926404755
0.36602578998996144
0.2888769361675102
0.25988588228201676
0.3667450551709032
0.37732769705228386
0.33635711267190366
0.33487721420578226
0.46591619138479473
0.2855757775242697
0.2745534911394912
0.2739313992061816
0.2741600774096544
0.28483573461577905
0.28909162195102067
0.30168110542909193
0.32433052156154096
0.3241166339022152
0.2855274844818316
0.3308553233300112
0.3488938260942729
0.37988174018061316
0.41635811619542507
0.4438685159333361
0.4609942378931184
0.47672391055566204
0.48757828279233284
0.49509783923723716
0.5000798722558417
0.5069879113965207
0.5132755959928369
0.5191501788489397
0.4894672740078204
0.3830341895181623
0.3860353434555729
0.4083991975836582
0.4289456915046793
0.44556226567834295
0.45887888403325855
0.4702340845082194
0.4947550754096198
0.5851515707737855
0.5785218503046932
0.5017243074748968
0.512689341854601
0.5174922451982262
0.5225676001384131
0.52812421534685
0.516763473235012
0.5006358253890263
0.5179502742308768
0.5291818224166256
0.5922657417469657
0.5943832975008777
0.5625815116493231
0.566555478760809
0.595069278442461
0.5883919165483374
0.48088084836325434
0.46821391319426725
0.48510726248292324
0.47225432929384586
0.45803805886358034
0.44299918355439477
0.42442236585893417
0.4160190237557154
0.40597118834124646
0.4699272895966933
0.4731460440039032
0.4473975000970873
0.6555111643671139
0.6250610998817635
0.6502509672310647
0.65240035914023
0.5540996136621564
0.2794146451356884
0.27683972454877503
0.3356675034652182
0.33422846212593216
0.33165040885880404
0.32036104317267816
0.30198385935704736
0.20746442628697329
0.20575776657998363
0.2186051789762485
0.3317438470549582
0.33159218776622695
0.32720067178912965
0.3183283409010369
0.32767897439572274
0.35799715870075155
0.30677557593581606
0.2500054769974547
0.2508599703986877
0.24907943092401377
0.24734074588003288
0.25912014425205654
0.2584998464694369
0.25708437278378116
0.2556578842887704
0.31199920442141
0.37492611637982715
0.37738282564484293
0.35955824409000275
0.37413045270386314
0.3007163742067698
0.24447709036747775
0.24843934259783462
0.23190377855322689
0.2530459260125702
0.2645091675734501
0.276174340357162
0.29194735103704456
0.29436448981614033
0.2917879433436343
0.33483417284160655
0.332189240125903
0.37367467029974755
0.4061556387505402
0.43138574189902074
0.43740748730068557
0.3568368259442069
0.36498462791610353
0.3701089979399454
0.37598161726028817
0.3835752009805264
0.3923040330867792
0.40180070506898513
0.4090728333855171
0.41357069221869813
0.41565169546989295
0.41616752554474234
0.417882155573852
0.4197755719458001
0.422345040371291
0.42547954889875805
0.4305982056064139
0.43299832177455116
0.43532490580174676
0.43773263231875775
0.44415020121113974
0.4457700130223324
0.4519710900043952
0.4526060568780546
0.4669877016024633
0.4827224001713287
0.5183742223812101
0.5241928038817232
0.5559603346163048
0.47688130817721225
0.42789831782210347
0.4166651625348079
0.43554456724371965
0.4273221192324524
0.5054926522200537
0.4903204373313868
0.4848473049807582
0.4663038653623025
0.38913915237021157
0.36197841090868
0.3868457931588597
0.32763335489460116
0.33332528382930054
0.331971714783109
0.3293911755689785
0.32514947981686093
0.32266918805830497
0.24954076900538266
0.5693513690827964
0.5667317411556262
0.6342163195842667
0.6722155066974587
0.6468668489085487
0.5437610778774227
0.5437514273380011
0.5437469761034132
0.5971663525416094
0.3718627613906025
0.35245875540937704
0.33997837263921554
0.24086654093538232
0.26082675313833464
0.2605026708175493
0.26018947723466695
0.2522315620665378
0.252125682366104
0.3129636114024722
0.357449353635017
0.3419942149822309
0.34401801410028626
0.3326030987503952
0.23778412276451166
0.24715912991157932
0.2798778962405717
0.3495116045499162
0.3008687489633069
0.24786452718291055
0.26250685571038135
0.38727508088212037
0.35778292843152737
0.36855679209381825
0.2926199713742472
0.3400584430240579
0.3241368158604359
0.3013176000694117
0.3025409605298272
0.3021232764653988
0.3023231113798254
0.19692168525110684
0.17553846612270146
0.17455756175579448
0.17424600552890027
0.11752502255019033
0.10908299188392243
0.11489634853670508
0.12518089519263936
0.1554955478155796
0.23904171545430813
0.3273284723449347
0.30950324793151085
0.26980820295720126
0.2764324721686893
0.2841943782829057
0.29261321879233254
0.30148292529687304
0.30996999040397794
0.317989155750334
0.32572856513654064
0.3340778041830294
0.3417538257105946
0.34926544032501255
0.35666019308847435
0.3654968896609672
0.3711113936289285
0.37810558754901985
0.38094210053732863
0.38826025993899305
0.387268963209857
0.38670467824619215
0.39012074721283846
0.4447398424824873
0.4395298970533474
0.4494342421030168
0.4571398076963716
0.48672437634948745
0.4195407365360105
0.3765039292519983
0.38091957787052555
0.38234472149970583
0.3812249733516321
0.4004661696785498
0.380126678104539
0.41729114572717824
0.40203752971672685
0.35417954709826044
0.36494418969370557
0.37071890994380796
0.38268530341778734
0.3694634515315024
0.3465413729737599
0.3287672116582787
0.30705901740438857
0.33472886999856044
0.33746410925325
0.6371491546112149
0.6347483600661128
0.6349887458245258
0.635264884079118
0.6317060216390853
0.38363802248950546
0.36454122386721083
0.3645375217452023
0.3332564972594637
0.3333569818358604
0.33345903351636813
0.3335692217868138
0.3458362219633096
0.28645461029607705
0.24047075189055164
0.2405658065258975
0.28165304529690227
0.3350682843889413
0.3346842849741385
0.334311774970968
0.2768878461505687
0.23778968552030255
0.23754498605120494
0.23683955447182667
0.3847589874860441
0.38397328254672036
0.3961888722622403
0.3920782472192848
0.3558352926269428
0.3555548245059058
0.3772944907706354
0.6413197631054255
0.7567984320044073
0.6039945956456032
0.583973955578548
0.5426966140265312
0.2592657952238824
0.24333993384718583
0.24549671443752302
0.27226045021223916
0.2526400016871911
0.2512233205591765
0.22512059134773632
0.230835161080536
0.19829852427100986
0.21681927201238255
0.2466660412802646
0.2720640969328547
0.2940434133110212
0.31390863895610155
0.33050927877971187
0.344504215678625
0.3576859293801831
0.370875783562462
0.37181308987432937
0.3884267589613145
0.40212512025961694
0.4129308761782465
0.42106770656163295
0.38912483744822557
0.3273391308755352
0.3320337242781707
0.3364673356014893
0.34069856997809866
0.34766869246154664
0.3525793916408288
0.35789011893829026
0.36355508437725054
0.3739826835186495
0.38013592635629617
0.38764179175685887
0.3961921302123557
0.40810155129611536
0.41311677498684063
0.4229046764271546
0.42805613784612423
0.4464691348328232
0.44166695330797706
0.4339675971129622
0.38209171884617293
0.42423037726276
0.4121382347391337
0.3469868902861473
0.35490789270619755
0.382031466459837
0.30896613095271136
0.2402768351614721
0.19748744302834412
0.20705483760098872
0.22407995015579724
0.2956248138341637
0.2944813156602784
0.26858653389349707
0.20178142119030198
0.1649558211389116
0.1683642848743664
0.2581614996019785
0.3298596715910413
0.33002657192435625
0.2747701379270954
0.20205976262280503
0.2022750169527902
0.2025036214309732
0.20274271893540927
0.1912565573120506
0.22688463538296536
0.19198061166873967
0.2094585013514173
0.20007084672453646
0.22048240282174036
0.2205990809471867
0.22072547595089786
0.20794920623676794
0.20776930627351545
0.2075900709254221
0.23007710632146458
0.23729345595466503
0.29552241296001325
0.3724085943608885
0.375409277321064
0.41155263411236215
0.4126733780597584
0.6935927412299425
0.6920786646615228
0.6790575051489629
0.4066517568331083
0.38739861557221583
0.38741371472218167
0.38654920976627516
0.3603453638037906
0.35115855035526944
0.3462703107636077
0.33424559678796645
0.32481799558502544
0.2901230613033933
0.27009088557959876
0.27765803466513883
0.24488319361168034
0.21557954818401784
0.21520404062132903
0.19499934520275047
0.20079585868910632
0.18007377444302383
0.1824160379876377
0.19745293157017815
0.21414210376123768
0.23028359760608758
0.24570231900650827
0.26086526408633764
0.27626592626054175
0.29121862594482145
0.3016391803526069
0.3106654438640494
0.31837847568761063
0.28572934854964555
0.22548688888790766
0.22970065557128375
0.23885501553518673
0.24915958354843898
0.26024413503207194
0.2711218373024604
0.2772906903758365
0.28148986751527877
0.28424277267141906
0.2893379232277804
0.2884842832990715
0.28765059899895645
0.2869396744181557
0.29121343002815503
0.2899986231147749
0.2923092469034255
0.2971104568948026
0.29921190468405084
0.27311810523469815
0.26557962144784103
0.2440548360318115
0.274737815988914
0.28897773436153307
0.2973272595988423
0.2984700661073952
0.3355467598596398
0.3183128731793002
0.3191203531540335
0.31824897524990753
0.3208204536049593
0.31660988559461584
0.3094654478949625
0.3000714314865358
0.34552083690192986
0.31664587715032694
0.311672913495947
0.2903619798373712
0.34709664317132805
0.3470502839206056
0.36404805750887936
0.3487391999695195
0.34433139090371057
0.34470860890100835
0.34511319009675145
0.34555037129084054
0.3525024353286862
0.3526100507643472
0.3338113213310184
0.33391281902878506
0.3463252801985348
0.3668570214044512
0.36709808525345483
0.3673515798152667
0.3595068860628989
0.29404443070859493
0.25398846764762684
0.29352199197072215
0.37143129337903646
0.32694788492968563
0.26665262097749165
0.2659441983081535
0.247272554241648
0.2974212443923723
0.3207829926050824
0.3207337236080345
0.3474243224912355
0.2468258350717531
0.24682332396750703
0.2468151315801588
0.36809450388135245
0.19904441120029684
0.1909232762466874
0.1921396426435775
0.14320877428811585
0.14081536281789225
0.13950058513006586
0.13845585506754737
0.09984142576838259
0.18180956240460147
0.2071966999091893
0.2024701703877329
0.20070919652384372
0.21473741776049335
0.22745760287261246
0.22647114532673135
0.1428750942142535
0.1661558068026056
0.23987195571224632
0.2533282152000747
0.2276930245689365
0.18311815768542908
0.1983032829378501
0.21220299965695325
0.22491605129266865
0.23636850061759548
0.24673759148935168
0.2562687885417245
0.2657094200396804
0.2742035639385405
0.2823939470365928
0.290320677811358
0.2995095338244719
0.30547208695155686
0.31083581102948094
0.31577456375681123
0.3074289652591538
0.29768248999952
0.3101339918454609
0.31645206019256517
0.3282286082510466
0.3248783976718815
0.3307823028989118
0.3292585115087595
0.357302504925983
0.3428955359623945
0.32897399411874895
0.30886941766596854
0.334432576273502
0.32512654222056997
0.31340778017526966
0.30012990310002313
0.37717638994996183
0.3742837353407113
0.37369874611556825
0.37789883933471347
0.3301091005809417
0.3330367246475366
0.3601452848542288
0.36309893960115697
0.6291206896393848
0.6406717030854521
0.6467099554805574
0.6853193188075469
0.4530677886540587
0.433917915594272
0.4338251710881731
0.4241511601087201
0.34341312048737166
0.3433870710700809
0.34334624683283804
0.3433162941523911
0.3312392196332326
0.3314040873322146
0.331988564864787
0.3326424389320304
0.32470813392735093
0.32491154260735033
0.345417745050459
0.3489971466131927
0.37705652707378895
0.6249419745001026
0.6207224803407182
0.620350400742136
0.6553629365413374
0.6575838533543906
0.36226459138002604
0.33637639903030936
0.34089715592876074
0.3463950988904639
0.33610969234648513
0.3406506549846886
0.38115215266540464
0.33925289829118294
0.33822217554110484
0.3371217861860125
0.4257649366813915
0.2604655957713664
0.31470772337096886
0.34458486498492974
0.3574310479098536
0.35180398226872805
0.5805740265827678
0.5445249499548964
0.5315392381558949
0.5191028904204233
0.5102061815451467
0.49429279959562583
0.22640944833799273
0.2395016003365436
0.21778001512147407
0.25571884680007617
0.28382870585989683
0.2701482754719678
0.30438656227388294
0.31422149355086826
0.30257684576665417
0.3366343973504289
0.36413220645593486
0.38692221971504615
0.4042485658182037
0.3769910783616915
0.32154224650544644
0.32968745781246694
0.3361496914042564
0.3403686859228554
0.34327229908593315
0.3455005100053829
0.34912937910894803
0.3499097595141783
0.3506099161227071
0.3513506607348711
0.35638848334586515
0.35676472193916675
0.358157457739177
0.3602828625055481
0.3739665263165864
0.3891396840800638
0.4320508104488683
0.4474049683788432
0.45857617819186597
0.45661695220866916
0.45204514392905926
0.4039536783627842
0.42491178391608037
0.431844509536298
0.3871529946899843
0.37231931509397226
0.36141937087764714
0.2633496123881385
0.2518433128851932
0.23784749677080944
0.22607597417398748
0.20712671826381068
0.2575560963942029
0.3165442345763434
0.31407792623965075
0.31487392964780125
0.31669719113044215
0.21042444099692387
0.26189125165476795
0.24291001411533178
0.24662420194449894
0.268784259286791
0.2460212401778592
0.5509599538892321
0.6324614302329868
0.6288690399387052
0.5151088580396449
0.5400175923866493
0.6690467319279346
0.4018073392347003
0.2991147157208079
0.22114832404506599
0.23822354433988477
0.24287234733242127
0.32771428991266255
0.33687188951559593
0.33682213462030036
0.3367696387876328
0.3156982764666635
0.3173727615877783
0.3166946561588509
0.3439683746099175
0.3531831613464466
0.3541941958717189
0.3540135948165763
0.34423769578838653
0.21567626913388835
0.21205535315500415
0.2824647351316326
0.3524347540073336
0.459535991852744
0.2035759675810389
0.19416264404259775
0.19643003476293774
0.1788878625392985
0.240872790627261
0.28804731232766967
0.25555966400484786
0.2876076246347906
0.25649894012705826
0.24378717423148022
0.24029054987598666
0.20735059410159026
0.203665470094371
0.1890183341950047
0.19192680408777288
0.21369574945372471
0.23728145854734303
0.25770656394837066
0.26358765091717795
0.2839054668710576
0.306632456538348
0.3291463658043586
0.35159041752140263
0.3093431327813823
0.27859579449386607
0.28528611382276065
0.2991277571160227
0.3095774104201211
0.31711247961931127
0.322138814810642
0.3252794356040974
0.33006149803403606
0.33139607671605587
0.3325003311130919
0.3334282018076601
0.33967379482718185
0.3384709641725121
0.39906432627934485
0.4414207680474009
0.4356147968065976
0.4298686324504216
0.3558618719049641
0.29992547156490623
0.3081241447442787
0.2690682600266655
0.2484788522724696
0.2904942104536111
0.31813450805632715
0.29384695555302204
0.2174875460662313
0.22076406502860754
0.6038287707089709
0.6560757583566568
0.6644741338250119
0.6537350691719934
0.6557453049870757
0.6607431732272996
0.39185525062130455
0.34853536137343827
0.34070001613540823
0.34134166599546445
0.34316925773709783
0.34522238375827846
0.38591354034401426
0.38600086016009016
0.3488891384740828
0.3324924113630427
0.3633836067449898
0.36346198418049436
0.3635463280341337
0.36363508558641244
0.35125507064257655
0.35134752620177595
0.271316684102825
0.2460172422620356
0.2191814820291631
0.2193775666366341
0.23987532186705007
0.32536894879716277
0.31261161101059814
0.31251285941642637
0.3293735149648968
0.3758248803154372
0.38809642602174166
0.3730078239342445
0.3712584626671227
0.37105060016440994
0.38555014824642003
0.40370734696557303
0.35511115008609784
0.35405930308274003
0.3212919349264201
0.3872550200678231
0.3872464437151671
0.3872556616053855
0.4494049030680783
0.3408362787701692
0.3399945914553322
0.3407347357193319
0.31883832007832846
0.3170814761624745
0.3163600965206607
0.3159432267675155
0.29304801370996847
0.27095701870127065
0.24096507623162625
0.24936550026603269
0.21768529919944268
0.21045092913015298
0.20682160887845707
0.20465697026020102
0.18438849385792494
0.18254319042548822
0.1917312274534332
0.2024213311958457
0.21170853033087866
0.22974412043071865
0.2479173388134556
0.24450535091936768
0.17753306657669796
0.1931227823092935
0.20751787127700877
0.22079248600804433
0.23397778292150032
0.24607244864090203
0.2577201024108532
0.2689812345620349
0.28099512725287823
0.28945990218432827
0.2970346699594779
0.303910215076698
0.2996723844730367
0.29038995287048947
0.3263254820474025
0.3170637598043564
0.26577647489801276
0.20842577416413854
0.2057072484626332
0.2210234857403374
0.2738150617267521
0.29888589066489263
0.3754107707130493
0.3872835868738017
0.3659370987839296
0.37353833657528274
0.37906438328987185
0.3124299664870827
0.35742863248713974
0.3529793786355568
0.3561351389418922
0.31445784469455784
0.3129197177689116
0.32030265884668574
0.315003692536322
0.324612048291254
0.3192262420954436
0.31758665282805393
0.3153551016319838
0.31717411025552456
0.3858443531277812
0.38575930615872694
0.38565047766578797
0.38558420655066333
0.36265765226239033
0.3626327743215828
0.3626137226988673
0.36260798335452465
0.3501382894881984
0.35013620088943875
0.33137980982226956
0.3315524856398072
0.3236775041718299
0.32392645044482415
0.3241942140932849
0.32448267087531313
0.31202997225442586
0.33484159725414836
0.3519563172328783
0.33066629245417656
0.3325857675465931
0.28968062538591954
0.19547230182113381
0.20996743507534388
0.2126880599447015
0.21016744670034473
0.2072805937359363
0.24189921228414074
0.250311082165159
0.2815706547638869
0.2815596600486718
0.2815539784794341
0.41310663171413525
0.30499548889171696
0.31845774648837644
0.3274879709585301
0.30640549034234177
0.23848170255793416
0.17191806704065413
0.14201687041675687
0.0748847881042496
0.08471342506156182
0.10057412963909927
0.12504788117595028
0.15993400736502913
0.2129258479831585
0.23015381165078969
0.2557466610909508
0.23613333839999853
0.22017640884783402
0.2425010524565898
0.2584947053524592
0.27316956868899456
0.2876953372224298
0.3020079868224898
0.3167188505751551
0.32709291994888595
0.33345019600086717
0.3367380854720698
0.33812929428938365
0.34066321407505457
0.3432873188393991
0.34646770721046927
0.3500447641007784
0.35720257520674037
0.3628400397863143
0.36924856797275973
0.3762392165438025
0.38635035899926756
0.390839538265507
0.3955355560779708
0.3843959619985083
0.38700883999627106
0.37160147959519485
0.3608118896647741
0.35330901611527576
0.3638367248602756
0.35485106104432523
0.34504376770143547
0.33386123043867133
0.37204356492701995
0.34771392926283323
0.360914778722206
0.35505345418164674
0.3325310390383775
0.3066157632085001
0.31436970135170433
0.30900532258088764
0.30874759852535066
0.30906937565743803
0.3184368218793763
0.31605205526098995
0.3347350284225774
0.33647108176660867
0.3141501630854049
0.3163849199976181
0.36477840146172735
0.366267333512579
0.3661634188437233
0.3661092115439704
0.34319122001091407
0.3431535258195102
0.3431412637007788
0.3431262305409956
0.31254343916020605
0.3133415236023655
0.3142601820808901
0.31529943764875284
0.30578740183262665
0.30580002387995653
0.3058099286252791
0.3058126706969571
0.35861090189018247
0.358372956115813
0.32485613500610644
0.22972101864164604
0.26426283638060755
0.265812505886569
0.2652140762334063
0.36151465023752083
0.3453946395214401
0.3430821805804797
0.37037549464767633
0.3658571341172122
0.3738511550938191
0.40512619354267226
0.3881700079122576
0.38696110499151143
0.4417435616975353
0.3674306430278231
0.31213602358558834
0.3150330985091171
0.3097833697604867
0.3213280316476628
0.295955494070603
0.2667242439478355
0.24924706916003253
0.23830487624325156
0.22645176830982597
0.23981765815988793
0.18864723265663222
0.21301890592526537
0.2566447383653377
0.2932494015378992
0.3139365253502447
0.33815434196560223
0.35464105134214324
0.365602118648161
0.37580550710813626
0.38557371118672024
0.3111553175383264
0.2977984504536916
0.3063811245072768
0.3143515919700815
0.3216501087685918
0.32842424773249224
0.335923114512611
0.3429591746872922
0.35180606899089445
0.3575162774246672
0.36264639960502165
0.3675846131335923
0.3714339351767318
0.37453787442930414
0.3793784382398882
0.37810877297851153
0.3770949101789136
0.3765591471821144
0.3687283811259966
0.3419315436954706
0.3305132645738861
0.3134474592161186
0.3430174751134098
0.35076286454849726
0.3399960936664116
0.3131872954970488
0.32048115932344995
0.329899270116046
0.35272296156374844
0.3198645121922876
0.32267362832428037
0.32647952256109297
0.3140897363627102
0.28783029191097004
0.25981618695768943
0.18644482193718787
0.18525592471096985
0.18410986894372794
0.17841496017981398
0.1792366770071906
0.1805603990644797
0.18193210096319062
0.2708221566986918
0.3469610109155846
0.3469082139964736
0.3468581756505914
0.3046452544240611
0.30459669278346
0.32151744773333973
0.3227278613949245
0.33040850126429916
0.313447273880407
0.3122250184110341
0.30963876229727005
0.29605267520205625
0.3163544871912312
0.3151114331162659
0.3130170536742056
0.32511057739712634
0.3247877689438305
0.3230870154220578
0.32091278860087114
0.322842043449961
0.23919364422440123
0.33279032782109025
0.40289107307230143
0.40315620928715734
0.3653805516154515
0.3643051709428233
0.3586566806775639
0.3740407229682208
0.37908393100174415
0.40536859235126593
0.4077723080315188
0.49970890906875426
0.6748718173032072
0.6268420301412527
0.6114599102913237
0.5895816598718128
0.5956229410026942
0.6049969276937414
0.6386002410653805
0.2890037207694329
0.2581946718952692
0.25351964522318754
0.2530423889989791
0.20887247903731182
0.15889941201208282
0.14214133734352308
0.16290601442568536
0.18295213639928654
0.2082263072265892
0.22938774305904558
0.25749420464737716
0.27845319366299276
0.2935571800306735
0.30396885275360264
0.31079577243806916
0.3424137388682992
0.4309683832305312
0.43383836340102977
0.3632418933498143
0.37920518452375324
0.39044123343794623
0.3988210182958532
0.4051665788051727
0.412782325040902
0.41750120152005454
0.4220088256911066
0.4263982255784696
0.43662168593005063
0.4439473532367519
0.45391392899741456
0.4659334595407945
0.483314166884059
0.4760518437101178
0.3549253245360562
0.37728564234237255
0.4746430659251647
0.5018900381005535
0.46480274203099103
0.45694632846358413
0.47118054554071204
0.4134101036204223
0.4240056162131746
0.4422959125508556
0.45096331576162474
0.46566031040560735
0.49600170274587735
0.5162430007769044
0.5259470102830179
0.5302264359118843
0.5444392072549853
0.5545723488796305
0.5425005882833678
0.5506340600832295
0.5561661031848922
0.5267223258610304
0.35030930405241406
0.339221665793502
0.3505182279379595
0.3403001642550161
0.31148342852925126
0.3166643904095631
0.30517196018335396
0.29998345268999665
0.29372355342062656
0.28727653352855537
0.2842861824046713
0.28259360224139785
0.27714401157168467
0.27526667018773626
0.2932529806373778
0.29095040958585067
0.28086690131768294
0.28168464334061594
0.2861666653056983
0.2832839611281972
0.3153738916432986
0.3182374632305244
0.3166160389682272
0.28917423488607963
0.3149414792230844
0.315060137683884
0.5798954172496438
0.5786464517120643
0.595745100403327
0.5952362197565362
0.5950996754150755
0.27509013456368464
0.4060395853622669
0.41746225457377334
0.4805110125354154
0.5424153457244849
0.5667630906240251
0.5987318605591263
0.5355671178958148
0.5474170585017313
0.5314924690325408
0.5492100620949034
0.560411117178834
0.5663744281976126
0.534022689006037
0.456499800570407
0.5597422435669349
0.5560694234795953
0.48587481468570093
0.502557741867425
0.5139129817349126
0.5217539067466133
0.5576351577021208
0.5840394452130087
0.6146511955263526
0.6639550385555348
0.6921707416754019
0.6597500218169018
0.684633352777111
0.7058322036036482
0.6974619670819302
0.714502506187601
0.7248389636553523
0.6790030232624424
0.677609093888585
0.6997515132552106
0.7157452937368944
0.7261727299565247
0.7293809590246092
0.7211302356898329
0.6992026641033654
0.6934282657256069
0.6733418904855685
0.5718377041543937
0.6316598431478461
0.603608823767429
0.6163872350623123
0.6101539806491034
0.5999283909896806
0.5878588644551695
0.5494638309857681
0.5560094305608392
0.5538373446561944
0.54550998506782
0.5609149101530204
0.5460331242811935
0.5360394177421507
0.4998378845636146
0.4764999751002106
0.4523060075006439
0.4819911770913146
0.5165701269993822
0.45164348241062724
0.37374313995886776
0.34583231538050946
0.321128414753174
0.22852234539533312
0.2405603299378862
0.2446541371482983
0.24538108702710512
0.22032866095684453
0.21918681136758983
0.23984556490134792
0.3388442752017265
0.33752023103858764
0.3173399315391347
0.3194471545421716
0.30937185051130456
0.32709705528038263
0.3211836142162148
0.3161300745914075
0.31447148726226487
0.3022832932389105
0.2786677386754767
0.27796002421105925
0.2702541497775521
0.22999447350445798
0.256530199862469
0.2535153122694605
0.25144614837718304
0.2557748408118155
0.2569752930779367
0.2569752930779367
0.2569752930779367
0.29981840344629906
0.2866650951347017
0.2697550856006528
0.26297621597646403
0.4403829220478026
0.31263696914014794
0.49399339887657484
0.54553032410791
0.5521873660356093
0.5552284326560721
0.5190873994715219
0.5440574606445915
0.5501621094744936
0.5387851965856008
0.5264101675912363
0.5424240929159035
0.5172780756544755
0.5325572553565927
0.541755183515555
0.5613289218131912
0.5413211953924763
0.5154483526265184
0.5170541541680476
0.5265993012712541
0.4760608800162008
0.4706618453642205
0.501008914116685
0.522502446089952
0.5362198690853218
0.5439353420952435
0.5482316046356076
0.5512186412188791
0.5545053043992556
0.5567715693192108
0.5585610959104661
0.5602540935472758
0.46014345909555404
0.4555288469761343
0.4539214823714006
0.45234990749293313
0.4565847265829421
0.45743008819339914
0.4602855389440855
0.46473104460362763
0.4706432764116388
0.4679838701066392
0.4663410860192395
0.4655756267255705
0.48889534360803866
0.4801652296020274
0.45075075804535186
0.42663532814857796
0.46381458934102515
0.4087967973074097
0.4715370873077866
0.40704783524213994
0.38595078813512074
0.379276294547398
0.3688929246093632
0.35384043501617707
0.33912638030081915
0.320635305894229
0.303962685206305
0.28860059759735546
0.26917528490930037
0.2519023947738155
0.23299166177467798
0.22064847592928388
0.30403899920156663
0.568550498706162
0.5658825039870683
0.6690683547085814
0.6678049582122757
0.6678026216744101
0.3742164946011256
0.25646530675182777
0.24397041541206202
0.2439504930702157
0.2596820727119126
0.33054922039352963
0.3427114152456114
0.34269404694234057
0.3426795774694063
0.3426802877601873
0.3097835635683986
0.30611835928119835
0.3067248300409107
0.34694252265460956
0.3344862907329819
0.3254573448620032
0.29239538940983073
0.29595456345617766
0.2871685655055736
0.2826498716157696
0.35082464009609443
0.3371626290489563
0.3347306133379911
0.33057377282712896
0.32832433651994564
0.32680608912452597
0.44656712510065466
0.3697777355912369
0.3596787942510087
0.3677133451940404
0.3723079823717709
0.3740310854543643
0.35895259986514494
0.34189026050614235
0.3208530440533432
0.3385776904047552
0.353739420903382
0.36680989817817294
0.36634164400763847
0.39165748017660434
0.4155547024820588
0.4105194039679486
0.4427019294113654
0.4739762600689522
0.44925858604443386
0.46676451860115536
0.4941974507812178
0.4968749013140889
0.534864203043549
0.5663517690328299
0.5891933791560914
0.5885407635815871
0.5103066362917614
0.5187132582728708
0.5274462303938197
0.5358841808717144
0.544805589801532
0.5542736638554453
0.5640986014147373
0.569744636819867
0.5741207952907811
0.5778493722619268
0.5851013071693214
0.5906954069166093
0.6102810599771569
0.6663283766327073
0.6678982313556396
0.6119486834428747
0.6056296824561017
0.589652682333288
0.4934391741824601
0.4746169691376545
0.4642395699033118
0.44972513603255626
0.5021927796470276
0.5020185565546951
0.49533842741938167
0.48421099718514266
0.5021425779488586
0.5754514631289872
0.552213439056685
0.37000604199377396
0.406838667958946
0.4559525183720521
0.4819696415070054
0.5011595675315059
0.5001257017580809
0.5033065728112875
0.5088513764295493
0.49074991217667124
0.6452152756346494
0.6620678768639289
0.6674122747206516
0.6634162271998285
0.6389933260328682
0.6152109147677914
0.6130610685091169
0.33978792816154757
0.304792570776771
0.3013615807651792
0.29766400783434604
0.2881571141716377
0.25440564257214615
0.28285470330626505
0.3243262953694721
0.3252810464715398
0.3173388552345517
0.3168661460903481
0.31602848062522115
0.21091407182616445
0.24178180859523687
0.25603600232357576
0.32341100569053577
0.3201457964972332
0.3305021557116976
0.32966594128073534
0.27884033869326175
0.2194315877840548
0.22034400889334632
0.3036961869788826
0.3056046263925467
0.3060276131434401
0.5019851494197481
0.25097606411710327
0.39312945957465395
0.45365467804201837
0.421069960484077
0.42437090247118386
0.4636959765440244
0.49968905657553725
0.477592692645856
0.4919568617186783
0.4841323098359239
0.4001876675720001
0.40667778925912207
0.43400247777550155
0.49987812456330877
0.5028700976586525
0.5336222849344154
0.5568393992037912
0.5725934306391393
0.5830282893165847
0.5842124680987898
0.49310606372215215
0.5001737626895555
0.5070618272666805
0.5139823781121511
0.5202908425575011
0.526006316216864
0.5314449800652816
0.537916978114248
0.5442158293514235
0.5508969130497223
0.5579606216827694
0.5697179750087188
0.5761979909604136
0.5802898668911964
0.5827972178517234
0.5886201756086613
0.5894725948804486
0.5912540740577991
0.5937190735625201
0.6012723859113964
0.6130041867634416
0.6431805022245652
0.6504034742376208
0.6571400984084887
0.6244080163624769
0.5702832697991069
0.5538322609550295
0.5201512053776195
0.45125571067881903
0.49176273279456517
0.4759338674731733
0.4536373745676795
0.4765479162904185
0.4647346995786004
0.4748723010849191
0.483755614265766
0.48129087283297
0.47537620453460594
0.44610242248806375
0.4296925922583367
0.3777988286570101
0.3098598610928451
0.3375100620797836
0.38251154290244227
0.364728622965368
0.365376391984838
0.3630881632486297
0.35759732274219475
0.3567752710402531
0.298384185678811
0.2542001530044021
0.2664020165226013
0.29424055380088615
0.3742255811760481
0.3565941517386138
0.526207513642428
0.25196203221100494
0.22745424310998652
0.22380959143660414
0.2937402493556279
0.3423400652208752
0.3347267793705547
0.26257355243065256
0.24104000673573117
0.5471113894932831
0.630620101790078
0.6319494750622485
0.6788835751680449
0.38729348588856605
0.3555586523274899
0.35031749747755947
0.3731090397508137
0.37092557897071937
0.37324305008136527
0.37255786071066793
0.4707817763424061
0.4236419679857757
0.37500705332224354
0.38303109986951955
0.3885041056851566
0.4040415240526386
0.3965470824940655
0.41210624296718223
0.40094344689253003
0.3616611776732182
0.3415895578659251
0.4477162456864675
0.4205826712076015
0.3614636690873545
0.3797907660743119
0.403964982664925
0.44149867706655765
0.4671467533852046
0.48737928778807965
0.5070116377306351
0.583744930778654
0.5876966656113151
0.5609990726495292
0.6060139719369383
0.6208560506624006
0.5738777801607113
0.6239316334934032
0.6606250327059848
0.686274211709356
0.7010663530620549
0.7086996742570814
0.7130480037189929
0.7194176578967061
0.7236454052868871
0.6748106913291647
0.6275002861788118
0.6373133996238772
0.6429735936169625
0.6501558130827902
0.6586894010682354
0.6552737480096876
0.6316261906146989
0.6767568465209527
0.6929916641783466
0.6966135410418091
0.7100664716723568
0.7254039667713609
0.6597276982564202
0.6978415985373184
0.7050456089011767
0.6208767932188581
0.6184948760257946
0.6507800283675775
0.5807509190506132
0.8180656976480297
0.8005425552597676
0.7410771226488062
0.733462015583023
0.7136927239060931
0.6630710837003159
0.39429687027944554
0.39204920805998555
0.39786179081726236
0.395939691292212
0.3621120652782451
0.4016656266373986
0.40288235934130034
0.4028659597557909
0.3630078138111498
0.3561920189710412
0.3544227939150805
0.35691822546795116
0.34300443504976696
0.3414825567064022
0.34408755956520753
0.34130792401885346
0.33132031260679623
0.32914859327747775
0.35166317897456173
0.3557471605415942
0.34691165141007346
0.3232609720791807
0.315198169047717
0.3106876155431425
0.34237996595925885
0.341477930072264
0.25854067605894254
0.1966192766152541
0.28642763316863085
0.3429978983793716
0.34683150279195457
0.3419425860053173
0.3593180606051635
0.35939835044708784
0.36979033694498203
0.36424020507704036
0.49112796687862015
0.40284250326525367
0.3538607770788678
0.3745658690601498
0.3186636426981258
0.356594388235165
0.3756773449785782
0.3210695627774552
0.3496900046608258
0.38564923543338403
0.4314646939233305
0.464881018352563
0.4810939433411483
0.5017561879225352
0.5155156959219329
0.524711091679513
0.48677394500071414
0.4971812494047281
0.505370691245948
0.5076179278638441
0.42954872411168404
0.44463315288782457
0.45610762995257126
0.46516365533646564
0.47299552071876794
0.47977878574054456
0.48589729548338206
0.49167753350166676
0.4983768950357706
0.5046092690454993
0.5280724999342064
0.6152962676917012
0.6029554535640498
0.5210741242078687
0.526858832609703
0.5295233535764544
0.6221442890576631
0.6201153557197095
0.529646176175529
0.5343088838083202
0.5425754183738086
0.5347706635183043
0.511178438753897
0.4771332620371561
0.4771690414055052
0.46368909991926344
0.47885108706794954
0.4894744934906677
0.5760666067698765
0.5509254195114469
0.4774046765946188
0.4849276819878417
0.5132502581921824
0.4942111594400623
0.4954468838506579
0.4701424943145721
0.4648001728934911
0.4503740332335311
0.4363727746893779
0.4161213238728192
0.402626533404567
0.4027674296505086
0.4087869557967417
0.35932189759152255
0.32926027912253514
0.3170169681856209
0.27076397129630264
0.2054368810367366
0.17877410267094127
0.1764986719164737
0.17631204769478212
0.17480360127552422
0.20645922467607214
0.29134471186085364
0.2918495624010232
0.23852991118086184
0.20974326281664152
0.18385486513637703
0.22786422714885315
0.27914933313531004
0.26045434491696046
0.2161713638947079
0.17710504774113744
0.17526246263391168
0.23314748892337475
0.23455794532874855
0.23265003833601075
0.23028722255589051
0.24025877449661784
0.25622634471641254
0.34633609183298747
0.3086035219977282
0.3083157697407182
0.3262658830641235
0.32740206897627616
0.32643179071238093
0.4447341366454439
0.22711237182716743
0.40839062489236705
0.4481662142673353
0.4612728779495582
0.4600078056762262
0.42936963009870527
0.35907391225862867
0.3564940315954324
0.3921643404243062
0.41387786887400313
0.4610214712069315
0.451272228235228
0.4525092624335452
0.44142980498190926
0.43828646262338034
0.46485441833159896
0.49014856172005367
0.5164965469336894
0.540142117428959
0.41919516450800864
0.43245491364995964
0.44840122372750085
0.4620983325301472
0.47242643869516215
0.48000231643501645
0.4856435160632107
0.4901681764388234
0.49205139270117887
0.4910522706874887
0.48860973003350844
0.48555760066806897
0.48665707032257766
0.48645747367647607
0.4870377213510326
0.48816540099900924
0.49277473765413093
0.4919285786139611
0.4914620139129362
0.491385691025219
0.49289470434482735
0.48634394318898483
0.48134673583367477
0.47768016565664984
0.49112256804139137
0.4919410269890195
0.5038784246540948
0.4989844860565862
0.5322063878567173
0.5567615346309995
0.572974703496083
0.5661768632327913
0.49651479520531344
0.5140658067260416
0.5292263709832428
0.4441367915362837
0.470655483763849
0.4732920279327223
0.4529950461149186
0.4664786801562764
0.4349988331103325
0.4277403457633335
0.4191163200164854
0.3988566674485808
0.31854913343110564
0.34436708288550305
0.3307788969862722
0.3197389991003686
0.3017032793051677
0.29365862139836574
0.29598484331319935
0.28957299670635445
0.27680734875486246
0.2778643598115562
0.2724076618989812
0.2665439445239655
0.25316279219967874
0.2502216203307214
0.24743483003486405
0.24461746087888112
0.22767823570281223
0.23132883221417888
0.25124254354613385
0.24914999601997623
0.2490452438449407
0.25144614837718304
0.27934986789219585
0.27934986789219585
0.2557748408118155
0.2569752930779367
0.299598894758338
0.33810916243254824
0.34039033167034144
0.3287142738014411
0.29314386459260094
0.28954038467523513
0.4557557538260529
0.4422637044341496
0.47898595190132215
0.5778444477426973
0.6047727863656024
0.6448413821977733
0.5711412065928196
0.566019939505518
0.5632187117163614
0.649416883815188
0.6383177298660023
0.5534469839861186
0.6402074144396305
0.658679757160903
0.6714043105634281
0.6262729695133235
0.6114986192952511
0.6421496447305938
0.6638529746403966
0.6787856967987701
0.6884715224174077
0.7178090364985252
0.7780304753889972
0.7911141809933444
0.7996785373652401
0.7067525579627926
0.7098962491843426
0.7145334262318415
0.7185491258436091
0.7212067695851315
0.7234905837071884
0.7258584450535305
0.730982718392694
0.7332906359020838
0.7293609374266664
0.733431709421018
0.7423655349596107
0.7464512800577563
0.754553688671693
0.7569190263740045
0.7764802974925656
0.8198483544936745
0.8482671364844031
0.8676173429648417
0.8329638838230973
0.8503260914328693
0.8629005691228963
0.8492266305000566
0.8630738360348692
0.8190025327955127
0.7160069601516199
0.6941048192392034
0.7043932688763932
0.6757290282574734
0.6378567421930281
0.6163833919824084
0.6372335297821233
0.6801465527220086
0.6193147041015512
0.5480307618959807
0.5349066493070513
0.5105946033429242
0.47432736536136094
0.46047856528778436
0.21773536189594495
0.2102136541959158
0.26569453686022515
0.34855941767566456
0.3857601530729113
0.3825756375592538
0.6299755006919179
0.6259626690848239
0.6085109354221155
0.6102472792063409
0.6052074461891663
0.6023925797984416
0.5921379753840258
0.34064005758919963
0.3178518779241749
0.3161973013833673
0.28222843131697617
0.3054626039271593
0.28218350534005326
0.3019888173910679
0.308477014890145
0.30781621157754374
0.31003601766893746
0.30843826756095893
0.32176691033551286
0.32296736260163394
0.3044285556686831
0.28629677661039793
0.3362119283973903
0.33446238519713556
0.3341425059170167
0.3333674305219129
0.5473612632466505
0.3968404058593618
0.5447113998220288
0.5374828493993989
0.5206004344775661
0.5480605890673883
0.5602816980393405
0.8187778332171983
0.7864436154913622
0.5727641590075431
0.5844622375349323
0.674164498774096
0.4901240794159107
0.5660399691858409
0.6351823702437367
0.682155429410155
0.6946211005984958
0.6989623716725656
0.7037135836902655
0.7079595120475457
0.7103694660147842
0.712465279904888
0.7142162094748823
0.6982849087635958
0.7078662685085391
0.7163514680244797
0.7239626641437746
0.7305512033253582
0.7396620954676482
0.7501551044971135
0.7626754652539056
0.7769860869297351
0.792943781598464
0.721380964854354
0.6989740468774832
0.70428991530029
0.7140165766873479
0.7196566446470395
0.7269983472098801
0.7356213020615889
0.7501085963938036
0.7570418611497883
0.8072628900435165
0.8038876780482052
0.7592509888384871
0.7828588868820634
0.7913452119536251
0.7485085883503617
0.7890337678080701
0.7925303512541343
0.784750847588755
0.7706911116483025
0.8060356280897343
0.7546896073122997
0.7176145747931435
0.6782649614009854
0.6719587129225683
0.672046000812335
0.6663570874558228
0.6575134498014107
0.6420859134001979
0.6210926385904966
0.6053459934807635
0.5882984754708438
0.21367750274332087
0.22210786919184003
0.22399036368623493
0.29362162317189766
0.3090269426750714
0.30735709168662817
0.302881612431004
0.300345791749433
0.2562807729205261
0.1814220304188772
0.17934888057803464
0.1777349372136173
0.18916275370976862
0.1875425778663995
0.2295932579009874
0.28989656871555614
0.28049704400549563
0.22325295806095927
0.17221082096385681
0.1712428058245113
0.19473681233160223
0.19870435175338835
0.24040348143073495
0.2486063441248254
0.22985649304979525
0.32775330241723205
0.32296736260163394
0.32296736260163394
0.33618386561688984
0.3388589422452528
0.35479474343753903
0.3070679234784751
0.527861461232417
0.5126358182930344
0.5319432967284687
0.565760570106634
0.568103189612941
0.6059332681486475
0.6265731416423651
0.6343626450972555
0.613707700048702
0.6264439402038183
0.6213456678216244
0.6350681986747879
0.6385370791077202
0.6516565440820944
0.6551348722426505
0.6484596119602537
0.6716762707816615
0.7016865860416215
0.7227112057326984
0.7365947086041884
0.7458562570448608
0.6803311172215334
0.6526205798160984
0.6575946591556676
0.6636076201770261
0.6508357164260199
0.6455003503333875
0.6899417974942033
0.7227655229053814
0.7348202931854206
0.7418205357581157
0.7442272540130589
0.7467902915621608
0.7191633532059067
0.6400566377713857
0.6400256479048902
0.6447381734444022
0.6450772639883201
0.6467642871661742
0.6496322856021037
0.6608359655158599
0.66198341614651
0.7260974246453028
0.7278059273843274
0.7023199774629858
0.7119467489373463
0.7195646660333477
0.6790042345561494
0.7251479088525555
0.7622454843974384
0.500875229401566
0.5949375757066842
0.686952009259584
0.7183785472530161
0.7269132354577411
0.7188590449100916
0.7055183865784295
0.6864789292542365
0.66866820377541
0.6521763920209817
0.591849747914224
0.587018395714007
0.5627742961670036
0.5296236358188285
0.34640925567455705
0.3550467912266645
0.3841510419250236
0.3841898415325075
0.351721117589816
0.3548871751480584
0.3431503079277312
0.3194556998339376
0.3136762694953612
0.30391852657842144
0.29817080143194014
0.29401773602029624
0.2842626050741856
0.283548993893017
0.2596890245117862
0.25732506999905913
0.2975370660574108
0.29541411559589564
0.2928491560304207
0.29824701964909445
0.29975945181741964
0.2923189754401281
0.2852024964617058
0.28038005753584827
0.2887708755736642
0.2899713278397853
0.2899713278397853
0.2899713278397853
0.29478248644586563
0.33461265663195566
0.3346701078179154
0.335854250633217
0.5241512554254696
0.5239194443662054
0.5393351418811393
0.5966419657016387
0.6052463987616787
0.6291171086881719
0.6115000861378693
0.5976606900655859
0.5638837381053118
0.5625702248173426
0.5304250058946965
0.505331306048913
0.5327563223500548
0.5515149214224996
0.5798121240109974
0.6048382696227846
0.6083270153501538
0.5487351076339892
0.5230771876794272
0.5294102165173666
0.5347934502691104
0.5398339917521947
0.5440962831394021
0.5480925051493352
0.5515012359158133
0.5540593876321177
0.5579895139307613
0.5580223997993179
0.556993257196664
0.5590599516068229
0.5605837742927752
0.5617926791544402
0.5661975042165903
0.5686461903761598
0.571499420280518
0.574748150249942
0.5848769170612894
0.6015225106505571
0.6727137638387286
0.6723168988823126
0.5994814800469512
0.6562375022012393
0.6806206133950501
0.6354560058302795
0.6883783600363789
0.6826015767582275
0.700053913187055
0.6513664743319898
0.6450317771072663
0.6640210030502239
0.591609436108672
0.6012586399779798
0.6295852417376937
0.6329018699509068
0.6224719062664473
0.6013889133896377
0.5661606200936679
0.5179874037508138
0.47418372523767416
0.37230768304355805
0.33689601099747096
0.3302669953919299
0.3222763413115764
0.3429462812685178
0.34188816043702175
0.3365744738821536
0.31196204686428564
0.312359651754112
0.22316093670774903
0.20356120950618925
0.2011371738408624
0.1998665496141762
0.1844888473469494
0.1813569548234193
0.2001411707097485
0.1990018316922001
0.2139452938446089
0.21362590177192078
0.2702533987344298
0.3178953373818892
0.3179714703158878
0.31465156269378414
0.25753603997344826
0.25762220636420097
0.2490452438449407
0.25144614837718304
0.2740748580130993
0.2942298996999897
0.2887708755736642
0.2899713278397853
0.2899713278397853
0.2899713278397853
0.2922524970775786
0.29094784545748514
0.2914952327569789
0.294436882700659
0.5785104298076504
0.5779892595964592
0.5964931108137255
0.65595846195613
0.6883951274357195
0.7032821712164442
0.7020547802160602
0.6937000970957925
0.6480975924769607
0.6609390179768591
0.6514384092018295
0.6505234108264658
0.6514671181188846
0.6729845770726396
0.6896047313765487
0.7021290072088063
0.737531768340997
0.7628074692586166
0.7793347102166281
0.7895943120883497
0.79327952317071
0.7935487674019962
0.7916367763647387
0.7296816766618536
0.6842132551258825
0.6870499152949765
0.691485998507648
0.6971708741161057
0.7037500638663974
0.7092398621747349
0.714156830962078
0.7189761661280122
0.724632329813183
0.7263179748301701
0.7268195973320698
0.726827653532113
0.7343337778370638
0.713951995389448
0.577077084448899
0.6067457500449989
0.6842657969049714
0.7012085148420529
0.7089280630529566
0.7275967416114831
0.7737520164004935
0.7632374783805225
0.7320557264292814
0.6679150169015797
0.7041122055144012
0.7049588660351231
0.718494200254232
0.9702228350390062
1.0
0.9863015162713462
0.9355213214584706
0.9297929460159634
0.920737794926681
0.884176703052589
0.8900063502614798
0.8909681120067887
0.7566782059923043
0.7855558193886225
0.8013669536729997
0.8058519162950522
0.34226721205198585
0.32730911567536636
0.32796016823333923
0.35054522034440044
0.32679179942750536
0.32628245126424926
0.3302751380628839
0.3284163517157016
0.3148797194365943
0.3140429508006657
0.29013302093432813
0.2895567356894364
0.2767793929120291
0.27719421869508915
0.29741564263610093
0.2917752246701486
0.2535715584580905
0.2604616446071813
0.29949306070143794
0.28851077773084
0.23810855270610207
0.25265807897548126
0.27934986789219585
0.27934986789219585
0.2887708755736642
0.1967773806341343
0.22901048790150708
0.2899713278397853
0.2922524970775786
0.28865114027921507
0.28865114027921507
0.2537779108393979
0.5755400478720053
0.6352923379736193
0.6789738532749598
0.7321472526793807
0.7020687349053101
0.6950150342013717
0.683225404153519
0.6699187906714098
0.6325277407695938
0.6442226096083876
0.6815057524905519
0.6910189354501564
0.628350034137823
0.6427429845017602
0.6776165112669676
0.6920640820352336
0.7042256122280384
0.7145902432409263
0.7237364287821855
0.7330742042388869
0.7397637465180833
0.7441071243628142
0.745835076236381
0.7460724242551774
0.6894825251674928
0.6491453037296804
0.6569103256110199
0.6663083862252832
0.6751902497994153
0.6819571431524855
0.6873496168324911
0.6921143073263928
0.6979085709474001
0.7002723423063952
0.7019385049926335
0.703232595774829
0.7060893070139327
0.7020004683807558
0.697065436833632
0.6918009105973897
0.6899613005221965
0.6814234615801774
0.6754264569264293
0.6704741410093659
0.7085707457651891
0.7037684055598762
0.6465555745161509
0.6094419274425203
0.6821075169041695
0.6904485457004714
0.5923867689154394
0.626863513932722
0.6737655556549417
0.623977587034387
0.6456761083193642
0.6202033204330684
0.5738609939944814
0.5791727946351918
0.5942412662543748
0.6005148906662967
0.5928084150536843
0.5851877207773706
0.5751530643847903
0.5468608072159897
0.30828360639332897
0.31093216880253527
0.3121444293266399
0.32332942978731827
0.2941927820195971
0.2860079422783331
0.2898318321270384
0.28055902056729876
0.2673720191227395
0.2736755203256382
0.26528456305661496
0.2606532094242306
0.25970058046271605
0.27866030581896223
0.2731241198311321
0.2696624190267369
0.25453752990464823
0.2270386782678848
0.22544629209520844
0.2240085633597915
0.22114152432992787
0.25144614837718304
0.29631689626836993
0.280561798490494
0.32176691033551286
0.32296736260163394
0.33501422893497834
0.3274271414442759
0.35134109290075055
0.4075669615590297
0.38671293123867057
0.3427031859773862
0.5256929127657087
0.3424065186057099
0.4959028088999422
0.5600886796231421
0.5737761043479241
0.5813003855350927
0.5751416659583808
0.5876590079312372
0.572399805608603
0.5824686634837027
0.5745264819813228
0.5733588071456127
0.5476725221589935
0.5807335680606744
0.6055335074524322
0.5725983166546214
0.5765602233572925
0.6114928008683506
0.6378055609898483
0.5128899052880677
0.5440472043650781
0.6035741816271032
0.6278134194250303
0.6631450684899488
0.6843093623696895
0.7021107187726583
0.7140188052297488
0.722303411702747
0.7294874730731592
0.7353940044196691
0.7410594877292596
0.7467822851595686
0.7532741277550874
0.7557843867038199
0.7571424375030971
0.7579620267654505
0.7629282400312352
0.7632715844961825
0.6962619945486177
0.6615541375065169
0.6669469042367671
0.6650975066060776
0.6483646060878653
0.6380834594261265
0.6679129041072532
0.6625521483419504
0.6536845420674053
0.641647325061941
0.6546315357430125
0.6329967163991244
0.6084410122959786
0.5824609730965118
0.5977367173123646
0.5698570689964245
0.5562569024823917
0.5307883259916296
0.530932757362295
0.5259169688407876
0.5541686740920045
0.7657219385816422
0.6845698456517503
0.6251580211747899
0.6142108807548707
0.6371923499964022
0.6085789584174967
0.35234397708768694
0.32980182222682564
0.3218670099029768
0.2065660205507919
0.3034509523371508
0.2955150066419269
0.31522445405184046
0.2806910203050793
0.28138988833672357
0.2785895430494237
0.25221859300286986
0.23771287787787032
0.23335894654771552
0.23041969683730887
0.14532156861895199
0.13052694679226282
0.12934239435014075
0.12888375819343043
0.16492715272967914
0.22148786933142062
0.22354242886217032
0.25144614837718304
0.18495791085119054
0.1502412441001506
0.16840872474244592
0.16962065534074405
0.1856496617264186
0.18681353593846672
0.2596165800273774
0.3020288505871371
0.29805231929705245
0.5323958470261825
0.47501065867441067
0.5022090984735954
0.5662332234957415
0.5667648505986727
0.604848138611358
0.5956032147002575
0.5757292399687035
0.49970335478392913
0.511260944436685
0.5306038163904049
0.5424477707369967
0.5164363184070548
0.4585153908688488
0.5331264579053466
0.5494322369470462
0.5228335896493777
0.5025991493302971
0.5404942637944439
0.569203538768853
0.5850230825006323
0.5998280680938176
0.6075747657931436
0.6006283529189929
0.5078322992620101
0.5093960262984492
0.5125298668333992
0.5260197078382993
0.5644941092338964
0.5911667313197355
0.5572605508258898
0.5630618083747425
0.5927302666722772
0.6109722050786242
0.6220630596308673
0.627674273407176
0.6365373701756069
0.5933000682014239
0.602602917378355
0.608694909187285
0.5463812783248734
0.5472955015185661
0.5854671054917212
0.5480003900891224
0.6231281375716933
0.616276145031011
0.6420248246576105
0.6620621850033565
0.6062374929850206
0.5974206450600171
0.6135068641115466
0.6057874009280697
0.4985306282887715
0.4570701989841115
0.5056945725032325
0.5356635085150853
0.5347528582170089
0.5416954290705495
0.49922740523089465
0.5519289254427732
0.5754609179660418
0.6032739309349645
0.6163777649693737
0.6041469149952281
0.34256866104591865
0.3452004972825114
0.3477412124282726
0.34667445130070074
0.32259221287299866
0.32096703677715055
0.3195633990279708
0.3186644732383528
0.30527100628385073
0.30444686324905834
0.30229268588252867
0.30363748011649994
0.2688451010125294
0.26441547328064663
0.29738744651105253
0.2931902610099721
0.27827504211515425
0.2882591508640076
0.2771767481553477
0.29642571343211094
0.2792063876669168
0.27934986789219585
0.27934986789219585
0.27934986789219585
0.292116050219544
0.315060137683884
0.5790888600312434
0.5764433603325415
0.613597759010152
0.6252535619939774
0.6280927799328744
0.35643399124601716
0.5442743484524821
0.3779093387287331
0.5310215995294548
0.592646235445897
0.5408479810502628
0.5672431704148618
0.5943603770770779
0.6702964678458522
0.650968766478381
0.6055962356537107
0.6083053553240818
0.6436185771210827
0.6553932883367565
0.682124277336548
0.6987889633094696
0.7093871765642427
0.6873878960386154
0.6433039265927428
0.6513137670908836
0.6587367967993771
0.4191341543620845
0.40448752092193707
0.4958964270575175
0.5732231727807371
0.6058487388066724
0.6492175642665172
0.6802707568483447
0.7006249053421628
0.71030019796134
0.7128313303767175
0.7117375246887708
0.7087714127341007
0.7146138106741488
0.7181643104640517
0.7175657036264073
0.7181634795559424
0.723865758652006
0.725442452963398
0.7284124722762528
0.7325694771012239
0.7314151072095622
0.7181992208138367
0.6077196825038993
0.5872846942950117
0.6170477251650774
0.6120354288045311
0.6608201557818462
0.6566888757285386
0.638446778284973
0.6372899124453736
0.628924728494914
0.6153801991914961
0.5803774740957803
0.5081826007263758
0.4743276576040349
0.567327254113979
0.5156911240634208
0.413204145567584
0.40476943242838526
0.4866291201569241
0.44356681858144054
0.43508739818759223
0.427908818422369
0.41584550792194747
0.36242974598355376
0.37721033037711516
0.3733660390953699
0.37269952238954857
0.285276450599847
0.2407042911926053
0.24123225670832052
0.2664757335507468
0.2567856461703218
0.23565535359873752
0.22905961037795255
0.22522145182400585
0.21640744376494842
0.21496253195750661
0.213613908077255
0.2721280779307064
0.3101858365561317
0.3066140141872145
0.30374107676722867
0.3039398648365621
0.3008942249824906
0.23850649506547808
0.22108920940574464
0.18784488993879814
0.15090610386176698
0.1880134301810762
0.2899713278397853
0.24455017766721104
0.1593403920017885
0.20012822369853608
0.28599449405390787
0.3071770661399859
0.5126551369110149
0.4678444347665554
0.4690613125282458
0.48089373792031526
0.5006461003899176
0.5053343194519248
0.45323654934141744
0.5582207082017412
0.5628959626335573
0.5316459289240173
0.5353419055267489
0.5552248230568683
0.48867184615519527
0.47649871327051446
0.49410981178121866
0.5078607787566806
0.539240965682223
0.565090331322934
0.5798531106546269
0.5989186944985706
0.6128299618608037
0.6236703962923112
0.6318935790815371
0.6386710366437554
0.6428916138845996
0.6445894486707734
0.6444664698897404
0.6436379872352295
0.6456819134693984
0.6491656286318731
0.6544875472898508
0.6614316645325101
0.6731851674622567
0.6795092058061697
0.6833941821313942
0.6649115475861319
0.6561464487899229
0.6466483312341069
0.640554067673416
0.6316731893212771
0.6769211161949821
0.7286583928596408
0.6335929351736207
0.6139112035609038
0.6226675069537956
0.6159418580549616
0.5955787448371935
0.5683560160381501
0.588389858802098
0.5827212401614572
0.5866035679926779
0.8150342588482895
0.8410290093709507
0.908016914419197
0.9259264309715565
0.9196846844520543
0.9141820388817562
0.8356027368887692
0.764269874399325
0.4727533517806918
0.4292309274034464
0.42361288485352444
0.4417951388249872
0.417054556248984
0.3759436319457402
0.3860089097021746
0.36459273585802626
0.36855382857381697
0.3108748690972195
0.3249037392301476
0.3245037840283899
0.3001013859576032
0.283771964772016
0.28157179813088884
0.27962042160204
0.265263937955789
0.25029063315901046
0.2467162594144964
0.2675022450079666
0.29141491018111815
0.31035185955159567
0.3137298129536901
0.31785235660100597
0.2889725265894747
0.3176938536009251
0.25803958721695297
0.22848048460195003
0.31741558131110775
0.3382555095213059
0.37841399897417055
0.27735487918646007
0.26331588043733867
0.24093534843653036
0.3169997471556651
0.35387333827520784
0.3500721086236484
0.5261537733834663
0.3387073769792402
0.465486960133596
0.5141718421957275
0.45877258709553714
0.4300840639595306
0.43236152117892823
0.41182671839984325
0.4024120376815181
0.45949095259092454
0.483051384205282
0.5020262879573242
0.5274420192123169
0.5488359418909445
0.56231206545757
0.5282734996988236
0.4765887908622186
0.48904884845502905
0.49848734015796226
0.5002419918616011
0.49870213843786104
0.5036471299945472
0.5062816194180338
0.5089198462273983
0.5117660145711372
0.51403755706046
0.5158147306747634
0.5174204682485624
0.5198884577318448
0.521645226358037
0.5231153867497195
0.524540937310922
0.5275567718133003
0.5272964921398401
0.5270815426715516
0.5451879847231541
0.5638546293626739
0.5811876765811379
0.5934993794235507
0.5683455688999582
0.5915482313020703
0.5903388703564464
0.5678027494159512
0.5776781598260079
0.5982765331306301
0.5448838130640994
0.502027934121568
0.5031031132209373
0.5419557874603921
0.3627651218619086
0.42260319407700864
0.49558892645858366
0.5699753830866473
0.49724306819467423
0.49034224148718375
0.5345064919530793
0.578165706692761
0.5964592843013632
0.6035183597241199
0.5792094397999572
0.5631531300834256
0.8174019402551683
0.7727800722848704
0.7621512140884703
0.30747918464066004
0.2925581691229993
0.292436319386834
0.2904340680043871
0.2691414355254608
0.26601645794641543
0.26375721002032976
0.26225217577644766
0.250802752605989
0.24970404424076093
0.24936942436515877
0.24639071749349717
0.2359986240799843
0.25068247674074445
0.24993434004699877
0.24884726124717313
0.2371174142637487
0.2561091933485423
0.2570413012770962
0.2742795941928375
0.3036215133021272
0.2838910495963892
0.27894073653341417
0.2767807129507222
0.2940375784690422
0.3342549115173463
0.32436478311522193
0.20552077198954422
0.1952038415795193
0.29993206213490253
0.30648755763439434
0.3039482454949538
0.4897056889420563
0.35503572443268344
0.48897770746067243
0.5407374776961926
0.50743597868327
0.5280318928369097
0.539055636193091
0.5404461570445399
0.523660642495969
0.5252319851983664
0.5175654309225716
0.5180594111261235
0.5146054652295043
0.5188920804879343
0.5180503936096292
0.5931743497624349
0.623989811589837
0.6282195432884949
0.5457906675371433
0.5236898876144138
0.5245867533437047
0.5267551773215078
0.5295160497331873
0.5327305196175973
0.5358563855432669
0.537959956301002
0.5398308376017154
0.541807630273623
0.5441110705292741
0.5460959050190578
0.547633500181519
0.5488875803977818
0.5524195276380777
0.5533308516160446
0.5544447459671453
0.5558110389996899
0.562349350407634
0.5628646545947514
0.5649460314342918
0.5790904952091076
0.5848541743428994
0.5783040196057453
0.5743615826235096
0.555091067182121
0.5543059490751764
0.5642490168829509
0.6274614513537369
0.6603072092666917
0.6601424565695719
0.5706310306369137
0.5624387880936206
0.5967045763845517
0.6160147986127196
0.8908872033285546
0.822886356874722
0.8095195234661109
0.8038842320065672
0.7012442425023744
0.45732555258057733
0.49208760891895925
0.5038823525374054
0.531595261972002
0.5444049000567215
0.5164785698157757
0.31561985838665385
0.337671492638384
0.31144133953675035
0.3095246669045558
0.31054492554000257
0.3060934836480779
0.3303209565546429
0.2885872435319455
0.2619642870466331
0.2620103653952066
0.27711442051365354
0.28575670162384725
0.27628351372895055
0.2710852545728506
0.2679265969927357
0.26565395634251326
0.2544327772936131
0.23427901026226788
0.22972311671452927
0.22980280311445916
0.2301828131064599
0.23258371763870223
0.23258371763870223
0.25266628960558013
0.2601136370822023
0.2613140893483235
0.25398474325621023
0.23822964547833422
0.2665757149017249
0.2629743581033613
0.2657543652233094
0.2629743581033613
0.5991140753064096
0.6365267234956272
0.7531516410165431
0.785141693735957
0.6289111510844237
0.6322907109578568
0.6671627931627538
0.6866068702182928
0.6749051134045143
0.6796223040148333
0.6901533899348049
0.6950347751087149
0.6973035384453325
0.6975497901245751
0.6954607548753686
0.6922508926918243
0.662852128614735
0.664117106336275
0.6796791146687555
0.6930110879787555
0.7038299534426905
0.7123622259772738
0.7192395401199558
0.725632399918314
0.7315350290252505
0.7364680140971006
0.7405497516275049
0.7171422589379909
0.6417741796441411
0.6432616000761154
0.643935442176729
0.6442850738681184
0.6465852833689741
0.646505125790165
0.6462390903970507
0.6459862287629552
0.6493253835861875
0.6492088622625248
0.6507278413692582
0.6536377843462353
0.6572723515309226
0.6539990403619012
0.6514371502951788
0.6495115939287095
0.6738915116883114
0.6818586855007364
0.7130613548177193
0.7157624719203375
0.6691843292509884
0.6566873576228694
0.6772380425169428
0.6381424512647257
0.6536570321204977
0.650521393894426
0.6341890935035787
0.6292402673816537
0.6250202369280331
0.6044185116654546
0.5007025834199358
0.5136317417218071
0.4683265766938348
0.4618047933139358
0.45236116131983
0.4416473061893662
0.195034403477507
0.2769704794795538
0.28722520032560417
0.29832017426352847
0.30274404223197776
0.2974932285880379
0.2954258376209303
0.28945847032172667
0.25515799399702355
0.25015186827056257
0.24700195682709838
0.1677192492255902
0.1707478405233186
0.13114038167606287
0.24693457458537588
0.23685234828394486
0.12822253702704434
0.20869930166860684
0.23417070662622744
0.2311625388723341
0.24714984148263397
0.2337956482370004
0.25266628960558013
0.25266628960558013
0.2141142025675951
0.1557804926366586
0.1557804926366586
0.23659364186704915
0.2936432163980527
0.2900418595996891
0.29048557785978496
0.2909567422884614
0.5541619224920976
0.571192592772179
0.5900861021651397
0.5622100166053884
0.6050431672456238
0.6539202789422185
0.6618273636136054
0.6389813365296931
0.6324117159364591
0.6496379955197444
0.6516198673462895
0.662094697077104
0.6592081807787025
0.6685117511170883
0.6676553397180475
0.6646013578081491
0.6756933406678419
0.6863861928113476
0.6602562405656932
0.5981046162237349
0.6036225885572618
0.6011151996360601
0.6044401089879546
0.6060627383613135
0.6109535070286983
0.6184262164709057
0.6283332685845965
0.6401462164473536
0.6502246625843284
0.6569874021150837
0.6611947079542844
0.6638580694764273
0.6680766176371038
0.6697253505896664
0.6711147288791021
0.672450435196164
0.676627624458406
0.6764336210107972
0.6768793192728763
0.6779248393018685
0.6924866718675574
0.7363358821302746
0.7496819117478699
0.7656525374993979
0.787833844067023
0.7758288419300554
0.6909500952783827
0.6028005577284744
0.6055044442258789
0.5909791198046292
0.5926315709973939
0.5763534515835054
0.5569719596682474
0.5206346744291042
0.47947591487451435
0.445609518481535
0.4162462149012594
0.4508108171525246
0.4846335583402971
0.46229990362612444
0.4584624133816121
0.4720248014357914
0.4904604768480196
0.5082380705617572
0.3187373219662707
0.6009128935542473
0.597459251118135
0.5959623849455843
0.29966917131946574
0.2923055043892866
0.27508489508516154
0.27358588328543837
0.26302425936446905
0.2631857383172067
0.2877910418778819
0.3044123314691471
0.24294960846205144
0.291615788042205
0.28721072264884445
0.2846400163386578
0.2736703747365769
0.1835698178945203
0.16586336895947174
0.1646838446064908
0.18425429047884934
0.19500822468133258
0.30072498708523177
0.3152462596408149
0.3247121493050396
0.32523311890687767
0.30165372518064115
0.29205347083870153
0.3129377616826486
0.3179187500683401
0.3158222275685118
0.3143353115550462
0.485975167200167
0.35563106366112757
0.36639702687738424
0.39742591815300393
0.5085341456866995
0.49565302187173166
0.41028346261700266
0.42507434153651413
0.4206371567930217
0.42291321286621925
0.49706961800397265
0.5289313382181952
0.4419832214899641
0.47310645461031403
0.46297470722155715
0.5149606570183067
0.5748452477253353
0.6174615998305759
0.6420910773985605
0.6552829681553046
0.6644923557716311
0.6723444216693968
0.6389913968826928
0.5821144965813322
0.592253516796682
0.5840483431584141
0.5831517357184909
0.5877996971245578
0.5944361631670981
0.6003748101149451
0.605264969615738
0.6095984967853789
0.6150009060109857
0.6174897672635947
0.6193341120261809
0.6208988291881764
0.6258186704551382
0.6225371003657757
0.6195005731714731
0.6191742410760566
0.62507694042941
0.6262874795197783
0.6301913637058217
0.6356974114226186
0.6482658341618223
0.6423020311082311
0.6621535479807329
0.6587502604579747
0.6849961069337943
0.6713207945514582
0.6750045690692448
0.9392394616541291
0.9704260668677457
0.9437670209098045
0.870933976463652
0.8475799945413827
0.8258932766999901
0.4766288352829147
0.44265515528323385
0.4500806183108467
0.4471247280530085
0.4407198201954982
0.42919362941694134
0.41907325804656775
0.19503140331801785
0.20956259159357657
0.21487405321719924
0.21843314262724173
0.2210354606659126
0.47298348649708155
0.5705865458790135
0.6060724460411182
0.6160691635949248
0.3628580528362312
0.26173706776041517
0.2130089957579717
0.20680971563804051
0.20944912126164522
0.20804547207660018
0.20669238714968644
0.21330786390004633
0.3203750811662227
0.3272035452278688
0.340697422681484
0.3427343333842782
0.3541219976460737
0.32646657521506645
0.3183707232383969
0.33173899020631326
0.33277991912168425
0.31849820340644014
0.3123384529660036
0.3450952709900064
0.344389216930205
0.33540435361519466
0.3317087574902388
0.4674306544169186
0.3818927910423176
0.34332613944262746
0.36295996971899214
0.36856723465625835
0.3930560330291183
0.4153429179041728
0.43107199805130714
0.4171384492661421
0.43631009631041284
0.4360031878315342
0.45474166257061127
0.4558284221020108
0.4761798373252278
0.49235831318005513
0.5061241805956903
0.500981386111425
0.50509141154565
0.5123684608894757
0.48080721306828755
0.4221815125838379
0.4294991960298306
0.4345697420804076
0.43810582704789275
0.4434570732008157
0.4501422461213708
0.45791656744350046
0.4664252905842129
0.4745579231106463
0.4812419631936088
0.4869670307278357
0.4920647636757355
0.49873776268992936
0.5030218128065138
0.5072070130636412
0.5113661206901067
0.5167135531160073
0.5162757461827605
0.5152685983150836
0.5140238671614011
0.4992057447937325
0.46857222284499905
0.45798897991960286
0.43776147174702323
0.44678824472373735
0.455649152574936
0.481753092148251
0.4772051597579085
0.47251001069800863
0.484016371205546
0.47761629166830744
0.47439712316030935
0.519664653076072
0.4201512734750149
0.4179256679458623
0.4201169011768981
0.3141245608209912
0.3129958940823487
0.333861711424769
0.3034986318218298
0.299842307297791
0.31905917265744876
0.2839122250590825
0.29944949849865055
0.39426011018454976
0.385880322586281
0.3751241207780023
0.3581241021951484
0.33680310348433007
0.322888544252803
0.3193548834637595
0.3160929570887347
0.3204788223057177
0.3217896348406998
0.34277431941664327
0.32703015009929476
0.31783422269619355
0.31591735350405303
0.33853115915879267
0.62298163256024
0.6118780874638058
0.34264015389332725
0.30345161647061486
0.3001644521030156
0.3209161851664431
0.3215960027276444
0.30140960891657365
0.30011222054104353
0.29924353291462014
0.2985920339078063
0.29338693909564945
0.28975168001887114
0.2735022721767858
0.2709326119070707
0.27313177479130646
0.2700113604896981
0.4492827736629265
0.375538568811417
0.5854523673109464
0.5743581181365653
0.23824606668057863
0.2167561576764674
0.20389106911218
0.20263109565647025
0.21515235288599202
0.23435585551635277
0.2495765784317102
0.31044717728614185
0.38189107491805785
0.36213900676857413
0.31472226359859007
0.3386132326870375
0.3934215924161847
0.3934504640856642
0.39585409316849346
0.4133825303633864
0.4038307045103182
0.4344617860706305
0.46287710868372267
0.44847482995635807
0.39376772833430185
0.40431125437443916
0.41178784259792683
0.4473639524146586
0.5162100829135975
0.5239310296814063
0.44381598259937766
0.4016541333568718
0.4005039334777306
0.39916426454364573
0.3996206983460862
0.40119134823847646
0.40726811061893703
0.4064038038024983
0.40616518958536024
0.40649718689471587
0.4169566571965864
0.40628768187321146
0.39827233145321844
0.4122400001921225
0.4821646777021806
0.48415090077403444
0.46163035890140425
0.4652740266184075
0.489864162118566
0.3955785516304532
0.3551492577995767
0.36296764617803895
0.41089994318087586
0.4309089891363375
0.43955647548181015
0.42932600915179187
0.4390619995761517
0.439035967635224
0.4287861756169135
0.39698550585318315
0.3848039200067613
0.38849753067377063
0.3928104991475434
0.3922242008442809
0.31332394295784705
0.33037056697798084
0.34750254422697846
0.35127002046042455
0.3298657413110878
0.3296624139248388
0.22564729768986616
0.20381047738853472
0.22608748087608718
0.22863264018504195
0.3134037476392074
0.3401406846812304
0.3298298211486336
0.3377188992835488
0.3570167620046626
0.6231977835450838
0.6120676882160531
0.564121408670482
0.2341414646539509
0.21273952559222137
0.32163865211250914
0.32616912425892797
0.31969273316898944
0.31853613753759596
0.32574062473526694
0.3293783969550541
0.32591548877000376
0.32412387491268296
0.3399623618861783
0.3096647206306909
0.3191330124034418
0.2722134295203925
0.356076295718619
0.25016186639942856
0.2227329259852755
0.3020113851005995
0.3042117650111015
0.23917808698511037
0.30457505299129517
0.28961351617404113
0.287557416584218
0.3037359178271713
0.23798612695434973
0.28231316572533555
0.3538476564684825
0.3937989818857433
0.3155553203147282
0.33546607615133334
0.32456198453132695
0.3367408229483006
0.35850544966480036
0.3744395739013003
0.38542865041005375
0.39309312756169684
0.39807521453324285
0.40131082541100893
0.39648256814851124
0.30360278108068495
0.30799027975362514
0.3126417641902905
0.31819816600581197
0.3234124375953494
0.3286682703393109
0.3339893249978782
0.3369573433503328
0.3386055249399833
0.34094235611927715
0.34386029267747437
0.34833101148186346
0.34762210692295076
0.35097479836238565
0.35330215971428547
0.36072881437287646
0.3620681172518469
0.35734901797175445
0.34673764250099376
0.35978767692403524
0.3530007987920542
0.34738768885251453
0.3425043255381202
0.3632354900623484
0.35580899892858536
0.3475762960940979
0.33470222047671344
0.3583297150844482
0.3547586361258561
0.3468871609549027
0.33854950340551393
0.3242407923579462
0.5622300587630762
0.6261236473803499
0.6066387633408045
0.5738497978587893
0.49532341104383426
0.19527996654954463
0.24258552042529272
0.34280957510448706
0.3428397308380777
0.32827805221110457
0.32270799231144826
0.29886642383466955
0.29278613603135817
0.29012812521146253
0.25242354344365064
0.21733456037069215
0.2918598260091707
0.29427942031010107
0.29055545205517525
0.29672598462149113
0.31683677190372445
0.3248301633934748
0.3275578443633963
0.5666706804412998
0.4757973263620611
0.204058625349505
0.1801010131663772
0.1541673624844272
0.15064260522895517
0.14662907555250335
0.21985538599977705
0.24675999911086874
0.24352060105547088
0.1508954507995931
0.1327273260163625
0.14654617610855675
0.15860587207166496
0.18974577271171342
0.18000146783318977
0.4851295523589222
0.36972885219624546
0.2864880607089731
0.32423927679884673
0.38400030914097416
0.47253151588135717
0.47359598263510183
0.46937002843052056
0.3539734998660141
0.34370176509719275
0.3599771361277193
0.4026971783666331
0.3700316516449113
0.37623868560085244
0.4263985018838524
0.4637175388007197
0.4891026668263998
0.5088967675667793
0.5216631053899492
0.5302037399583396
0.5349569462648134
0.5405186312615761
0.5446990710599074
0.5478099082282976
0.5505326088810205
0.5539380445445596
0.556784890081621
0.5057775887151198
0.45778081914265983
0.4603803464872404
0.46271589520085843
0.4649307616212186
0.4690715703429394
0.5025314156346284
0.5397811632181365
0.5546784281234339
0.5256277294680937
0.546163634123952
0.5605083418795671
0.5202596266123051
0.5384361157888087
0.5504153320763092
0.5214962446846008
0.525889368546924
0.5256789079642317
0.5098637872744499
0.5132027518982684
0.5133071253524216
0.5581739491030056
0.5696198048158313
0.582307771615228
0.5643864293918683
0.5937497254791115
0.5841229026826303
0.5003038355200422
0.45723862861026726
0.4499369888990954
0.4383028103068231
0.4251614924757341
0.41114167700061466
0.4063023186152783
0.44893367171565585
0.4471044592118359
0.44194797622067566
0.2896227735625371
0.24374015385645378
0.26706969049827206
0.34069269066135055
0.3494594128860114
0.34652132259352625
0.6427258404980629
0.6413190354341342
0.6119229717520311
0.333235175266858
0.3070998938290048
0.30283325985738047
0.2030444950968706
0.20277196221069713
0.2724361841484892
0.25431010754028144
0.1789858797002383
0.23578471116477306
0.3018428408870468
0.3356261397673367
0.3618717787103097
0.36195960766691954
0.6058835001469708
0.5979272168807502
0.6003102131783423
0.6027688498876482
0.5935235481085995
0.3310065986378571
0.30223352071726894
0.29353700871522376
0.29243647446787674
0.32030615092242637
0.4958313947137621
0.29136379031145226
0.3574184087414186
0.40205171187149785
0.3984002305844599
0.35473937665269345
0.3690366712225903
0.3830342434050273
0.3369312843628029
0.38325413063272723
0.41685759277266105
0.4350298676765766
0.4455724900873936
0.46574887734939113
0.48042656394708005
0.4912949912063534
0.49683585014236276
0.5081873194426534
0.5172144980885335
0.5244947334120005
0.526408595354827
0.5321308620091687
0.5343464372591247
0.43982184327291896
0.45787047427279814
0.42374532584332575
0.42833732800542446
0.4320661518617929
0.43526084141392757
0.43682767643441706
0.4375237744603569
0.43776437815332436
0.4402350041206516
0.4407197777837026
0.44143462038676556
0.44239532466527426
0.4465978318421435
0.44688196568564975
0.44816233431934666
0.4502738746867155
0.4529525112359727
0.44865237607592673
0.4454211744662566
0.44309193617843423
0.46920346559241366
0.5062981592319453
0.5350916887614743
0.5415038033389794
0.5248166499363972
0.5416630824577916
0.5575819725187331
0.5042718083461535
0.5548069037800925
0.5506094434079695
0.5395940424784968
0.5268940612049405
0.5363440925151047
0.4916530371946974
0.46277576166607587
0.4711687595480108
0.472650922391702
0.4781336236284333
0.4681233032322036
0.4573845809032539
0.2603521779035813
0.29316465195771646
0.3142822827425527
0.29443994108026544
0.2822688219012951
0.28051709485129067
0.2800537763909965
0.2756986231935094
0.2623691980460434
0.2605532311802042
0.22737456366995523
0.16852981987490373
0.16270900702137614
0.16286377838240373
0.16285522936584013
0.18635327280488426
0.2604351529927448
0.2631523438862012
0.2436057900417222
0.2211907449841784
0.17068429127334464
0.12705012092703738
0.1471326928939152
0.16504618513630923
0.2601136370822023
0.23238017521463772
0.1557804926366586
0.1557804926366586
0.16104211819005998
0.16481740115554275
0.16413683579587576
0.20584101752088477
0.5521342648985023
0.5290227036478329
0.5115462915505119
0.4825347864768854
0.7403716074194167
0.7832768654824707
0.7877635478194709
0.7823499090334117
0.7627508704305714
0.5408750457201857
0.5211995360941548
0.4956938168973399
0.4818370914855223
0.5109191401678566
0.5289363911213372
0.5479467850935885
0.5588230093024825
0.5751399037768838
0.5595520210610507
0.48983981552729755
0.7354097479460456
0.728773262491063
0.7274198719485377
0.7277526578728989
0.7277526578728989
0.48170876249843214
0.48170876249843214
0.4843028554048734
0.4843028554048734
0.5018260144280353
0.5018260144280353
0.5156064255029841
0.5156064255029841
0.5286551918288525
0.5322150861033934
0.5350787044236435
0.5401768101049572
0.5404177590864767
0.5410748109696875
0.6279623071505325
0.6283724230083718
0.5412844894283741
0.538815880650271
0.5370648241438941
0.5473978251049336
0.5441588819095716
0.5400650648163717
0.5349956437493227
0.5621213114750835
0.5485552698391717
0.5423354060258873
0.5267871398134772
0.6207800720011623
0.596614880684413
0.4979321259421211
0.5361665506884665
0.5446295569212861
0.4083293685103198
0.39277751632966534
0.4039821770837541
0.40375611879582457
0.4214625046945032
0.34347825914794994
0.35536594370114705
0.3138373447963137
0.3484655195180793
0.5926615861246801
0.6081272561637644
0.6237430671588552
0.603723970615277
0.6001351955206132
0.6098094904543152
0.5965652338113808
0.3245741124014997
0.3071695720267837
0.2845754336591267
0.28779438193121587
0.2699164529083801
0.267532336807824
0.26570018034849435
0.27030779191885795
0.2737344413521695
0.27161824482531793
0.276215751748464
0.29147812957890434
0.3046829751235101
0.32190050448747054
0.32733955669378534
0.3421800877015667
0.30702537021506193
0.29862139269085863
0.2955954211146812
0.3063353362868509
0.3074074092113955
0.3053721033099951
0.3038831354323999
0.44996026640016046
0.3634741401870604
0.3182011318954582
0.32889378630825783
0.32839658850421016
0.34480081439633886
0.3607079701514003
0.35721874034763074
0.36620900440111703
0.37464932828659386
0.38620284279077216
0.39449800524359846
0.3824134386685722
0.400743810842986
0.4163242859446948
0.4297320179963204
0.4423355993853354
0.43650817531341835
0.4410957368787684
0.4591862609967596
0.47396530918975716
0.47457665284092104
0.39058555608712703
0.39881597214829256
0.40474917262387894
0.4089192880367618
0.41186898144031314
0.41410205453462395
0.4175840888081093
0.42108504834654786
0.42500008881967577
0.42927271950381496
0.4348030876624682
0.4373760669590206
0.4392609804574371
0.4407418071974277
0.44404599424837277
0.4423398796062084
0.4407444393162759
0.43931462890466283
0.4446954192629914
0.423883451938334
0.4203610107726433
0.41703788609761616
0.48870101896812285
0.5041937782926914
0.5072611259307207
0.4855436467949813
0.5119632985039798
0.4802640920777081
0.41741162497028284
0.4148460337283849
0.45018586845979697
0.43234125695247627
0.41340480694470555
0.39296127942706105
0.378120869380351
0.3602161617189021
0.3768116918266419
0.4201158206058803
0.4038055634648813
0.32592349790255054
0.26605779523152717
0.23538821201763935
0.23821151705525367
0.246347244083347
0.522747374623981
0.5235742517282812
0.5031296988667673
0.6082260547351626
0.61014023060901
0.3364060361375341
0.2901006556137578
0.28550755833328056
0.2919526128865872
0.2863469110964007
0.27631816440470697
0.22317477462589125
0.2178276110232604
0.27563197958828256
0.26288397167168887
0.19738984000838455
0.19650577364145108
0.2014760241676512
0.4991536598182528
0.31771421361618757
0.3150209811110487
0.31007519048121013
0.29097696625000535
0.28935832083555635
0.3252780192654577
0.33552594428120397
0.3089049715629545
0.3075700335586213
0.3066472297260182
0.3164415422972054
0.4644296006143549
0.27757719435604933
0.32266139461472926
0.27067429326551706
0.21364073996460814
0.32813833223506894
0.3079200527055665
0.24050048231109483
0.3318383455584476
0.3055986292216305
0.23635522148932492
0.33419002732267405
0.30224564261107656
0.2371445959661218
0.23986304296899874
0.24845228863424257
0.24803803134241809
0.2537874830455704
0.2571730403773769
0.2593303756931758
0.26020950678330057
0.2603216238697833
0.25942758729975
0.25786518785568635
0.2580721144358674
0.25998771489918165
0.26373348096952753
0.2692800110727926
0.27284979866959325
0.2743224306896768
0.27484464936571856
0.27495381857659174
0.27745287239233174
0.27795368006071614
0.2785184386141617
0.283878529462139
0.29189812295635725
0.2952270613851854
0.2989057588299736
0.30285064762692676
0.29568943497926636
0.3099132213445702
0.29055586620265833
0.2796866401643777
0.2974495856987667
0.30163084395124523
0.2717919800288979
0.23564168849130265
0.28799215506702674
0.3065305186196372
0.3731207982244457
0.3695621881917943
0.300544409356007
0.31175445620917447
0.34490683387441085
0.3154501935786946
0.34203699731414455
0.36869065552003205
0.35636725746954484
0.37114363815244406
0.3776319855732455
0.3682807466093884
0.34113449966805964
0.3163557718272089
0.33910872719884216
0.3438928187682801
0.30114478337699385
0.314458013649645
0.3375814442871333
0.3197443679452789
0.33036696517714126
0.3375201678571075
0.3246917047676804
0.32092051965558754
0.31497284478723664
0.3119943584694396
0.3036353164875332
0.30249782619236154
0.32699626827786077
0.3323921201469111
0.29909970225741983
0.2931302432941247
0.2950506933395344
0.28991849786408447
0.28591391793258364
0.24243034095598634
0.19999269605847314
0.2179075935145261
0.31395228997682384
0.28159132501241385
0.20434453830620286
0.2025604231741685
0.19654825674393586
0.19579884029357003
0.1964195308799855
0.2969325751099005
0.41653123634079114
0.35273024777606865
0.32835945982705483
0.40552835333062154
0.46559245010853517
0.45385099968053144
0.41085473513834997
0.41810863882009675
0.34195320486072195
0.30584739853849124
0.31849697946552663
0.3274624990421314
0.32808608514204163
0.3435118727623364
0.3575177770322712
0.37063783393835487
0.38167344372785245
0.43389007345800057
0.50028348927617
0.460090551893113
0.4083008300886739
0.41376820840990186
0.418496769277601
0.42282916521601244
0.4260265014279389
0.42782848048910094
0.4284161254592284
0.42825761460197675
0.42874443527250283
0.4291831546660632
0.43017269380537354
0.43176154518362847
0.4355651239065326
0.43710004902006033
0.43875839431854424
0.4398654644655743
0.44535142971776054
0.4442267676466707
0.44412953696818575
0.44488726540204165
0.4563252533947796
0.4469543162532965
0.4512748563697007
0.43888459853318545
0.45501560806292235
0.44602637775815285
0.43914722491431485
0.4414378749726377
0.6964023839741987
0.7197276015372536
0.7468757940778593
0.4896572638905924
0.4987470131974787
0.4601046098453784
0.41683149300404626
0.41101655405597626
0.41371313913209695
0.4094337951034915
0.4731374305820367
0.5079867719346141
0.4300470766290319
0.34548236578875435
0.3122926528249339
0.3480064743347531
0.3472285423550176
0.3605436275488007
0.35875368901855864
0.23031224653450946
0.201305717929025
0.19788000847569545
0.19540754986947287
0.1944132302669267
0.16716332495918326
0.18146726015073733
0.18090463548639155
0.17796000867517184
0.16913300188134814
0.183375493833444
0.1827252257434589
0.18179051881498723
0.2405052006296387
0.2559754798311888
0.2544633219610751
0.2702240550661629
0.1748264768918468
0.15951200227603465
0.1798031871418755
0.23509410374531012
0.30053239179826086
0.29673377043285215
0.304537945328109
0.2681446143596831
0.29230421511380744
0.28782247891912827
0.2839665944787139
0.27790734334136746
0.5257271722777854
0.4408062320729499
0.4659048867984338
0.5236091922793596
0.5692102650039114
0.5403098304048224
0.5060528768310909
0.5745894423713807
0.5894033080027702
0.5552691665169308
0.5662392998877449
0.5954056413108372
0.5552609959864155
0.5482248513917454
0.578988817768478
0.5926626256188325
0.3463719394636783
0.4238545113897686
0.4835978247182555
0.524116206814422
0.5501653138813962
0.5662442886236412
0.5760023685786094
0.5821702709180189
0.5891666157817708
0.5970619773129339
0.6057998420419629
0.6151785078163913
0.6238264638229513
0.6306417656339809
0.6363028336096763
0.6413267205954295
0.6466019764555657
0.6483118452087162
0.6366008712381201
0.5434692257522187
0.5465405599941298
0.5456892459616627
0.5474811692563556
0.5603490660281553
0.6280636943788601
0.6287978546614037
0.5285184143989473
0.5503375048899668
0.5887569503370009
0.5644536965519659
0.5865927639676449
0.5973323991010004
0.6271818043861757
0.6267186350685596
0.6241899624802214
0.6206044249688564
0.6502878049532559
0.5938562014769974
0.5824522321039312
0.5844052083766214
0.5690435719581112
0.5816597520683394
0.5845787759218402
0.499442458974691
0.4962111143872028
0.4998569610475333
0.4939166920913309
0.5112406016327689
0.3052475822813138
0.3268718012640173
0.322732935326803
0.3315501306431433
0.3080965071678178
0.32045088339475497
0.3343411632630965
0.31781985060227236
0.3091998367652738
0.3066667725896525
0.30512710669997756
0.27833517188072443
0.26273109410886164
0.27535603818919085
0.27320608808988284
0.27082672237881794
0.2795624273047371
0.2808219231188475
0.2813563754980893
0.2816179885574706
0.28572268511386345
0.2911427775239843
0.2854082719961167
0.28446175651928385
0.2996482514727338
0.3414135705522453
0.34499021557175863
0.3439197623371126
0.36494383340556674
0.3664008220048921
0.3576590098094267
0.31761580307053217
0.4850126974910011
0.30950469904088684
0.44849937217843977
0.4853836964236221
0.45870831630942344
0.4870200494378239
0.4988609040581146
0.5009649814238333
0.4273817764288819
0.4475986471272672
0.4739871107134779
0.4934732378849071
0.5048253965792886
0.5278160735773436
0.5452942972997588
0.4566680886246586
0.46360652286194576
0.4733867189095307
0.4715141035023931
0.46784331042967175
0.4648361272597908
0.46301125783126484
0.4617910077114341
0.4610729430432144
0.46357763904374116
0.46842155974331756
0.4753688567684094
0.4842680014484827
0.48977784187681966
0.49184721263076214
0.4919597922536969
0.4912181629126398
0.4931282666437633
0.49332039598195826
0.4937913854154142
0.49448361150398196
0.49831279815350993
0.49830847827048547
0.4995314342787449
0.5017688403699512
0.5053550126435733
0.5025325184051246
0.5135149354253158
0.5439319822370144
0.5248214855241277
0.5587504981118906
0.5808760567507076
0.5920417061500891
0.6382093075141204
0.627443475963928
0.6165754094492085
0.6064663215121658
0.5460509771311809
0.4962646245536274
0.5071891633130086
0.49345794757910855
0.48233874992985554
0.4592991616195227
0.45813043008207416
0.4404753072164445
0.42525858430176877
0.43688564018302517
0.5037158812007242
0.5041897639844312
0.31468091113192675
0.24361071844251503
0.22692804334992844
0.2279470775691402
0.2053410754801916
0.22412701813065508
0.3079419390797783
0.3050136093031193
0.2959412352544132
0.2952510729101065
0.29124668894485334
0.28762861426101843
0.27994645539837615
0.2785832921464338
0.2755219378143522
0.29376125404288994
0.2839835024326345
0.23253870350310135
0.25511528360386265
0.2868446965450091
0.2828059754524049
0.2958283740474064
0.28379915638171743
0.28073288762820847
0.2844100115504896
0.28561046381661087
0.28561046381661087
0.28561046381661087
0.3032547462506199
0.3072790373541665
0.2525635450047308
0.22645225629114552
0.39957553285353337
0.20365600901506054
0.3298635789239991
0.3966623599759078
0.4155497460515388
0.43052395387064485
0.4370568992921223
0.4401596077433337
0.4078810328796925
0.41649315434037637
0.5066343601815807
0.5396894855552441
0.5498880443082514
0.5651137298967691
0.4724797878044091
0.4792076024357199
0.4843444341017036
0.4919253256619457
0.4956501029504191
0.5012810756337569
0.5068777727759932
0.5127303264111099
0.5184662661212247
0.5241956022223336
0.5281147099257231
0.5299686411026365
0.53006115661889
0.5292884489372979
0.5304643099166798
0.5323150443640361
0.535125369230811
0.538656502822596
0.5439695979909996
0.5466741415526437
0.5490603775910752
0.551327350247953
0.5585956174253435
0.5839152766205723
0.6146323606699682
0.6198910085770564
0.5969230884761138
0.6085759493442904
0.6363715011127647
0.6454920073599635
0.6702231281459973
0.6712599641336255
0.6052119385454241
0.5560394662862953
0.649259058346681
0.6483932480462837
0.5982006908645358
0.5994304446702896
0.6295842999234491
0.5290237411279473
0.5453691044279619
0.5377383482510103
0.361342698340112
0.4375457625509958
0.4970616573643882
0.5482692667091598
0.5310570540368159
0.5033864699104871
0.5048863597856132
0.5059760499790723
0.29326687935139334
0.2968941545322741
0.2968040853235446
0.2955739270993485
0.27376607956494725
0.27288088614196093
0.27242521104623496
0.2726048527921487
0.27867362430193454
0.2961907901311901
0.28169407262762935
0.27916875393270474
0.26892092278442586
0.2758879524794747
0.27164862025978287
0.26562347999193814
0.2649190924017486
0.26037934459050177
0.2519342112503674
0.26263830200672506
0.24409008364474244
0.24196069003547896
0.2721844851357842
0.5614594829071393
0.5669266062415065
0.5842791685953029
0.6142606485739205
0.6353942926214183
0.3755587685803671
0.35348361750357654
0.3413949303291454
0.32561014207650685
0.4773134001438315
0.42248411637726885
0.42325022852582744
0.45361312012049115
0.4395111259380351
0.4815268952584315
0.4797813934025993
0.46773149183678875
0.45265421315259824
0.4783170904336571
0.4585024565315134
0.48320313774965395
0.4649459853023244
0.47502971355562934
0.510235011939991
0.5325199762697601
0.5466312727814348
0.5501019960525575
0.5590067157727768
0.5779405050000281
0.5936402293568275
0.607202515085362
0.6186280099198933
0.6286649624095695
0.6393936507845823
0.6506589995994981
0.6625644828678419
0.6751779779448231
0.6838066469337647
0.687682754663222
0.6879876038162667
0.6837055219654647
0.5827825112089219
0.567970706013484
0.5603834869312397
0.5728786691413734
0.5897543579409003
0.5980082179693215
0.6052764492138173
0.6104251651461184
0.6167105589717188
0.6135157546735803
0.6089394683184343
0.6034828330476839
0.616600938034309
0.6029598980280717
0.5895242530098378
0.5997644981969819
0.6663466072701228
0.6613634096314963
0.6229697863615995
0.6176916345116701
0.6172940367528689
0.5258791332581978
0.5118843628697584
0.59951026107372
0.5605110056588848
0.4729896578809167
0.519369043490224
0.5340124178097541
0.4967105510649361
0.5060716116488851
0.5071184546296521
0.4536438082581561
0.3111877634955458
0.33254783081651784
0.35549667370155746
0.30834739614320555
0.2782448754952659
0.27247647277699033
0.2684964191569995
0.26548113569305243
0.25298867978849565
0.25098933231358855
0.2669271823476785
0.25141226129563843
0.26469141333388246
0.24352266879416978
0.1853342117766055
0.14770080403724134
0.22404579786898537
0.19099403368795553
0.11615429865788125
0.11530777480353532
0.1262264284602728
0.15103757772690968
0.1568194665663696
0.15473161205694022
0.15458004037053744
0.20168901570051684
0.2613140893483235
0.2613140893483235
0.30730404411361195
0.3163493600955565
0.31291372061819905
0.311429950363526
0.5077493002718408
0.4304156476281317
0.3459672924839859
0.3783925543973055
0.3948751079982138
0.44956252189132506
0.44330688567982696
0.4853017661445109
0.5004501810045427
0.5162697050831763
0.5323339736632187
0.5431222470058978
0.5469064429699195
0.5565228000820307
0.4651065961303467
0.45879572786590045
0.4660512484092653
0.4723195325500021
0.47671423973461924
0.48005899540494373
0.4869741916840217
0.49799943828701937
0.5066236885377081
0.526024990574052
0.5409942657925109
0.5505420346623945
0.5555155539472841
0.5574298999864942
0.5583893552346142
0.5581086995632628
0.5573882080580731
0.5564607285757914
0.5543562252168972
0.5520031804006644
0.5513239228005482
0.5519707942635721
0.5550630110461238
0.5531100969898427
0.5510548508274627
0.5490816682380313
0.5506565732587825
0.5685397005564612
0.6236396959718966
0.6164842897561856
0.6307774367674829
0.6215294695898639
0.5236478497638263
0.5157343525768855
0.594017796304523
0.6037268819948605
0.6221649103845326
0.6000290721544237
0.5515913389748627
0.5401861609793486
0.5245423529272059
0.5110414522102714
0.5886325770343016
0.5447696511838767
0.44717129480473705
0.4343259631813906
0.4258034269854834
0.406034701438836
0.37075312583475406
0.37168628841774287
0.3253086400905435
0.29300293723606996
0.24142798684172723
0.24128295286757764
0.21943827466090524
0.21754844642064627
0.21595275516080326
0.21479513281335946
0.22878813387003408
0.3096004798172201
0.31261605663203557
0.3082641290957719
0.2992628423271471
0.23753598651142374
0.1759769917566939
0.2030252390120745
0.2851830017392749
0.2983469269986819
0.293768289334002
0.2870588737821615
0.3166616502393066
0.2881292705098941
0.282711071730884
0.27976289840824115
0.2852903355174282
0.27357310804760865
0.1783319066940436
0.17820518150237918
0.1950382769463311
0.19426699986473706
0.281239033613199
0.30150193195895897
0.4299593353044162
0.35394570080669224
0.32964018979298704
0.3632314222531231
0.4018986952594925
0.40662131611807245
0.33058337641444546
0.25611279983623675
0.23495007327346604
0.3492345852544927
0.37899461044755123
0.34101934408662354
0.3019505302396467
0.3144864755168054
0.3541023560184001
0.3990367072227674
0.40397377764498177
0.40424389835950597
0.4119962038760586
0.4127275435369757
0.4039384210441829
0.3186588564812569
0.32195330775929026
0.3242371863686433
0.32733653919541855
0.3307804789408243
0.3344798297740228
0.3384122695960146
0.34167900302445486
0.3435361963329683
0.3446800967701204
0.3455208102629696
0.3485084040087857
0.3494813443013369
0.3505988543774437
0.3518829768680016
0.3560276310784966
0.3559924311339937
0.358554686516309
0.38058988321054715
0.4132951863109083
0.42720062085776483
0.4109185517788343
0.4271128657442047
0.45351274472522235
0.4448949681918466
0.47037815152115203
0.4679480176012237
0.4516467721729662
0.46162975106648585
0.46361195314193926
0.45182271862129825
0.4972735850314001
0.4935697510191986
0.7080285616568308
0.6963502854451269
0.44683608727681257
0.4092992964677645
0.42929556164885674
0.41086652563087367
0.429251421053105
0.44538259041174383
0.4050030061170855
0.409297000113504
0.330918066789739
0.3436579142346608
0.3353156721578478
0.32910655145305034
0.3111675210343934
0.30125419457986147
0.2863159153999066
0.2803664926188506
0.26306744454316056
0.27298934102988803
0.28985868678546345
0.290440181205941
0.2649602575805311
0.25498860003454965
0.2510414320058261
0.26061792814957124
0.24263874089877102
0.23966276344716775
0.23798113244429847
0.2367975919874396
0.2526585348410735
0.23258371763870223
0.25151669522582626
0.2584917794410285
0.26132556768050047
0.2613140893483235
0.2613140893483235
0.2613140893483235
0.2665757149017249
0.17577972253530005
0.16625763782835026
0.2667170172882125
0.4835898871020033
0.308293307370141
0.36091557478190484
0.42560684882208477
0.4419790365889033
0.44377002123467435
0.4689155992182862
0.4531181957240914
0.41226337858677414
0.43483744253711654
0.46832773553698065
0.4911083053795958
0.5020910522934832
0.5151224709629709
0.5188036924403182
0.5207310405804176
0.5214331162928885
0.521641548514337
0.5206707950450687
0.5192494717845046
0.4955920922202767
0.41182612734449664
0.4114082223945725
0.41139730864117857
0.41160797906926133
0.41143114648123
0.41093914757214783
0.41038770466134333
0.4096462801783586
0.40782651142608495
0.4056812589636992
0.4035333928215923
0.4077691117717969
0.40875997221909055
0.4088697253523053
0.4084297643399223
0.4103540010263894
0.4076607836112171
0.4054463915492904
0.4036890740005159
0.3911669464379372
0.3511372965584162
0.3245458423952418
0.3122119005671769
0.34268301268195495
0.3445967223627944
0.3560488995989374
0.3147687521915404
0.339032199911349
0.33495733522111154
0.4020183828143948
0.4288495124332051
0.44929505985919266
0.3647483776997005
0.5789189984857604
0.30883312571499894
0.2987668103531709
0.38395196276210886
0.35222770916674256
0.3233360394662853
0.20854994648811778
0.23425268266362806
0.3144548534579139
0.30808317508772237
0.24723341280587985
0.25211923064687924
0.2672073971912033
0.3496980603290362
0.29894630039411135
0.28679598548500784
0.32651249275398314
0.3230511798533533
0.31024805081441076
0.20794995196819369
0.2289280563363435
0.20861962028800798
0.2826419005708426
0.30461760757406675
0.3012265960340028
0.29950780588911313
0.2604970225434709
0.1830676643595596
0.18209898282126816
0.18091829370738904
0.18325673656209435
0.18242642356540986
0.18045267150030314
0.22400731509596972
0.2898248463509173
0.2143748510218558
0.15228861243943898
0.16236350842963904
0.21458342034762604
0.2169136182607928
0.3139906296704611
0.27285454678415316
0.4098650617383793
0.2743986443044016
0.338298266791068
0.36679076190264714
0.3151570631537628
0.31524762000061035
0.3249101417618063
0.326767493838113
0.2945410533552178
0.30667073986393795
0.31048472007067246
0.568172711898751
0.513165381972422
0.2768703004165064
0.2687436050941129
0.23306998088433742
0.26230476495056143
0.29017445315304724
0.2730255743049625
0.29888754311615845
0.3147463155712315
0.33105149795069505
0.3437743223722973
0.33926681459315394
0.35086503831391286
0.3673446678293456
0.28612984684601767
0.28937669189929377
0.29934480664196955
0.30626113903804836
0.3113671847545647
0.3153173829912294
0.32057196678176353
0.32326722821850135
0.3257726132747433
0.3282296422584191
0.3372445896136542
0.3158700229960318
0.33954335673406766
0.35618483124857175
0.35066261739563165
0.37523384377751634
0.3920255040576734
0.35248796314640735
0.38530781319143975
0.3527879117130472
0.2765553653046041
0.27994730833467174
0.2968816171153467
0.29087590200742697
0.3154663384579604
0.3293214527899654
0.3347050400083497
0.343685612182825
0.6064434277011582
0.5955315060082483
0.638004574258267
0.6275490658281224
0.5864340905066104
0.33037314605543083
0.3182988177209091
0.3320813420065688
0.3418364459360566
0.34845658432678794
0.3437666457300313
0.35771271326145226
0.3611813667466552
0.3829122808660085
0.6268283268013725
0.6241186314536568
0.6218852205843209
0.61715216273573
0.6131360334096593
0.6131411513253417
0.6300979135067338
0.6312958688431507
0.6078252199091791
0.32808198024107815
0.2932487097560497
0.29806180762798923
0.34978433050989616
0.37444760085733164
0.3434537929909126
0.29606047320211343
0.2941816082155034
0.2913481854988508
0.2651107682292102
0.2670567177958521
0.26248981043967606
0.23701771488003612
0.21272134041174873
0.21606651505762856
0.2645970232494957
0.2676899201921738
0.5383387697386607
0.5308211725486066
0.7671955325391147
0.7470617927422706
0.726199176414328
0.7728973363762502
0.7582886172710497
0.5086395636439727
0.5097483394367907
0.49843616872491275
0.49777484069216704
0.5414993068083979
0.5358987658925141
0.5127172877188505
0.5214166016531784
0.5351991199757888
0.5391882231920453
0.5482864358532924
0.5737574822186282
0.5934681329187963
0.5713789584273554
0.5153184653426267
0.5236389312200145
0.5305991121736467
0.5364466299530679
0.5417390022574253
0.547835848402551
0.5540229270915888
0.5602698690000553
0.566790118529523
0.5707342668469029
0.5720243511693485
0.5720952798550863
0.5720906163010518
0.5749908964800724
0.576280199009395
0.5780222870104403
0.5802795205173421
0.5845197446603365
0.5666680049630518
0.5770931283068415
0.6266640995972864
0.642062316816403
0.5744861790543173
0.5954509832856173
0.6117079468408714
0.5998625301754443
0.6153283911546401
0.6199267236622417
0.5888637952438942
0.6381936512277541
0.642247344690484
0.6000173515082993
0.6224505921066782
0.6659479271452664
0.6358091424600975
0.6174126978335721
0.5929678792837941
0.5753610908210565
0.562447282539054
0.5494397870642065
0.5358260416634868
0.5164956104025141
0.47634241318962084
0.44749249490662885
0.4010438981368145
0.22090976053967518
0.23722455683578633
0.24280520436179415
0.23954889484041533
0.21491981495827697
0.21316523707007143
0.3080063173041149
0.32537983389909475
0.3137243790825867
0.2940655427674809
0.2767497154496467
0.27331125794478484
0.2604077702289044
0.267099112899568
0.3064613550868979
0.3222069861235409
0.3204108856212409
0.27816394316194004
0.27126895710667703
0.21634741199973972
0.3246070588016275
0.30317745388092243
0.29735679129915543
0.23885657587356765
0.19521463887693363
0.2422044922855235
0.3016073233596194
0.3087888642622209
0.3716647800104745
0.3655855469508756
0.32455164341223675
0.3228132877226662
0.48457516593277683
0.33862274996533964
0.27286336680411144
0.3119079759580206
0.4396095364945416
0.4144366557040069
0.44645870508012153
0.446460694375317
0.38872265587398785
0.42467875400161914
0.4394101289941414
0.3657277094945555
0.34110943402207217
0.47298255355055707
0.4680432791351918
0.41229873252180305
0.4030596209627171
0.40579042515177416
0.4109165877309756
0.41827225184601474
0.4256046545686342
0.4325006347700817
0.4382511982434124
0.4432738449931149
0.4466180057349772
0.44834209439165995
0.4488255851235824
0.44866613088920937
0.4503995206215128
0.4527325317106251
0.4559515603976366
0.4598326112957671
0.46610333513406327
0.46959900472985383
0.47951204691814486
0.4997223703728682
0.47176033886595864
0.47562777359637914
0.4795687411284722
0.5753071000467298
0.5961169135815095
0.5071004913089684
0.48073326174243564
0.47802864358485736
0.49726874522638026
0.4871680634255618
0.4864283628407088
0.5068141315309013
0.5314365733566591
0.5498964259363577
0.5669212529457036
0.5498463568568903
0.5631430926046289
0.5495888560421689
0.47629124406046847
0.4328979063413699
0.4173628109076713
0.41949061520827
0.44035102053323155
0.45352658561927484
0.4454863643167227
0.4541326399449039
0.4278304795905178
0.42532676418494497
0.2974804421025929
0.25850564964224654
0.21821392842767118
0.21705535184572725
0.19249396923815373
0.25709686336811927
0.31003717127078156
0.30754703436853076
0.29642853032463895
0.1980273438309682
0.1928263062361004
0.23700678028489572
0.2746677144938349
0.25328972049001375
0.19514286680934478
0.1418131607649578
0.12695260539964343
0.125266914437184
0.1055336606021912
0.10273967179080354
0.10892194643663443
0.08688497699328168
0.08688497699328168
0.1359988538581261
0.21152088814562756
0.23701771488003612
0.23701771488003612
0.23701771488003612
0.23950821340539705
0.14028391859583028
0.1735235287262356
0.2996221773376918
0.44015104991988224
0.4332972576789927
0.46827816646239523
0.511988422436561
0.5570354749086486
0.5539074092441063
0.4885371242661355
0.5158364285639725
0.5136050316954455
0.5170163163361134
0.5244175133357103
0.539368826944948
0.5305796630644432
0.5648665616305633
0.5562481861659115
0.8032435529222605
0.8082422480693042
0.8111761906021799
0.8130220778051208
0.7102325155470622
0.464139601924696
0.4691370134803567
0.4907392662315986
0.509865712260584
0.5236024701724743
0.5326122290055681
0.5378544298370147
0.5407899813931797
0.5442273391474927
0.5474262950085165
0.5508914705425457
0.5545906806815015
0.5600332228625732
0.580297077718155
0.6481012074417594
0.658441524363152
0.508262664981482
0.5722726938445695
0.6255408978159935
0.6613261812839741
0.680550523064347
0.6838866090685812
0.6834420321039556
0.6810629588728635
0.6945435003975121
0.6788851316116765
0.6627729099685807
0.6218912640026363
0.5537338037540344
0.5811091767670566
0.6155973543919211
0.5950082721583348
0.6055773558387397
0.5699991349796588
0.5442124081707209
0.4681901894915005
0.42184071442078563
0.415267568806806
0.4108090072246418
0.4724478315693466
0.46955771429788135
0.4649769943890669
0.4565723175754756
0.44650935290494714
0.29744325302561575
0.21360344280940377
0.2027834888927265
0.21744902290362014
0.2140544922158929
0.30052577726809226
0.2685930803809408
0.17577298068331584
0.16373287184343147
0.2051791910622163
0.21133264933151075
0.21168014554322923
0.18585023828264127
0.182533174899551
0.26959133328484625
0.28534673125583965
0.24598363367521733
0.23725574748367964
0.2127991283146318
0.14301358819112633
0.13826519627732559
0.11241915589019164
0.14162597873500402
0.21250114567182443
0.21152088814562756
0.2296883687879228
0.23469713684597163
0.26221668260457986
0.25108945082355405
0.27581581982337233
0.276552271117967
0.3189990544245345
0.5227438244399469
0.3042216822158426
0.43853793084347376
0.43047908735743096
0.45819431626523865
0.47200885095519046
0.24863838970038918
0.3225994453081357
0.3845928426349728
0.4452182883873494
0.4780771393806424
0.5071591184966873
0.5421414753530277
0.5664374742291839
0.5849045761951767
0.5987647274174657
0.6065202613692836
0.6112950102884842
0.613122874117909
0.6130697110530436
0.6142921379743026
0.6168195465395855
0.6200669231193032
0.6239498494650976
0.624790420293068
0.5789107285175296
0.5250110011133128
0.5296632192297654
0.5345251416039296
0.538048006066545
0.5406468895506052
0.5427341074305051
0.546636985788043
0.5482196215468221
0.549715376369787
0.5512433674304695
0.556914257540291
0.5727481330093758
0.6212195959345221
0.6178093775286132
0.5873369533583079
0.5938987274296269
0.60871307350439
0.6181002479398573
0.613712923264666
0.5465325443087956
0.5480140813456595
0.5420033104251466
0.5656327313333399
0.4789443480577615
0.4610737427009899
0.48871002796143054
0.540411539946905
0.39437915759774067
0.6267889264789296
0.6479294548047811
0.6519025012390882
0.3600836950118098
0.37359585992618205
0.39347780489313877
0.39924309744442354
0.38170048519031496
0.3633964013758929
0.3633959600120038
0.33163894802349325
0.36482656959615223
0.3752337916764599
0.375225447576161
0.3412661579859711
0.31926882256482897
0.3106057970806691
0.3088997678455497
0.2965449770755895
0.2951765870910015
0.2790348537087089
0.27510776154206673
0.26163307022800336
0.2574037289810141
0.2701279511401514
0.2741957472910655
0.259243742393997
0.25548388085031304
0.20037451187776548
0.18513824793288
0.1672489512251662
0.16428450815562584
0.28806015837057
0.32674761494664784
0.35254999697703976
0.3507111539697826
0.27401203684805814
0.2689114458507233
0.2833998173143393
0.28569160968939994
0.2840167692539221
0.2824043260215746
0.4675575626148915
0.28010860798428583
0.4261502468930281
0.4840768383161667
0.5140901798256015
0.5301186541781306
0.46805914690756506
0.3598304937005413
0.2850807630174981
0.2978055208140889
0.299544815448945
0.3131877629276991
0.31696557345205584
0.3336426160252229
0.34705012794320866
0.3579347609393319
0.36785344695018746
0.3769788584352979
0.3843104160294871
0.39035264551267385
0.3959360745988015
0.401797376678857
0.4076748190215913
0.41366531458887124
0.41525669085054656
0.41271852636621514
0.40687704704126926
0.39916756289394506
0.39765151318122355
0.4009620789024361
0.4088600914836894
0.42019982376183507
0.4316538176694843
0.439273294051215
0.44511398489460785
0.44965575748339565
0.4551794270847053
0.4507813673488086
0.4452908767857498
0.43929048013626704
0.438907248770997
0.4277281250454221
0.4184187171349147
0.4188476313568961
0.43597979265053455
0.42381123061393094
0.4112096610451728
0.39512283805338133
0.4193568182188473
0.4167634922775166
0.3976375932826514
0.3780001959013563
0.3834943368133601
0.36149939433192885
0.33818070200980077
0.3171593896067401
0.30284738103044884
0.2855349265493347
0.27327557038096983
0.2491896155661246
0.23373522382616813
0.30372980789595894
0.2512191398671548
0.21047415358790783
0.24007733327762945
0.23909464144050593
0.25546955469101074
0.3450039389905567
0.33902859065679786
0.2979865738587201
0.23391705505655222
0.23414237132009275
0.26846329761717935
0.32771956558626353
0.32722102991693913
0.2519931394667415
0.214624169737898
0.22840833307632172
0.3199591901983579
0.3198621574403439
0.30955275843531493
0.3093775499026813
0.3093469066895791
0.3093324994693008
0.3137484884976781
0.30382312803050265
0.23062352952941587
0.2743678867056798
0.3192949885236851
0.31283245035713886
0.30635442372743676
0.3044402470458628
0.3721854179029424
0.3715313811067927
0.3385379811683278
0.24903626521252828
0.3606583589484483
0.3067532226173331
0.32278967177849816
0.3360445186725587
0.2852879035730318
0.28254057452101927
0.2847927085394933
0.283405016461446
0.239604502150622
0.23608399191769253
0.227517789648645
0.24132700067041793
0.23656661917088698
0.25773030518983797
0.20580092945648792
0.19849801907846432
0.21358058842271768
0.23354379349590404
0.25040731777492
0.2648164012709971
0.27632210025208437
0.2856440671047969
0.29274929667199223
0.2983560248751929
0.30524234986717713
0.31302279663182725
0.321484130092194
0.33037739215199974
0.33868122611136986
0.3454031910944709
0.3511239486879278
0.3561477905388491
0.36365388146898225
0.39277541569467833
0.4519329343178519
0.45588464052619776
0.42840223692046686
0.449303535091164
0.4632679125970425
0.42978217878115854
0.45731610403341305
0.4600917107116202
0.4367084741946142
0.44376613127106207
0.4682622319759622
0.4013398278862754
0.39660637075121197
0.33965028488609617
0.3304243325110874
0.3135364522661351
0.2822621466090843
0.2878906895652423
0.3008271520338798
0.3091194724347631
0.2997750567668137
0.3099512976613945
0.3162794830552259
0.31279402271033196
0.3052426804663893
0.284205403233446
0.2827132214698189
0.28605136970452544
0.29117340366074995
0.293948268989833
0.346904967942123
0.3472425552736763
0.34759868142662076
0.3479859049890334
0.3278166607870134
0.32769629580514953
0.32757640431739954
0.3274560910485708
0.31667034421059687
0.31641769122865987
0.3195182172183653
0.3410267824443953
0.33337207088206805
0.5972470541414088
0.5584487712586866
0.503321722643298
0.4931693604518087
0.5071933776565639
0.5986729755856962
0.32434928125788015
0.23091961567282587
0.23306564388453607
0.28982091493846973
0.3380844493712771
0.34909158759980985
0.3496833687256402
0.30347345550041943
0.24461614979575252
0.3517536047454891
0.3533663560499774
0.3533706767203148
0.32626117468135163
0.4565303871924316
0.2783338940999327
0.27505764788217235
0.271745952504636
0.23306037664373142
0.2384516163659751
0.2341995643387218
0.23262095111907197
0.18519859397171534
0.18010479717227562
0.19157093995308747
0.1974667419767587
0.1828149514517039
0.19103664503387643
0.18852785968225097
0.20049527040102152
0.14341624438899597
0.12122856503142286
0.22980763383346467
0.2142943098853532
0.15631387886538756
0.16975621588046125
0.18171711012495137
0.19248708999470762
0.20214372947643183
0.21059662273726754
0.21800246291990355
0.22461486605061382
0.23270670122077036
0.2413172169066252
0.2507053056924414
0.26086575073288515
0.27145600897614136
0.2785330413479545
0.2844202041695464
0.2893941280165802
0.2954138186926771
0.2960276230001806
0.2964603201093661
0.2967453458041176
0.2861524012392499
0.2720111053918404
0.2879159210365641
0.2889169279893477
0.26631006763297965
0.2993045575610113
0.3087769821004831
0.25688362494889444
0.2849190598520359
0.3009973206650554
0.2665809987080607
0.2847868536341978
0.3152383474153924
0.2861998057190832
0.31048223918613843
0.3073296780183012
0.309173423313781
0.33276047215697097
0.32077712960415555
0.3171098763558384
0.3394856905010897
0.330142903236852
0.3243356736078498
0.3165670380057726
0.36158669646165253
0.3616816177662964
0.36177388871085836
0.36187923067598354
0.34221388468378566
0.34264306958799284
0.34309333022633687
0.3435544361807754
0.3328599314802355
0.33303011943344357
0.3332045547134267
0.33338615362926355
0.32643524355515263
0.32598486367833845
0.3400941951124295
0.3284507565787825
0.3398488927362683
0.33964099010342963
0.6034669211665479
0.600623712725457
0.6014983996515425
0.3203416222345178
0.240823660300619
0.1936208610864306
0.1965090924522488
0.19737256507171647
0.22133610608721196
0.2243622355790499
0.25113198357658517
0.5113470929611746
0.5355782567330826
0.5353948386450549
0.6007199002113859
0.6398087094093396
0.6397446546503605
0.6396715925235676
0.32874717631152717
0.2100166269022777
0.16800163773496046
0.1671703400616607
0.21242655535243415
0.24435727410392236
0.2244163559856311
0.12406422361072403
0.10152550504598902
0.09958052344100986
0.0958940965677939
0.09303180577847796
0.07758036057382343
0.16141804894343204
0.182346829473155
0.1808334411365902
0.16609136376066755
0.07187372588130828
0.07055775849916726
0.06921162583443988
0.06766127537772183
0.07131262368003823
0.07891157666775657
0.08693587579579821
0.09595901836854583
0.10466409796415276
0.11338283200186433
0.122021655209778
0.1325263960448208
0.14074561534167226
0.16538498421900563
0.18481511704052486
0.2009943752790416
0.20860650013885043
0.19853334366671443
0.17508482633907324
0.1770528790381873
0.18064246986204063
0.18458675052029552
0.18732287295141503
0.21202278533346314
0.21933604186509134
0.25481318242361284
0.250401450630531
0.22270133333520684
0.15782287035950976
0.2256146894486492
0.26595104305953243
0.3029916580139049
0.3259641224529058
0.31886981187866703
0.31633925559557124
0.3165187540870782
0.3175497475646542
0.3358596756590494
0.3519693588154655
0.344757739820822
0.6144850393768295
0.6221639437830205
0.3434590613653963
0.3577835917782573
0.3577943173004347
0.3439165475555279
0.3439579221957313
0.32414429486842156
0.32441164704129183
0.33857710508027195
0.3388833073146589
0.3285759452947591
0.32917074941949415
0.32980883511799125
0.3304832887722576
0.3241181108327939
0.3242485231837472
0.3243926735715858
0.32453121693046355
0.31424090993412945
0.3140931884837879
0.31389884886753144
0.31368640220258437
0.3373938468345381
0.3390324234539876
0.3448205636520978
0.3838833546652939
0.36461097055682884
0.325944740489445
0.3501080895659707
0.3499821937439859
0.35781253718836536
0.3540257287568996
0.35385368689977886
0.3537062981361889
0.4351793767988303
0.3435187899869334
0.3442132923655548
0.6144176801825117
0.5711261499160312
0.5702395787973585
0.5718930716749013
0.28766270985387055
0.12291876167473709
0.11899938374354302
0.12742768256495493
0.20755461362845992
0.19916888723446338
0.1256730884500768
0.08265261450964091
0.08334380171397385
0.07300461128587418
0.07142637191797999
0.06990113184005183
0.0684237472240737
0.07259829926259151
0.08045202139236778
0.08963340858770433
0.0996846329781594
0.11047978592315813
0.12147719789392145
0.13246169422299506
0.14333291946147306
0.15424794771332098
0.16429268808442504
0.17393710375856297
0.18319846809946996
0.1941734635171143
0.20278106011657318
0.2112069315217473
0.21942072718454925
0.23031939877303695
0.23692303804260897
0.24419168853787176
0.2518836421339931
0.26606918087205034
0.26494864000208485
0.2661503126509066
0.3303131439862707
0.37731696681152077
0.34736481258419827
0.2679403978195219
0.34755982893459714
0.3615446005988576
0.348167781316136
0.3217815269075236
0.24431154247023174
0.3348093790116124
0.3303514295021261
0.29716381514079493
0.28745167689684686
0.28600543696031616
0.2936430729409179
0.2862521202994981
0.2883360024072292
0.2773749124605479
0.27468390352388555
0.26797191540892784
0.281930318317103
0.3233195944562621
0.32959154483411385
0.34337256530640464
0.3432414945170258
0.3206019979222995
0.3215528479221699
0.33624817223837283
0.33686566489503744
0.32599417373154993
0.32599202297839486
0.298912111143177
0.29045253666913856
0.30052315016129866
0.29341533348860416
0.2710032497490751
0.28244604819057895
0.2696922542413781
0.2687218086262551
0.26770251650259735
0.26809679697856764
0.3090134717696179
0.30803468699887515
0.23977537135618204
0.1984004102607006
0.2699351693238894
0.3102278027868377
0.31095597038383327
0.30704933219721453
0.32764335160849345
0.32869379821322386
0.3299539080091836
0.27869625025843103
0.37276266344208664
0.19469908322352883
0.2372543560088343
0.2435411352986456
0.2504137695655668
0.2696860866000465
0.3241948540511777
0.5528140986550358
0.27266394497329705
0.2886483362013324
0.31582096770190377
0.33669395494746346
0.33692692635118326
0.33374685532192183
0.28212905854263176
0.30093089837686754
0.312317230106207
0.3276234334610451
0.33726680063447534
0.3567476120783021
0.44666582673153243
0.4533215933683966
0.36931345634758844
0.3799678412423004
0.389163818918309
0.39706296903146293
0.40405637683549595
0.4105233693332393
0.4165666185896189
0.4211935481949747
0.42501021653510274
0.42833354345411273
0.43337473752140143
0.4360081587839233
0.43845198367642924
0.4408404830040131
0.44423010171964417
0.441778209566542
0.4388289707815951
0.43571708527006947
0.4335087465063155
0.42544644357885425
0.4190145021923117
0.41355621419189653
0.4190765683488752
0.4102842910068498
0.40089301088291834
0.3913189291517102
0.4153902534879249
0.40039478836923015
0.3860853002815579
0.37183760411862615
0.38724628708269937
0.3590864966162814
0.3326846232477432
0.34602533803556523
0.36970365801154537
0.3660870594156256
0.3062583069979578
0.2450641302151064
0.22544528802323804
0.21654386715423127
0.2034262536666234
0.19165047835901333
0.28883176985110254
0.3287962920029554
0.3287339235849879
0.32866051256646683
0.2956102602914701
0.2956383987903681
0.2956150587076551
0.2955711895139477
0.28557354450389005
0.285396514940359
0.2853532782668054
0.29805418169525427
0.3014974647350539
0.30008678966250657
0.29645302197656404
0.29344962226272125
0.2803272766189201
0.28156560042650625
0.3038292913898237
0.5934755308922139
0.5906370621321372
0.5885785040846575
0.5830169081340563
0.5928780942094544
0.5643402643999578
0.3094002182140348
0.28514932716382574
0.260527740240034
0.2869217233822796
0.28260322087249334
0.28005442757454035
0.300624978912977
0.4467114292892227
0.3705011569652074
0.31191212293263865
0.34289494100508705
0.37721253090205725
0.37253667781857147
0.3628933990680138
0.35772499121931634
0.3380175876419742
0.327043279555862
0.33797238110992206
0.3582149472459131
0.35846236030803613
0.38105969736853595
0.39808590539140837
0.4108429887242521
0.4196517869297988
0.4305360474095548
0.4390745572941039
0.4459531014605461
0.34929853614630146
0.35253637568309404
0.3590883607162999
0.36535221921017297
0.3693788010648551
0.37262745164044764
0.3744904282463778
0.3754822161888882
0.37944500757849564
0.3852166540981371
0.39227551634831076
0.4002193594107554
0.4084870573343716
0.41278663476280636
0.41613579843079584
0.4432969495562248
0.5236462474312761
0.5124446670080053
0.407108028682298
0.3813783561219506
0.38979781033369826
0.37964843561040335
0.40716508492251496
0.4337246768950723
0.42949356995494314
0.42634952629383366
0.39684689256339684
0.36672141004390457
0.3912353063545632
0.35985966512971673
0.3911704527579538
0.4138358983700886
0.45643177899047077
0.45096479242159265
0.43911852887770864
0.41994769741487586
0.41246046967693434
0.4010831022935124
0.38960812902279485
0.3778594830545685
0.28506303027857977
0.24633738426626814
0.27381298873208176
0.30028274782097697
0.32020092515081344
0.33519213565298095
0.3157774892166843
0.23373287538636767
0.19482770977166713
0.20864884615383072
0.2945284420775427
0.2938546488561399
0.26742232576945785
0.20789945324577674
0.15526584266235136
0.19949526286412725
0.24419792425394227
0.2387483176173989
0.22004515600446958
0.19569598887368025
0.22638134098309998
0.22953081825209448
0.49925355701287055
0.49700033226603835
0.4714095268891646
0.5502323957963102
0.5932097264597382
0.26982252112460203
0.18664460911085634
0.1832085557051091
0.18021819358304458
0.17790520153565983
0.19257261185486174
0.193828746046427
0.1953558881653587
0.22203487700605098
0.45327237915130497
0.38541426139194557
0.3337033102490931
0.3448413407683386
0.3114050692138132
0.2812311689184339
0.2855018267924049
0.2852541707385208
0.2581471078254338
0.2726712373147903
0.28421538335532776
0.293313138560833
0.2830228301967893
0.30498050311355085
0.3232015475538345
0.3380992215075143
0.35075850002310544
0.3618498098807737
0.370632543959633
0.37768336793056223
0.38392552802924806
0.39006171884405477
0.39585361908214806
0.4015394486558279
0.4070603516649665
0.41199526690188626
0.4163575474727445
0.4204007478589101
0.42502520203306493
0.4292857173367078
0.4337166435504717
0.4383937621192461
0.4488160191877442
0.4556098432939225
0.46117167557616734
0.46587023352598234
0.47151791414539107
0.47154820256838426
0.4729293202424218
0.5020923328515821
0.5619429904828123
0.5209981867441512
0.5145630805466416
0.5223678078587013
0.5067131654619192
0.50874319712891
0.5213636479869627
0.7650223964579401
0.7287179392553382
0.6858773320299615
0.6692888729472934
0.5575345963711341
0.5869280683381222
0.5728130208835888
0.5648353458226214
0.5810311946388548
0.34886008283061015
0.29745721137445763
0.31385269699734086
0.29498813277914127
0.31497759402295694
0.34455181296609233
0.3018263923934963
0.32754337487989305
0.359871366578352
0.3729847083236174
0.37294842618846374
0.3559302169410954
0.34432157022995
0.3827867606405547
0.3731141285780604
0.3515407958376252
0.3248569025035952
0.3236547478187606
0.3236481996549218
0.32362964878881295
0.3165941048476753
0.3165644911040344
0.31654697266058823
0.31312960443003085
0.2975206019868866
0.2788697992582061
0.2738622186659856
0.2701016353093104
0.2586531015798229
0.2751068893815263
0.2919043240907996
0.2916185481224687
0.2869131923253917
0.2835938830445934
0.2804213403305928
0.2823837758013041
0.2965336893817366
0.30691963030042707
0.30138812460537967
0.246026950433324
0.46667518044788514
0.27910952323704497
0.33759792925479926
0.3641576867957923
0.3381459742324183
0.2916943727028444
0.2590689017548424
0.24715379318493594
0.2427294582819588
0.31917363990702785
0.5813134633706691
0.5777817771920188
0.538113700846451
0.5643919725031862
0.34564271134983693
0.3679520709353048
0.3982238493552815
0.42004311281549633
0.3370837106151621
0.3465204006920584
0.3556118768576679
0.36634453615077145
0.37404504367622593
0.3813387753965384
0.38606478531081445
0.3906419601172215
0.39407645652803647
0.39689522970601215
0.3995031968377627
0.40083031913221195
0.4014435248692143
0.4016326342419016
0.40483118440138044
0.46773028164603125
0.5111428490533122
0.5100245169456131
0.4565281254830024
0.4183860482790909
0.42306321316578754
0.427855697759177
0.43587581928321023
0.4317784179450672
0.4322221616503204
0.48285144338232505
0.48923242749104007
0.4253079111695851
0.4312484018695851
0.4537714482585552
0.42216250812631706
0.427445754000369
0.4397193146534658
0.44279490394286314
0.3685056122109513
0.35547924985678425
0.34937779674566954
0.3289882613993477
0.29952674676716207
0.2712236191901099
0.27785455953552113
0.31459094244406927
0.3224372710966401
0.34262115985441083
0.3167969801775359
0.2257201281627875
0.2300385949165887
0.24202825537026482
0.24586050105451107
0.24906794134867596
0.23866584598437462
0.3645791877720447
0.38265901440083955
0.3705109966021081
0.3007253946634561
0.29929976561490573
0.2955189008655623
0.2930862590976943
0.3220470768965278
0.32044710902099177
0.31542257304898214
0.31219194675443096
0.30005624132271347
0.2231118195853545
0.19181064197333064
0.19009306899893566
0.19185049607230842
0.29115173643884495
0.28857771728176357
0.18905165679559904
0.17830599034303257
0.15413645094862383
0.15024130631633495
0.14759923612896922
0.1839101908561895
0.26997453034536584
0.24185079928660405
0.17769630863220431
0.4723172134774432
0.32968690898591774
0.2908417968613045
0.3508019622308042
0.39470699285098937
0.39028811084778553
0.3651767194038984
0.375746444069727
0.36013739941209616
0.27959006449430296
0.2706445484413102
0.2853138012087072
0.3114286452232616
0.37649092637330017
0.41434402137964205
0.4431056968441216
0.4084944406408118
0.3325211681034528
0.33775149719869424
0.34381433032211484
0.349425615735134
0.3544298500048927
0.35832591703302574
0.3614824526630452
0.36493346786239905
0.3682012823731498
0.37121996639320337
0.37403552738071555
0.37774552021843416
0.3812094127801158
0.38485092041976454
0.3886623082854656
0.3897923895148991
0.38922287755785095
0.38902059965007174
0.38917911579957126
0.3921039357536181
0.39068139653673406
0.389840687711601
0.3892234570856876
0.3994102982146039
0.46407829654524163
0.46835518940691473
0.4418689909024709
0.3741022152656352
0.44691376055314513
0.42753443987659073
0.4055788207330132
0.4244287302303795
0.3772380658584945
0.3904122469997662
0.6501250358827766
0.6214645159664252
0.6155985752651014
0.6074440257804811
0.5792833479505839
0.5864538851718172
0.5844037065124718
0.31927117172438824
0.2989674662187591
0.2961564377795872
0.3100753977382398
0.3028877864002216
0.30164914994703557
0.35955616096855186
0.34261677304840754
0.24646084040190055
0.23088166222123147
0.20714276906716939
0.20181771303487953
0.21264571078853678
0.2103764350941169
0.18256552718786748
0.17982888199081243
0.17811735659294464
0.17691517804010537
0.16805098334798696
0.16712538089614967
0.16625625398803495
0.165448716416612
0.13511398381034523
0.2136168446728905
0.27604994921186543
0.27478896133172354
0.26901926661903
0.27014836397988784
0.2803265579697291
0.2920024084468518
0.28760119915078836
0.2956518147438032
0.2972387364433893
0.3289386144996739
0.30362342908895484
0.3004336828010622
0.30027280458544514
0.29999536523174053
0.4376120741991654
0.34512898696270333
0.2356431509422184
0.2554718497659309
0.27414698903706436
0.3072366982713187
0.3500313516577756
0.3174507835045436
0.2601132083272473
0.26761640708038603
0.27171336444482846
0.2878133045976656
0.3274444196298241
0.3392806697242173
0.3418782616941883
0.36331697623278364
0.37695301177754803
0.3453907435378354
0.3667405913057996
0.38435506896177596
0.3969865566906695
0.40589628965513125
0.3750223613414296
0.3098978923895574
0.317323470016775
0.32361484634880466
0.3286473931186484
0.33271538623252805
0.33629605305635785
0.3385071275189663
0.33999615063341493
0.34098547466586976
0.3440166218759225
0.3449289783724446
0.3459284414167055
0.3470724221384511
0.350902748903147
0.3503733267366221
0.33060505012890773
0.30049250141196243
0.2871632183599214
0.2803961032202501
0.2917358234149416
0.30160852512450753
0.32995508316997446
0.32640018720461167
0.31911494831683074
0.3189819144541673
0.34326859386000347
0.3439845382071744
0.33944707774451427
0.3542341085864222
0.4217766481366322
0.4179483541105479
0.35318077544945764
0.3724594557419297
0.37712105635556076
0.3438120164740073
0.3522447151550747
0.3523868906133362
0.30184623288906975
0.30121788214524375
0.5917188597915748
0.5882842902168112
0.6413061069348498
0.641318478331172
0.6412838131760242
0.3738542357205057
0.3247497261898559
0.3207946687324173
0.3178793690283148
0.31498882510419396
0.3268981190594827
0.33142323422275016
0.3325439210598625
0.30755681546368
0.29421808205321687
0.29140200860895094
0.2896968550671268
0.2884249629090896
0.28794331349309804
0.28073392961464055
0.2610418062319497
0.27102783572293093
0.2343055451910419
0.2386621671630847
0.27670048548988097
0.27627705742849706
0.27298499241777213
0.27054829068924335
0.25737948154392637
0.2197540486267605
0.22717906524066725
0.2218779492042694
0.24470662557804085
0.2794342256966785
0.43049894110688874
0.27854989191124974
0.25350271159954746
0.2641312639395469
0.3218122251224518
0.33686983582966684
0.35903832708097644
0.36822309520305185
0.3400271450885024
0.3572480045678603
0.36809304965688633
0.3746046302582277
0.36191484150704567
0.35412035749498555
0.36661062141402734
0.3714472709048793
0.3612421778826575
0.36836620511858253
0.3798240990696793
0.38826398675869245
0.39306629144216576
0.3950722789224542
0.3953167366927809
0.39466029409585085
0.39453689781724327
0.39386187749814694
0.3546916046056004
0.28682162690475094
0.28865274929269663
0.2887409674522398
0.2891548991381065
0.28984334299195685
0.293567101509483
0.2931984331883838
0.2936423823730818
0.2947273699884114
0.2976747137028349
0.2950455303761918
0.2909070419762399
0.28844003847800725
0.2976327052277484
0.29358973390530196
0.29299388106600327
0.29061415906281873
0.33576281081976256
0.3387861009709689
0.33926243113542565
0.31260030562652835
0.30885001674342233
0.3032675682258716
0.27002895478430233
0.2384525830686527
0.3231626069131467
0.3251140455014463
0.22731607112765984
0.20468410187466668
0.19205832306706078
0.1824558437082987
0.18778635047438558
0.19160730874461818
0.24966711396620267
0.24969310354169008
0.2365503291772903
0.33562316871680303
0.3351140127875932
0.3350994749936132
0.3350927610972423
0.33507450020144036
0.3241426387335881
0.31139617412315507
0.31137721302720517
0.31470773212545167
0.328576989451799
0.3285549872048155
0.5880649612584142
0.48437512165562896
0.4713391343637159
0.4713323059812435
0.4713211184105172
0.21852206897109444
0.19569294673217114
0.2804371246483156
0.2801755232119202
0.2931578454694644
0.2899378859433238
0.2642483668139923
0.29634603126576176
0.3351230145692874
0.3471067174223572
0.3361097523000043
0.32091497928739005
0.32588046273782845
0.4522433926027815
0.3619218497206435
0.3154504074496042
0.25599662419400665
0.17409165347609212
0.1754764003916054
0.20185310704682272
0.2576222409190277
0.22748606330421633
0.23212402820363878
0.22678252478269978
0.21675440417042136
0.13596751122232004
0.21826573289669673
0.24624410527135068
0.2179145372454748
0.1778676004293662
0.19985838357644
0.21638621706825195
0.2332972730430691
0.24802422620952574
0.26124957880690886
0.2730208020548008
0.2838846860584554
0.2933851474918834
0.30138282927759513
0.3080147338909654
0.31361007217057496
0.31929368627874866
0.3241634141443561
0.32875035723081036
0.333144461096503
0.339265794783148
0.3423485355201191
0.34592731706575724
0.3496237386606853
0.3564570093407946
0.35921596698281866
0.36275252960385557
0.3668754889192693
0.37726973666372626
0.39907060079593826
0.44090946466207226
0.45349326607573953
0.4699582663670392
0.4664337847653736
0.41119429329620805
0.3858516497692745
0.41309814930016786
0.36737010744989174
0.6165922592015811
0.5804162992000459
0.592362162527379
0.5948569769951552
0.5853239417950635
0.3132025819913815
0.2976952608714497
0.3009188105095888
0.29713218445382705
0.30388934269773543
0.2961658631325382
0.2970443007562527
0.3103344854841635
0.31346688261153327
0.35529162783866547
0.35179362779767626
0.37712818757771244
0.3674341527473772
0.3089254579954401
0.30889266114082814
0.3219487279667911
0.32191707957132254
0.29862063045932247
0.29859831192811825
0.29489963268797553
0.2962272979719228
0.28723151825600624
0.2839602090944203
0.2887565840530389
0.28437462070939096
0.2639083767800464
0.29374562562208884
0.298923400202603
0.27902610309289777
0.2920868780127706
0.2963492441411874
0.2965745650656939
0.29631686432530246
0.2653546471001865
0.257058291928504
0.2515910687914131
0.27997146257756395
0.324060823177132
0.28328062252107555
0.2823941344883017
0.28106481912967424
0.39720006601869906
0.2762400664986047
0.2209167227390713
0.2230976934157915
0.2349316239745902
0.32230626683600205
0.3290528205709423
0.3128120369750061
0.29966979595376764
0.3087322081571087
0.3074369635711738
0.21178059032929783
0.20627479752807734
0.2607220932714204
0.2899463514759004
0.3187985218265013
0.3395583701536171
0.2904263889120205
0.278102079489707
0.2946196257339816
0.3075266399810438
0.3182619509356471
0.32695565987588493
0.3341374030149742
0.34110096303693793
0.34769497345677675
0.3540136263495049
0.36015618107722097
0.3659457071775273
0.37039603737168286
0.3740688291726874
0.37730840434887236
0.3820857044109572
0.3843831186645151
0.3864757440568608
0.3885106561330301
0.39746687334622466
0.40108678871928655
0.38807501985906445
0.3795217580570226
0.3953029384322395
0.3961127085104681
0.39765069487169746
0.39912954571413956
0.4208082055668225
0.41198696746831925
0.40323880619861124
0.394635278817721
0.4035590305260648
0.36099601856341573
0.32505600326479395
0.2946293381045241
0.30851732250891534
0.3141346340506327
0.3585477132750107
0.4099091972956894
0.4117627323163277
0.38341497246206085
0.3813572373432909
0.34300819501449353
0.3142579411173807
0.2970953784004127
0.2928520988614549
0.2993133412050573
0.3550004392037918
0.35498102354872074
0.3549377124446926
0.3549342074134652
0.33520677970730883
0.3224437224593704
0.3228047686290901
0.3231795349955754
0.3127215038911929
0.3297878230699684
0.3141335149389685
0.32574490070959605
0.31904354398325413
0.3193689411377207
0.31971629323865913
0.32008753927038747
0.30788467802350233
0.30769515172425416
0.3074932440762613
0.3218756310018698
0.2825285090163587
0.24836976929397567
0.3445849601669107
0.327647746481064
0.3288624922175236
0.3296840958394145
0.32936950683378824
0.3290201925538705
0.33270424357827705
0.3288106730550651
0.32855917065139295
0.3283076563734266
0.46942044193269483
0.293101348874498
0.2848475281506973
0.29479654823115703
0.27274963960833604
0.2777491807171098
0.2798886626667895
0.28007788651745447
0.24773110502005527
0.25757856360018644
0.2288196110508183
0.2218864781735833
0.1949744815355263
0.19157928015642303
0.18194834214583971
0.1910627981802448
0.19972728826157615
0.18792313094331659
0.207480289090981
0.2017324415376098
0.186542506003622
0.1972485571255835
0.20411933846268582
0.22032529630483066
0.2323955483502923
0.241478356846339
0.24890240996572863
0.25575531677577995
0.2615303540145096
0.26558991592029085
0.25257666284138436
0.166352864372784
0.2680974771461848
0.24280120112952452
0.17638347242685584
0.18329271679652462
0.1919998161104794
0.19569437025485484
0.2012156574359233
0.1913162958266665
0.2688951192097341
0.27156506618712134
0.1818959478880682
0.19012322625112194
0.21848365126067326
0.21609259665674296
0.21388159692601674
0.2118668492058469
0.24338596734136453
0.2349239036174956
0.2347812161679728
0.22205645140750574
0.23107259729639565
0.2294256240993786
0.22654435172256143
0.22283007328506962
0.22006498531456195
0.21911496363413582
0.22157699324982472
0.20390558879432524
0.21171222093199435
0.29959007621718825
0.3175468609660439
0.2959164889922654
0.5518001625226526
0.5491218169219236
0.5490362204767161
0.6201512542262541
0.36704814692424625
0.34793766367694334
0.36487113222828804
0.36605323302383824
0.3420665272722484
0.34207905741138767
0.32509747395339456
0.32385463307451656
0.3167890181260479
0.33371953615256317
0.30953517722574514
0.22936377328907484
0.21735944050160022
0.21498140525534654
0.2517283825130203
0.3192851443231438
0.3096811797944678
0.312510714213503
0.31333212266173277
0.3068054153272659
0.30237241044554475
0.2988864962544777
0.29677443249039936
0.292434719823762
0.2951690921714404
0.26407248084307744
0.31103933073139883
0.30671548462203624
0.45030296286278265
0.3786251387580112
0.32178389411042135
0.3146002911344269
0.34876637442945185
0.3774230002699506
0.35123784467622654
0.2583668907926707
0.2234845184573475
0.24118055783384104
0.2936980082961356
0.2725589920236896
0.2750397291464078
0.3140896247221183
0.3445537760411904
0.3486328287052262
0.2800644852330575
0.2974096953203587
0.3107579808654639
0.3216117378561509
0.32670995667087893
0.3331568375723926
0.3378861646043668
0.34166059351940975
0.3473285995621364
0.3542469924636268
0.3622138507649523
0.3711877784494157
0.37582504734645245
0.37731234506055755
0.37775984006622443
0.37831824507080647
0.38168418623746925
0.3832517663235923
0.3849262194161039
0.3866564843988377
0.39128656868217665
0.3918362636065846
0.37867300428149714
0.3522210769219715
0.34140755671677503
0.34211826133205225
0.36742808534552696
0.38123420689422477
0.3752426023125236
0.39349928795108635
0.424828006385491
0.44426324888627017
0.4845189512153881
0.47327956759039613
0.39403400019561396
0.36190589332978096
0.35466841058769344
0.339950847990181
0.341643964753417
0.35421144788984177
0.3599039715099413
0.3854442306588205
0.42397121275201033
0.41223395668855045
0.4040313730623893
0.39724313375254766
0.3836732287869503
0.2732414177949401
0.21025061681151105
0.21234720744223903
0.23017023344810783
0.2636428043356577
0.272511565011524
0.37390134704762323
0.6420571964479012
0.6224611557914639
0.6103481257370827
0.6103213588906772
0.34293368700328575
0.3135328183954343
0.2973912646742435
0.29090423659938586
0.31411945033487804
0.294982213207007
0.27402561347753457
0.27950514661962256
0.2727723364184803
0.2824172365790164
0.2858147390382685
0.2793478053316313
0.29038139813233194
0.2998995880685893
0.2888193401595574
0.26682745748324554
0.27762577730542554
0.26984838586569115
0.2742082849519491
0.28744606529385036
0.2754593230809355
0.2680635830429827
0.4574904229877554
0.42179711829014804
0.39110689015907885
0.5813713331937974
0.5914610642455129
0.5981990788972817
0.30633946864506567
0.310560972344053
0.2959807515455662
0.28584907789808295
0.32235427686267215
0.3420551908075428
0.3327359088818665
0.37148972242757244
0.3695918728514118
0.4053744821981565
0.43329819832215216
0.4422821326549234
0.4854298427616967
0.5117442957269929
0.5076677095439164
0.5081868012539187
0.5103810923694749
0.5142442097099753
0.5179447108351751
0.5225469139933494
0.5263487136858175
0.5296027081010766
0.5343887764303821
0.47980801851323707
0.4398702190977436
0.4464399400415448
0.4550121675829256
0.4604163549684711
0.46528398822228306
0.46990001278951343
0.4765146625627756
0.4751041893163514
0.4737719231793863
0.4727988949088549
0.4804348150434391
0.4747362882761532
0.4747745286691663
0.4664155640872405
0.4752935875892282
0.46417476376320926
0.45405623761287356
0.4444831468989018
0.46212084006870396
0.4535398472052784
0.4291803441649838
0.4190101544422244
0.46802441247108495
0.4668668256874959
0.4464398145333496
0.45807803754244253
0.46161792545146013
0.41212414014255666
0.3374816272369293
0.33604477759955237
0.32458934894724645
0.3787200990743303
0.40191593192522374
0.363720228398846
0.3437324185963966
0.3415309589589705
0.3430981554714964
0.3445609163934175
0.2612235679191437
0.21323053002213846
0.25975038951560425
0.3211719437601541
0.29114594944772254
0.28629067431331545
0.2858137879698167
0.269310324761892
0.25918687424288334
0.24136353975648878
0.18592921143249744
0.2047039921780078
0.19299624630013085
0.19132053292621712
0.19102061279790583
0.18854445586543087
0.19934972589104394
0.2456376865735765
0.2999117989623487
0.30201900574497414
0.2756079893354419
0.2710412191482808
0.2655951979318884
0.2576529417696268
0.26785808323118726
0.26645969496485394
0.22312563785916498
0.16085382928201525
0.38878076416604074
0.3610033296417618
0.42236899140123135
0.3870678115983087
0.3824791338775211
0.40544683877298004
0.6726730359014211
0.6515164995972492
0.6039706004816942
0.6088574352025777
0.5970436510707628
0.608836835371949
0.33790969573856783
0.27212428081627676
0.30328214632133954
0.32712884768469414
0.341232016703086
0.35802377018709214
0.37072431105675646
0.38065066784555224
0.40936090179209256
0.4304980835258439
0.4457012150828951
0.4564474674423956
0.4654291378266027
0.47306638252652594
0.4609424634489085
0.45486725239557324
0.4536576291194482
0.4549645907468329
0.4580270522244731
0.4620668477422393
0.46875879787342756
0.47361191203004954
0.4786860000135047
0.483961337864536
0.49091015975883734
0.49265037440706166
0.49430469456761794
0.49600420620184893
0.5083076766917574
0.5070371958382689
0.5308449903553691
0.5479635467622012
0.5049627895794859
0.5052206899860004
0.5279164327537537
0.4652736137888731
0.5164352658048654
0.5326862977195166
0.5364751001333629
0.5275210594957079
0.5521710373960194
0.5501369252730499
0.5455781605985809
0.5351555493115602
0.5037909082452035
0.48990437616270793
0.4752687013044688
0.4602155964422111
0.44373517944144153
0.4317815240608071
0.3218022853353456
0.30203652742106957
0.2231827548502714
0.2325342706400317
0.238173620880548
0.24147701451791007
0.22108852386665265
0.22072573304552878
0.21792926203262555
0.21560098378872533
0.2039836610466181
0.20445820002368445
0.30056444350449657
0.3150905479991392
0.2936244904158334
0.2920359434848972
0.2741829648909621
0.18534783992416082
0.17074496660070276
0.21609946521110868
0.27387228373738176
0.26973560986172007
0.26096397806304994
0.16850554620880376
0.1527737121211682
0.1521212413570933
0.14708387556894487
0.1455189088345215
0.14471143494908256
0.18059638339924913
0.27784754878366585
0.23048271129977813
0.17137510584903048
0.169861857210204
0.37137528106111156
0.3614402169067404
0.2686541262190659
0.3395884582679016
0.36579252192311756
0.32932614825352047
0.36366275990790536
0.38421305316867477
0.3602848166598844
0.35644400583760893
0.35365265470129764
0.34642265048721477
0.3199674889580336
0.3017847475900808
0.32146471620705114
0.34325642468100526
0.3542448633400163
0.3713605633163548
0.3817161579360571
0.3918075543026328
0.3988721756017185
0.40431949158401964
0.4082063393433338
0.34240515994631227
0.3114131528965153
0.31954885265452465
0.33007123655740067
0.34268149909453466
0.35188337606166553
0.35775623792003813
0.3609251529721993
0.36232182257495404
0.36658139686626817
0.3697383335608498
0.3739900049636757
0.38519137242750623
0.47493698844659743
0.4568801322155032
0.44104013314312457
0.4623375283114909
0.4743135259905557
0.4784153774353
0.4854493879989546
0.48217693677487444
0.41540167649750415
0.3470214881942739
0.3225094304980224
0.302356510163369
0.3200848315388144
0.3326434865686758
0.33918175254538546
0.33984562909247695
0.36242443133575086
0.3594193042804818
0.3513419187906463
0.34917026600010126
0.34196919803449893
0.3266390953645737
0.31875886612681054
0.28378932831313536
0.2960516498733915
0.3185868683699296
0.3176623000339252
0.3071976770502393
0.21274716616996298
0.21791128092797837
0.2598283083449177
0.3255964444323579
0.2734099764768207
0.22003075699324137
0.20433644129112535
0.20007888867580195
0.2044122568363895
0.20607652710105387
0.2163939145561571
0.25521383636813016
0.23733190880651828
0.19844829504960185
0.19809057707802405
0.25646106474246505
0.30466841422064345
0.30450505434614683
0.2535532575716746
0.1843312887117046
0.17934655181845885
0.1775903261623791
0.25750607470003867
0.3010890573586035
0.301126960126217
0.27649242403225704
0.21652330869592837
0.48103772625045055
0.48791963722979004
0.5548956760540119
0.6008668763492032
0.3802361346961583
0.3061120893723188
0.2338125490743797
0.18547816977349385
0.1696757554804585
0.24595744089895571
0.285096390813606
0.27268797075476764
0.22237815034911448
0.25610134225405357
0.5069521883641198
0.4840119148040791
0.48475369611776603
0.479494469542272
0.4938132031819136
0.5112494098499515
0.525457205294619
0.20214943446636593
0.1950162365548723
0.22005911508898263
0.23702573493979914
0.24898863563388643
0.2619329374041034
0.27233060713362733
0.2807848385453844
0.28763042670161343
0.29307542206839443
0.33213520698658944
0.394288432641491
0.40361256079842506
0.34675393415186423
0.3149038876725256
0.3229797445159442
0.3377452353275508
0.41719147689247327
0.42989680645513434
0.35618075160318846
0.34305538538124475
0.34598397618667937
0.3484092256323037
0.3507306043536624
0.35980187909669986
0.3543269209292352
0.3346932660300327
0.3206158820858284
0.34580582848068586
0.3570449838028713
0.41325849290735955
0.4173390113951542
0.3980468012395162
0.40313780997941956
0.42923587548350456
0.40622178913619916
0.436082147358132
0.44614123965898106
0.4190555821910262
0.4226245273833525
0.4223636170357882
0.3606342863929328
0.35040323688602304
0.35514725392743823
0.30773997771567285
0.3211230166151002
0.3320975298848891
0.28725489573393226
0.3797233868691243
0.6437676987160673
0.6279481879243164
0.627912602652115
0.6078949153666143
0.607864411382242
0.6209651185878229
0.34052280235066656
0.31086914809635824
0.3108265936804513
0.32117810110587347
0.3234757315092538
0.31644014837741485
0.31487506329127163
0.30867582052307346
0.3059381923099628
0.2746867968738109
0.2881470991840291
0.28706107543643833
0.2873746716660206
0.2791240610733771
0.27714538219098045
0.2742330937850845
0.2534240018905032
0.24391952356149155
0.23844609623845503
0.2339683333630679
0.23034676626142353
0.24389976570225075
0.24492925691689163
0.22450797746683127
0.13976866917651992
0.36269795839454244
0.29608799673779695
0.2638194223171004
0.27573358555534766
0.29694548765428447
0.303318278279556
0.3715262124242121
0.3324189016546214
0.2827392183523163
0.3042137455722198
0.33363172960156784
0.3555605053172559
0.3616815827945426
0.34035016178997124
0.37149063208530914
0.39543757256925977
0.3556245895365934
0.35523531856673035
0.39548264013052775
0.39504786268281283
0.4428202953063479
0.47955170057592955
0.48794920008411813
0.48164630112835727
0.490482332912854
0.4981425588284363
0.5048442399395353
0.5103897372796456
0.4315211788153996
0.4358468163307098
0.502856978709293
0.532592508517162
0.32113646493597425
0.4101396857633666
0.4761445823513531
0.5214229505377564
0.5540521679158921
0.5666866676227478
0.5736878054517485
0.577440169623177
0.5898710880897146
0.38912362240250464
0.40812868403127034
0.45140232270546204
0.5022596427340184
0.4715914406002643
0.5090198074996017
0.5269086986289886
0.5686465323525376
0.5740491599725548
0.5970897087427871
0.5916797594918116
0.6455339623063985
0.6562049421031473
0.5977372276575035
0.5496138314090707
0.570354897435842
0.5761810068764732
0.5241576028825048
0.5317059575400545
0.5326016765855426
0.5321637333135371
0.5312329360316033
0.5312538238025584
0.31196898768828085
0.29854052051699076
0.295011275476919
0.29918542236046203
0.2729345954431459
0.27050109250428944
0.26919781906991785
0.26847064934205656
0.2774009354647438
0.28056203246083683
0.2774914857330951
0.27865992977919785
0.2705924882482007
0.2717821868893318
0.27057575102098247
0.27371650444651785
0.25812724893981454
0.276066843485217
0.26344343236085016
0.25629911454721255
0.2568848192452573
0.25848314963060925
0.29538236657168054
0.288459015341193
0.22494879069824048
0.2261492429643617
0.2261492429643617
0.2261492429643617
0.247288553175086
0.24368719637672254
0.24368719637672254
0.24368719637672254
0.5628157600359392
0.4499264636996943
0.48970073588154334
0.6016998599496436
0.6498427299807538
0.6614788582007963
0.6413344005136932
0.5364815603255711
0.5269716491085208
0.5194439331834911
0.5195286845846913
0.5197385867885171
0.5161814523388392
0.5660306699115476
0.6118013192345338
0.625147464173266
0.5724621239204365
0.5727388583534031
0.6260564395807354
0.63682035642961
0.6200469908726015
0.5885086099188879
0.5007034432129704
0.5004686994365013
0.5024965910551923
0.5048530783416035
0.5068185660999571
0.5085040875217278
0.5109538338149083
0.5092003793145203
0.4924055647125715
0.4819310627398809
0.4932226898278295
0.5025848732700551
0.5101839462758421
0.5166443612418903
0.5260761460176644
0.5276578573639448
0.5280569399202243
0.5316998175944769
0.5402888232389735
0.554910044191308
0.5867555370317323
0.596692099366554
0.5758642832873868
0.5502936887654356
0.5370426014377662
0.5122711638904666
0.5550568644578081
0.5627051255584785
0.5433818336310675
0.5292988836864593
0.5608338426923781
0.4591717061399504
0.45740770740291126
0.44729776323643633
0.42732849221130315
0.434844530179965
0.44125372286807746
0.41670468158898377
0.30373215032991874
0.299022897910752
0.2675470770752483
0.37723507781251686
0.3399569972720955
0.3452739507349413
0.2892926325501729
0.2399888144735085
0.2032115451213912
0.20079690357824503
0.19927424068067043
0.20865229525022166
0.30351608557807386
0.3446077941700442
0.30166351428122046
0.29932931777172184
0.3005148032843284
0.3065883620017264
0.3345791689555794
0.33458331079355225
0.30562162451320085
0.3044025683714253
0.30086035918770027
0.2977483447185448
0.3014641188137305
0.3503310223977137
0.3648100570282976
0.36614677205177265
0.37219332667074717
0.35677829002917416
0.28836525230116433
0.3093508381388137
0.36358304079272286
0.35353789421832854
0.3115248703723544
0.31134004617494415
0.4509908022298522
0.3750442405981746
0.3178985968291689
0.30931762613057867
0.2546929076763185
0.26382420497259235
0.2610008241494463
0.2530338134028685
0.2912056132539672
0.3287501373329509
0.32863793214944725
0.36010406858049265
0.37515473294333246
0.4012822682957378
0.42074624369976027
0.43514648735897754
0.4478384415397764
0.4589869447251186
0.46815044578861376
0.45461938586678036
0.4007754521815146
0.4236817003144044
0.41627011836218974
0.41216934889084517
0.41022282473138755
0.41005709413736763
0.4109732820514451
0.41242174393193776
0.41483711049247207
0.4168415561309219
0.41880234135368605
0.42077635147927683
0.4252260734130038
0.42777967560195046
0.43049379086287337
0.4333432871659165
0.4400384251572278
0.4169660495846875
0.41834255386585034
0.4554873657320841
0.4972241014675428
0.4713290908991768
0.5142076747027562
0.5245408560483104
0.48491309640276975
0.48618806261101905
0.48709946063644616
0.4332527289881555
0.42788371296916394
0.4479217384309377
0.46370612948830275
0.4676546606516881
0.5221811588887415
0.5364553948913626
0.514414652853289
0.5345603350042095
0.5446796673165022
0.5104763669272946
0.5201393007393609
0.525009702507777
0.519452594916902
0.5173182913968839
0.5101970411831804
0.5002071970688988
0.31369568975320566
0.32389369800129125
0.32562995015482543
0.32405532648185953
0.30048272365871626
0.29775080937990134
0.2954315590760046
0.29366853833310264
0.2177693080628096
0.22480774643457252
0.31135064518609695
0.3150808209789013
0.3109824064308595
0.3137556087702243
0.17183382759046487
0.16909181439362558
0.15335868950110879
0.14999899991279528
0.2329171072775768
0.2533742798742704
0.2219671127537214
0.22363988632238177
0.14074758428885745
0.15455221331906369
0.14726026146837223
0.14470313175757388
0.14214612753228492
0.1400809022120482
0.15513342052388404
0.15637387216650123
0.15749982941431148
0.15726354605264528
0.4097065183916867
0.4472533074354099
0.5144113290651431
0.518200361577323
0.5242686889986219
0.5077039527557407
0.49415989279457867
0.47402961863432724
0.38109486402336024
0.3959492735893008
0.4175494229393522
0.4331394575156862
0.39807500988119526
0.34572904232694596
0.3628223476841367
0.3512366735517673
0.34524122053379724
0.35245762518074797
0.3601039571941656
0.3674938270766965
0.3741650126124758
0.3831322803748254
0.39179246975608323
0.40019780529379567
0.40750890775399135
0.4149517052332993
0.4216238028150623
0.4277566760161112
0.433649498400477
0.43900646952360206
0.4439591323093842
0.46427125851577966
0.5434472688954967
0.5276458808930334
0.517334021155321
0.5441198196245686
0.5493161457447253
0.536964349258462
0.4551411765330475
0.45681572656463393
0.49647145963796113
0.5169887239885786
0.5326910185494155
0.48569816825928996
0.48813573924385556
0.4598221031434194
0.4582217724214168
0.48704748201862363
0.5299685370325463
0.5374587749473476
0.5383305958875837
0.535223425078145
0.538942260267018
0.5221456372015949
0.4812398803076357
0.4145840627614463
0.4095848321509974
0.3868285718261258
0.36720171655101264
0.3470256607687364
0.33825179340763145
0.3326510629926768
0.3110734230516734
0.27687853322285694
0.22375379639783974
0.23774815847988937
0.21678272290339295
0.2096812588230512
0.18405320091645114
0.18370196577603176
0.19493440961832179
0.17763962225584742
0.18955460742865687
0.1995855166214075
0.21304587405337455
0.2146949163948728
0.21023932679148172
0.2118461116825523
0.21326397075497383
0.21386962363350365
0.18585926449756085
0.27131641668697704
0.2592801110379582
0.20536305561202114
0.2580177924348089
0.2557283175458699
0.20422551627624885
0.23747174361313242
0.24115083781336114
0.33189872215486155
0.3445335142865185
0.3438656629868938
0.34605967131010906
0.3061726353059794
0.2786723593664426
0.1896653252466058
0.3693495879528003
0.6007021836922339
0.6055142900189965
0.5907600789141079
0.35835285341474654
0.3452248378989458
0.33247470439082677
0.34963333974840194
0.3284085772454808
0.35273506660352677
0.370860475464403
0.37450653850891896
0.37654057038731936
0.399492912617765
0.33760608876072296
0.32463428760343854
0.3362401853221346
0.3471055746499867
0.35646152848286083
0.36473464510184567
0.3718371194865414
0.37829666697476755
0.38384896267380925
0.3888667147718544
0.3952212549887846
0.3965584710757947
0.4065842281897269
0.41669908745427914
0.42501868473343224
0.4307317733953064
0.43472936579724164
0.4376891167995165
0.4388213129099697
0.43931983138380837
0.44116641090658676
0.4440851949019247
0.44958556756304163
0.4504295601446313
0.45486684154682794
0.526143462920776
0.5494399334414102
0.5464166536835514
0.48770138942721064
0.47022364731243893
0.49332489940680363
0.46506287450784906
0.47198860389022423
0.40875070030700855
0.3982591534153512
0.41446722005061487
0.427664038105918
0.39366014057124005
0.4368650436663206
0.44966230390939105
0.42716773740074215
0.4001068656961625
0.41320523946395143
0.4153325541842868
0.4130525689010203
0.43790465817734714
0.428495920594701
0.42016942523466655
0.4092988822028362
0.39644846571434994
0.2701539225050725
0.2429060397132878
0.2448147875531006
0.3014026737597829
0.3543729432143535
0.5755035985231499
0.5138818319788436
0.5136662351496563
0.4728063784995169
0.1971027493211181
0.17408040375569048
0.17016910899722582
0.15932721875247108
0.1582222603938997
0.15735254817146735
0.15584182373042588
0.12250156890926374
0.11793551745018557
0.20859778750784158
0.23991657833230365
0.22979887547864092
0.25397547055467345
0.256296167932727
0.25070597727042415
0.2678367633002667
0.26909379461958316
0.25935257836488973
0.2755103620551097
0.29214550444681764
0.31350449259199903
0.29990991906871556
0.2933303786231602
0.45119243030584183
0.3921212088518627
0.37665616302407773
0.35694409481608574
0.398920200490343
0.38950868156432394
0.37769420747539056
0.3660364236918662
0.29156949409389105
0.2844917335054859
0.29418952373875534
0.2914722053922591
0.2908279085215621
0.2082802283179115
0.18313801503888796
0.2523707183369357
0.3033675043888097
0.3415905601581781
0.37557079418046707
0.4006766934024465
0.4202087404517329
0.43556917842557696
0.44838855394229815
0.45937574593022396
0.46852187943985396
0.4763475201330248
0.48310755185849485
0.48911429342484636
0.49471639389813893
0.4989728793267902
0.5024875570559616
0.5056211526525837
0.5093081930642054
0.4753033938848538
0.4055657878046785
0.4067368916828721
0.41138167029011563
0.41211291673660194
0.41367585155442416
0.41583576575878384
0.418618420858841
0.41485733174280465
0.4117511617652038
0.40873465207898646
0.4138402775269183
0.39777430356887594
0.3542441095243269
0.29073209853476334
0.31194905521462996
0.2828142402603328
0.32945171203651535
0.3278891276907565
0.3422404531054186
0.31011194627053573
0.2881274735279478
0.22936693367986186
0.232881750603963
0.3177219826994646
0.30314956584688146
0.20337527472450068
0.20071429737170643
0.291675452266696
0.28508721443011803
0.2810941989108547
0.3415815102230467
0.35852605391532166
0.3296204734595929
0.3414792822783294
0.32167771344362395
0.3219020358862678
0.32214809833575975
0.32241369111013346
0.23297402615615714
0.22006286609658782
0.23422039920109602
0.3267681246108019
0.2873917440525843
0.21378423390549756
0.21356874395053974
0.2133555910150649
0.21549639623323333
0.21842233856697799
0.5207642575558914
0.5020077470031611
0.5027244586955595
0.5049535272489837
0.5047834988657844
0.6092313522286713
0.61297588905473
0.6141560792706616
0.6141257019531671
0.3467189848714219
0.33159534455410333
0.3279717129894589
0.32794474088701486
0.3279086088144537
0.36994801022130697
0.21187412126134522
0.17676393407064447
0.15143887269186523
0.15317739218783324
0.15246660958882086
0.2577706256685242
0.2633177967423103
0.23046943391617875
0.22908641953384642
0.22678252478269978
0.23129820264670747
0.22008108494316617
0.19724942144675126
0.2271838913801755
0.2511126787535326
0.237038574225065
0.27173052511074824
0.2159651577023843
0.2189537945337384
0.23695032961550155
0.25514936154104484
0.27017793898869175
0.28268833649357406
0.2924063216527951
0.299930691364022
0.30594212785893216
0.31097435997950135
0.31747393358678994
0.3242802277570838
0.3357391852256491
0.3464951150673588
0.353857768018049
0.3589219797910922
0.3638951487675468
0.368950873233627
0.3757821679281437
0.37778385719336255
0.38014304475917704
0.3845363578096682
0.42063394729177844
0.4672902812882301
0.47515261669528797
0.48738234126005886
0.40460863942604053
0.3998814567620115
0.3803152862438269
0.3471670532285528
0.3671324266980539
0.3638470215086165
0.3651120471205994
0.3502967816118628
0.36581270019662315
0.36232572071380764
0.4035103626131699
0.4011953720974538
0.4055198552616854
0.3975941779531761
0.31719675693696936
0.26732694198472134
0.25162141188428705
0.23940707521894528
0.22079588229880268
0.2090919506231568
0.28592395579726954
0.329111928579097
0.32979787453685355
0.2333525875980914
0.22239108594135693
0.22394662163566706
0.2838809693906273
0.3302125444214332
0.3032244604689304
0.30215352096269577
0.302290031390323
0.2688002513329489
0.18819470461816734
0.1881937077281452
0.21532410982629244
0.2981452233219876
0.30824126102565763
0.30765241744178445
0.30707506911746213
0.3098759632043445
0.3312405521477453
0.33347753680898756
0.5973460401940075
0.5945534355358946
0.6045883088054954
0.6439085627026024
0.6339207615475607
0.5953496893720068
0.3301885601772703
0.269209862684016
0.24979850177266832
0.30740762035562724
0.41791655497029323
0.27718319593012436
0.2544553224392667
0.25967578102773065
0.2660169798724518
0.1673613852866004
0.16130660201072175
0.1610730668753724
0.11399564962872884
0.11208403799528824
0.11087781468699998
0.11131161250450204
0.08565417961466054
0.08498145347465107
0.09006753427552398
0.10140933166746333
0.11129399417223446
0.12830218671144655
0.1440872468856461
0.1586750806837407
0.17293283929537256
0.18715434867339156
0.20077569438880594
0.21375541645714258
0.2259351469420474
0.23709395786930385
0.24729607298043266
0.2566958103796681
0.2655245592030883
0.27301747861256137
0.2797328000722055
0.2857607977450582
0.2930979391162545
0.29787918126346563
0.32002942709337195
0.3960843797568302
0.3174513105685378
0.2529319930353533
0.34414525814497937
0.3646382872303192
0.29510170162848426
0.30362808503854755
0.31336521951701796
0.3118207888437575
0.3251344630434334
0.3172721026942147
0.3096952321892341
0.3020447060398865
0.31882136725821497
0.30720536344243327
0.30784836516340724
0.3027236901689889
0.3278122937405615
0.3159133595025735
0.29927229499259056
0.36350963357030225
0.3875805147041151
0.3577377825672984
0.5718605580488377
0.5736444920508214
0.5722996250595763
0.5777189571716398
0.5050063795852613
0.32377349533428545
0.33090095073788295
0.2488560663692943
0.24957838445674238
0.24974504651333213
0.23012343652899528
0.23223447993414334
0.33654717186978245
0.327934907317184
0.22033855170488098
0.2685492851810487
0.3253691309760257
0.32512196953415
0.3179865948981825
0.31787812580500807
0.31777308709833607
0.3176625439719685
0.30537122510234455
0.2677609369584657
0.19929418423099748
0.19905219927504073
0.2450094476705523
0.3236297749725395
0.32360924017500375
0.2555649143337266
0.22014995925243103
0.21606313873996064
0.3161919086915943
0.31228028315042444
0.3198906819949101
0.29399421625230004
0.3279305293281612
0.32611677042450876
0.43355939768001084
0.34652277813039173
0.31202277578762666
0.28537847940637234
0.28940330169365436
0.2859506550660893
0.2854990938414636
0.285972988635926
0.22982227245847867
0.22151693758012886
0.21885609288303812
0.21361642717135276
0.21706472046893852
0.2321938435620073
0.2540395456668027
0.2779027300837046
0.29797498869085703
0.3152010092289174
0.32908087106254486
0.34042150055098835
0.3503412543157398
0.35935132119483054
0.32591818631681696
0.2685256088369875
0.2759177565651053
0.2834752748323572
0.29104188536928705
0.2985159768859569
0.3049867943906195
0.30965705603117005
0.31316815611401866
0.3158586117310372
0.32045831875590736
0.3229392697382925
0.3254905010857247
0.32808390266094023
0.3334825214621625
0.3345816955721184
0.3362993805529705
0.33845452315732644
0.3413114209843299
0.3373359440829105
0.33401192695695703
0.33093158929039024
0.34097487328388104
0.33893876698885894
0.3453978503135011
0.3660146380707409
0.4056879582686439
0.40598288159690266
0.38923605374354675
0.40421124401724307
0.43701984307094377
0.403197280878975
0.41155908198801117
0.4247838019705048
0.44586900265889773
0.3798014143877327
0.3287181741762661
0.3177180960692315
0.30370011694572563
0.2927745569385291
0.28549926094987216
0.2672932478187471
0.23566615229218035
0.2416044384227795
0.2424753289287141
0.2435713164072392
0.22293985892932963
0.27629627728916434
0.325798382952878
0.329029556373177
0.3146276169702632
0.3126999038840388
0.2996326930090815
0.27963491955977554
0.18180900783973536
0.1821621094661578
0.18315128014349014
0.18386111634801505
0.17409109579711687
0.19607460278807343
0.1952064980532031
0.5530941539327044
0.28782720181044275
0.28439704850354963
0.2908621698205652
0.28671669805422517
0.2923064302164656
0.2938072478452205
0.3275946083127609
0.31403105805880954
0.2831172221624014
0.281084714106874
0.29123091984702043
0.32180969984993185
0.4336152538124005
0.3534905662999216
0.33392234910275337
0.3575652014522539
0.3871268246282248
0.3994303583369232
0.38595396923958913
0.3918196219301735
0.3634226720147226
0.376403075791808
0.3916815203324795
0.3865438192281831
0.2879651417472944
0.33583850705335455
0.39036412494400885
0.4044266440099043
0.38321791969444596
0.3946057212244412
0.4163052119092442
0.4329076391304833
0.4449560665825878
0.4537872892392015
0.460041013302041
0.42758844374566046
0.36400616635125904
0.36884126495918984
0.36989189548964696
0.373643240751104
0.45858449983650834
0.46258360156550477
0.36864737413853643
0.37309654488087773
0.37820762499528177
0.3804397116327267
0.3823584111050205
0.3842105318784963
0.3889687896695009
0.38969892657205457
0.3913091624929613
0.39359936809588314
0.3853461205104444
0.35030900188715536
0.3331774120451195
0.3424372532926499
0.3647851716946675
0.3603690535865032
0.35774210782664306
0.4059910715562136
0.4810829391035465
0.482529518269272
0.45611293643591594
0.45385993504529526
0.36827020461186305
0.36931237669180245
0.39032620492103903
0.4546641203991799
0.46818642090006807
0.4721158835892458
0.4651949782559023
0.3549768815226053
0.2665461177647522
0.2424691131863327
0.22205830734510507
0.20477006821457683
0.2417542533021701
0.2641178065005761
0.35971164698576713
0.35970566692637196
0.33971786909196716
0.3397085184129702
0.32121055946508636
0.31101316726537515
0.28204322435346535
0.27814437723791585
0.21750032550069384
0.1703500434040023
0.1620419746547721
0.17932613677983095
0.19763799412946914
0.20052587455406248
0.18853537804772819
0.21106835384458328
0.21631976026984104
0.21588662486157054
0.21148200704540346
0.21214171647341395
0.2232016995830849
0.30881816742189483
0.2872127325659544
0.30022153965719534
0.2170413713429742
0.18670364545959958
0.20192477951909607
0.22706897599318654
0.30529211663259886
0.25752874710337936
0.35142082855203144
0.3133635726282986
0.3036985586741767
0.2762985321309366
0.2790287313479436
0.2715177067858361
0.25425749014201293
0.27872210565687056
0.27121244958939894
0.2902574035608147
0.3063368440138474
0.32003514992132226
0.32317156599662983
0.31772336122287886
0.2517674990488848
0.2646740646203058
0.27616689357673774
0.2867791579602159
0.29566377773818237
0.303229052913191
0.3106690271508108
0.31836485936401615
0.32584348459035906
0.33312250242015146
0.34003735315672595
0.34633791801092967
0.3521205371177912
0.35779845038123337
0.3627809255555325
0.36707620163710253
0.3707677092066564
0.3740373806034331
0.3828757805201145
0.3881130631999842
0.39219377564958136
0.3954441087293032
0.3984836256062454
0.3951636424882265
0.39337575097491
0.39279266637088966
0.3978433957344983
0.39147935741506307
0.4399379721648615
0.40055067288434354
0.4308056328662932
0.43762539066628714
0.4236657202243055
0.42055623109055085
0.3532715126759718
0.39571240283980574
0.41947507949296553
0.3606566974791472
0.4153517539350913
0.43581117440458955
0.37516320424676
0.38364120668684454
0.3847326737919974
0.3631601256710615
0.3835109470883591
0.40331299212172017
0.411240723168746
0.4151618576094867
0.41091295986924653
0.399506870900276
0.33451490484766416
0.34850458457123573
0.34519212371877744
0.34369546595734357
0.3220731306035979
0.3331086933779599
0.32762620542689336
0.32068080564372925
0.3173614209580194
0.32089115933291423
0.30943846572365385
0.2834852922855353
0.27001195263882716
0.2673328130400926
0.2975276122170068
0.3013944501314485
0.3178888545090919
0.2915826968860163
0.266732440519419
0.26173456289988595
0.18444048441301017
0.12613603745273386
0.12259884514864708
0.14170589176240156
0.1570447219841452
0.15617953243383711
0.22821205326718527
0.2585716564584756
0.274217588528405
0.27725001581524716
0.2745840410035718
0.27424031179680713
0.4696981724106964
0.4150556540183407
0.38530475654284513
0.35899304047488506
0.3698984759845552
0.3506706224299807
0.3616988016738409
0.36421582424216487
0.28276584377933783
0.27605784054492766
0.31337956789869365
0.33551247463130934
0.34938385032520547
0.37356790236753984
0.3855947189586255
0.29746063242591775
0.3076938612671361
0.31653688089052556
0.32319187970158625
0.32822241711852135
0.35409763844754866
0.3722802935241449
0.38451080422731704
0.3924668930020687
0.39807243367426315
0.38052392902718435
0.36999843393941373
0.3645532269114678
0.3622188660736044
0.36057718843361664
0.37875704872883154
0.3898529687906856
0.39881167201076073
0.3845248624208
0.37536400829273675
0.37018058156261524
0.3716186227244211
0.36709388862254033
0.3639119953606016
0.36393478925040545
0.3677812541830677
0.3698879526655817
0.3945171574270663
0.4440910262778499
0.4602080669747935
0.42157138250666987
0.4368513489470859
0.4014463902531562
0.3737170821704977
0.3771701315373831
0.3869603688698701
0.36636257535913863
0.47350518911878164
0.46747417471438446
0.3484999500949497
0.3153615145044996
0.3167986880355306
0.30929807900245576
0.28469919644698916
0.3346202853498493
0.31653051779333574
0.29880926537707453
0.31654416417053194
0.3469236523439038
0.3788755639481476
0.4065037257144638
0.3679244901593288
0.36786005379893877
0.34784506422714867
0.34790866228573825
0.3479857881489844
0.3480649670319736
0.3240562043795903
0.3240335739299643
0.3240141936543477
0.3239912549343449
0.32657900813236745
0.3650731396563265
0.368994859563066
0.33047773000747327
0.31940460811035587
0.31931282398426303
0.304626763991753
0.3045359302087838
0.3011535023861706
0.3007006463046626
0.298289108463356
0.30038399760028195
0.29403498216862717
0.2903497693444233
0.30995840049341983
0.30736024046045385
0.29746233350469925
0.2984520786450733
0.3183619760065557
0.3278678457753717
0.43429646637657165
0.3566180836776596
0.2857255010176408
0.27417960538247094
0.28203297521105036
0.294221651868332
0.28974103663831996
0.28851350565885875
0.2319333426271881
0.21120913427130758
0.21477098129831287
0.1396228311919809
0.10907649712539087
0.12848893377278348
0.14576232054683583
0.16117514052080856
0.17349482058571286
0.18839640636493024
0.2012394828541845
0.21238401376520644
0.22094257203572762
0.23053921488456477
0.2388224314729277
0.2460386636681683
0.25240783230384
0.25983729303732594
0.26682383480630406
0.2734808730382636
0.279269119457974
0.2835710828509482
0.28714240002483427
0.290229311633377
0.29459988185198677
0.29619707765726533
0.29726984124521255
0.29791763491082945
0.3019917913417567
0.3023921516866724
0.3039343711941805
0.30629499720228326
0.31441584096072484
0.3087749935230786
0.35706203533276015
0.6248323120706645
0.6269323375310007
0.5877994229713664
0.5596403909106856
0.5472641232476835
0.2767745412603311
0.2792557449569376
0.3020239595839186
0.2769096207589284
0.32011931481935507
0.33228319080804475
0.3463701919903744
0.2960404183410418
0.3089918932732445
0.29635655137884187
0.30442515350079874
0.2831620531612132
0.28468201848577657
0.28443887757078407
0.28029353208481417
0.27929014004766384
0.341724862013663
0.3417268644928935
0.3416789990225514
0.328486754016434
0.30845391772078457
0.3044609665744133
0.30835536497680616
0.3042217002513258
0.2981425172238352
0.29814436702706254
0.2901846351428446
0.2981030625445611
0.289427666587316
0.29739787876412865
0.29425934098332174
0.31429161635527925
0.28450124243475605
0.27995164799819644
0.29446036504405576
0.3044630671240098
0.3309594603476293
0.2923797462472677
0.28927065407704283
0.28751627762783327
0.28819730100555135
0.5777576976539366
0.5797516223875864
0.5745052996603497
0.6093278263990555
0.6117850851128787
0.33921715485849246
0.3173734016970332
0.4513923606793383
0.35758234481044143
0.29105001208532155
0.27983353594241167
0.2834637018612919
0.2815866793452188
0.21158414694418382
0.1752177124094566
0.11837557361070074
0.13644021711593463
0.15170508774055474
0.16491132775040998
0.16171926759963534
0.19630938848318877
0.26280153174605575
0.29305903975168734
0.27113552697654864
0.3078025738155851
0.3181618713380691
0.3396144923116387
0.3626694526659723
0.38066862825346526
0.39433042373018845
0.40241497500928053
0.30751457024961626
0.3137050169335117
0.3185774709786828
0.32252417933098465
0.327694333916473
0.3328327377006918
0.33827582090775055
0.34393302774953866
0.3488777119968325
0.35000162906692683
0.35010329666776685
0.3497528063393621
0.35287123695524014
0.3522050290785056
0.3542313144593124
0.3660040159184662
0.4517494710327581
0.4476470598522032
0.35406553487452513
0.35657372316992786
0.3711075907717709
0.3672106159030741
0.35883763663533075
0.360974889905729
0.3931596331829057
0.39644396598195303
0.45185934610534056
0.44041083698805666
0.4610570963606236
0.4640491997615862
0.4697917364630624
0.3672768997024296
0.3757968617702787
0.39227080400914477
0.4757172541583534
0.4267410400923703
0.3561952431563731
0.34615159324288364
0.33523269274047124
0.3186588370987855
0.1909029264516133
0.20042005035723426
0.18860340933149833
0.18815420666741972
0.16669445693776938
0.18008227103573154
0.2295959787808071
0.2706151830189037
0.2097034737671685
0.1674341090307744
0.16813104955233305
0.2610236899616145
0.25558040399524196
0.2566845646117558
0.2950213599969425
0.3031961712482043
0.28019422345616407
0.2518625994698297
0.16354746130503925
0.17883935193766098
0.25820225790795737
0.2819053204221475
0.2851836053911883
0.2833397315671318
0.27531156724602446
0.2716325434708993
0.22609315411544847
0.16017020833689558
0.2586580761072823
0.3060717557713741
0.30309028118279485
0.3005405472522846
0.47285246023022653
0.3694777003777212
0.292030550410187
0.2669163450841482
0.36323410813371876
0.3650129202729788
0.3297735873291093
0.33427966293012085
0.3412359113041277
0.33671778564432936
0.3516910883611366
0.36003154104245194
0.32231463138053584
0.34861415255952943
0.34338800482046833
0.3417086647686887
0.34055039885515276
0.37133314474956236
0.3940105559116932
0.4103750602471355
0.4228138731310286
0.42916763672129243
0.33559988533472734
0.34288107597446404
0.34978541625809695
0.35622526224879864
0.36233121173464594
0.3682442396625198
0.3724281421676437
0.3686534908525686
0.3716731119750602
0.37346809496729705
0.37821965927909934
0.38149919018572453
0.38522112984643775
0.38927845313313514
0.39567734875758104
0.3974630766565286
0.39964455683086153
0.40212710128187773
0.4055284211238693
0.4023208438817305
0.3998947452192554
0.39764010754838036
0.40705133874151944
0.4032484646999939
0.39027619134977476
0.3532084208207729
0.3622700892660074
0.3564223887425369
0.35990844532708766
0.43883260638409305
0.48692509735824024
0.47434821729734683
0.4410326120320947
0.4459980142274649
0.41505266618310643
0.4310505030037412
0.6665788075392922
0.64520568110743
0.37186737832139066
0.35065319597639544
0.3523551068773197
0.3444332702216706
0.3464169131847042
0.36774591161793385
0.3677234985116119
0.3676797306751229
0.34677592008886626
0.3430930292987565
0.27174673575582475
0.23391970407008345
0.2207292060469181
0.2192901761551014
0.2888691473403834
0.32519108509654243
0.31851951906142895
0.3193953652449294
0.3222476281692053
0.21288046278801834
0.18685960807858956
0.27153460992361184
0.28388114242489176
0.2624404779334959
0.2550752724439962
0.25136056732482126
0.24772717077895842
0.14946702699119432
0.15398043907513692
0.22460399116365712
0.25644548321706334
0.23028252555793627
0.28729549326663595
0.28707631139951734
0.2891096374428486
0.2873681136843863
0.494458855899084
0.35551015337102854
0.28487197490209265
0.2900589649673199
0.30559707752323895
0.273644652649634
0.32168011478735564
0.3898796455418451
0.32223981748607305
0.2772434510502901
0.28526646246100756
0.29055030026945483
0.29032310063960015
0.2999743707971
0.3042413476579911
0.31388618994784123
0.32308994464538043
0.3318366165407675
0.3391343413337918
0.3453989460852122
0.3505418765359266
0.3714248375615808
0.45686281826226527
0.44023264740378965
0.3641199812232036
0.37035460065125636
0.37644111779760225
0.3825521472968642
0.38860262780605714
0.3936104847146582
0.3981448108818165
0.4024195749129778
0.40790038815446966
0.41062018858321003
0.41295456025874
0.41506721827939447
0.4200732180989132
0.4209070678382196
0.42248485693596943
0.4245962043182542
0.43311869383525337
0.42732631739613663
0.5136582268410799
0.5045052802601323
0.4463298367145488
0.40468768475491484
0.4162779530842158
0.4883871856279638
0.5107863643772796
0.4215832122167589
0.4107027970266624
0.39885828559059583
0.39818657361043536
0.3514773535665139
0.3089618498893529
0.29701361367763446
0.3398626851073912
0.3443162212501275
0.3465116084102319
0.2556214816876212
0.23680237671284632
0.2341388378948982
0.22361314530267273
0.2186770656986711
0.23750086917190666
0.24294396261975637
0.2313678609162657
0.23130063583876917
0.2243663692498795
0.22425691990363594
0.22375200339868695
0.27793087473151673
0.3176712886342197
0.2669631213028227
0.2224698748369376
0.31716826876040927
0.3113016542348659
0.26035951964479265
0.22608070076085068
0.21032265540870426
0.19694516271475196
0.19499649069126923
0.19203244971175
0.1902371775060814
0.18530778387972693
0.18495256038418592
0.21202094022289186
0.25352958105007356
0.3414160018900696
0.30434188158518055
0.29967803557859013
0.2801140826430678
0.306055398238696
0.2826510778108388
0.2785899080844832
0.22606560226542247
0.3728185463326303
0.35294868330305484
0.3172534816738415
0.5990632006714416
0.5795075783718309
0.5790655844141667
0.2949571582409216
0.2738738750933095
0.22870342426741128
0.253488213341068
0.269192079358104
0.2940408599757243
0.3038628900687789
0.3290235045150849
0.34543022824315944
0.36466532252144845
0.37686362209115876
0.38887492716813393
0.39533442182139517
0.40302758155186724
0.4102127654101876
0.4173210826739795
0.35105523550487944
0.3242124782751758
0.3301846263051206
0.33588205926423975
0.34133782053399453
0.3466360934120704
0.3518285411853523
0.3561553692316887
0.3602371258107863
0.36428710120122193
0.37062499275798977
0.34180031304377884
0.3489244541084167
0.3860769109382737
0.4381775292883155
0.4495070360008218
0.4752988496990771
0.4918195109036163
0.46985890309269174
0.4802661039558515
0.46932778934373903
0.4221985176266305
0.454556659767548
0.463845853976085
0.4986808094954345
0.48859205064801114
0.5180222838222671
0.5197695357042622
0.4824120695866165
0.4841871107646624
0.5061257026507725
0.5068408887507312
0.5169791167752794
0.4784018277257434
0.45550466529626465
0.42881290729987376
0.661000059553538
0.6030237904276131
0.5805593671868969
0.29593126824029314
0.21197362679097417
0.3045243563573459
0.32383802284038865
0.22894111220918292
0.23148945288501396
0.23395685190862284
0.1974159074543556
0.1941320267248946
0.19181431943575122
0.26001352162441554
0.27092662467857626
0.21677477321176952
0.16242520684638365
0.17588713249276366
0.16863654776451042
0.17028238337050328
0.18629541018747597
0.18865466672667838
0.17653445850798394
0.17490706044962753
0.19713176620405676
0.21517410317894803
0.1898762311985714
0.18488640035452802
0.20169996961417758
0.20185627225639194
0.20126155104914872
0.202258388206928
0.22759089275500283
0.20925169065770577
0.30777577817775176
0.3684653827016722
0.3581003868363717
0.313461911174168
0.4252534614026438
0.3401244901831381
0.3050104703962116
0.31590510461279103
0.2613408082976299
0.2712824242022865
0.2894989901156903
0.2687017272892341
0.2607289849274242
0.23828457840344852
0.2358812220202115
0.25232385187605255
0.26797629302802944
0.2900229929231382
0.30824611612241026
0.3001385962343826
0.3188755278533948
0.33763194881824427
0.3507292699741508
0.3640953769088462
0.31823531322209697
0.2779699064738596
0.2853910650258703
0.2918096081571345
0.29908881218693284
0.30681689701649756
0.31480058995650123
0.32292524053720933
0.32980510385571543
0.3349052917251529
0.3390269936555591
0.34251674937225424
0.34754653280984527
0.34937399139431596
0.3507588595770758
0.3517944780466402
0.3572722529958706
0.35651295771709424
0.356875644103617
0.35805039880865275
0.3640569348602173
0.35776252947833903
0.35337255691096653
0.3496384999093551
0.3665245034643863
0.3696024433156315
0.393768532917205
0.3812125982726577
0.43823883899253174
0.4832576195985997
0.48269046771037677
0.4696157180609774
0.4838317334363219
0.4952922007013183
0.4780832357515619
0.46739346978786894
0.4409006111232282
0.44342183771008725
0.4404882342305757
0.43396259666199133
0.4143331427044692
0.2939036742498822
0.2729697725717619
0.26998788666380286
0.22971587262240356
0.28885714882096897
0.3506763235496335
0.3451436257339941
0.32172813215009227
0.318495942101196
0.3165068418808233
0.27829185907696496
0.1972785149989979
0.19628196218947416
0.19562269913390407
0.19515909397038952
0.1731776000695299
0.17256544162971818
0.17299054122100413
0.17395515233518966
0.16154134318972352
0.2043354050317961
0.28230952153015293
0.2554792979723734
0.2138178032987066
0.2764654954522518
0.2725169738531142
0.27024415111105
0.2657251591427319
0.2886267195224328
0.29221821542211907
0.30833417817678527
0.5878840283488788
0.5856941162603277
0.6115626437866702
0.5932848357563448
0.47324110335109104
0.3729716840162343
0.23816916269659613
0.2534252396225628
0.26930836993610835
0.2848156515224165
0.33214526258661803
0.3632787469709269
0.3540594081693504
0.37133253412198036
0.3752127525314591
0.38253319869407504
0.39669187056350874
0.33841077199437264
0.3248359813476052
0.33552937708616426
0.3431147369458155
0.3535177646198764
0.3618175921928347
0.3684927397458722
0.3710860756100527
0.37398976556927294
0.37545321584825314
0.37610919311818075
0.3771696447135354
0.3794951359878191
0.3820011261996072
0.38467150205499373
0.387744336047204
0.3908277912965304
0.39386821120731436
0.3969696472414367
0.3969331065805581
0.39484598059211035
0.37652878909646015
0.36297850444850416
0.3736069287627605
0.378423807217352
0.383562484702401
0.38713830061351684
0.3938222337218681
0.3933446106903522
0.3990002790592846
0.4314873236544231
0.5110591354267642
0.498130434210479
0.4024999487188042
0.41077668690832275
0.4650482922559351
0.31738712876866215
0.3697267509802276
0.3892755390561203
0.4391536698600284
0.45714104733645605
0.4623387660845617
0.4691035489123699
0.48360728328315017
0.48629700794383596
0.4769426444932556
0.46733876579476563
0.45900584483812806
0.4470223653088453
0.4267806238328535
0.4090180761431828
0.3118802448645793
0.3450882018030725
0.6367098850721581
0.6072220548850272
0.513805484461772
0.23971691042249452
0.2152408850134374
0.2124681468716189
0.1997842974054622
0.19885482578230834
0.29725819337876275
0.3370283852816158
0.3331497055532421
0.21359004249635297
0.21399128619763014
0.19724025521804192
0.1780239639956095
0.1728138763874283
0.18192316114426044
0.17698315939376794
0.18147742599136477
0.21311947063154515
0.2780698343046758
0.3030615170442525
0.2952242802975587
0.2917935391254038
0.28739942810132224
0.26164888981630785
0.28673271412443857
0.33053992301387214
0.32151494426927624
0.2644306898212014
0.4084298153851381
0.3385556099760435
0.25919165481789924
0.2950103594659045
0.3337428411056117
0.32749326228697107
0.33733825536556394
0.34719256729884007
0.3178449390780711
0.3388965985710597
0.3253268970849525
0.34264853089909825
0.36247539791982436
0.3976630538880212
0.3753373022522111
0.35427121311509296
0.28866477129359613
0.29598919096579995
0.30082286089726357
0.30427719187328905
0.30760733685587344
0.31390061905231914
0.3203998731814829
0.3269425912782473
0.33258218150739605
0.40994139330261975
0.42823451839739574
0.44005354318489004
0.4170387042122879
0.3508338016520713
0.3551971331274607
0.35824022081687495
0.3635699400176219
0.3672530440204269
0.4003903386467511
0.4525033331037567
0.46973545976005127
0.4789408385633591
0.4856662475296734
0.4843989583900321
0.4548972343436691
0.3847651063980941
0.3849184954587109
0.3857252379034708
0.39789630657425856
0.3963623040853541
0.4010640197046457
0.3928425095470053
0.4182511948229956
0.40545272333031845
0.3932136796145272
0.3956950604075801
0.4396981969933218
0.41217665516500174
0.31186828947896295
0.31674942184432764
0.3170965846102726
0.3023218938598757
0.29596709403936305
0.3047120025527875
0.3176989183250404
0.2939724167444288
0.3107486209918045
0.32109738140770977
0.3367125221577351
0.34065815624055823
0.33309999553267516
0.3322638291023961
0.3101192474036083
0.3010847274183921
0.3084615284049715
0.30985194665911076
0.2851134592743569
0.29222536660390164
0.28084944164633185
0.27555966596057563
0.2498543917312729
0.278341820715591
0.2889665592177756
0.27692064364325564
0.24462205988826427
0.23979180907538095
0.23401428284568912
0.28924525596575607
0.292453530654675
0.29616109901983284
0.3012212043660429
0.25621198057530276
0.24069635341110174
0.21607261341199985
0.2527259743238384
0.25272670192745206
0.2846379885678654
0.2881914587417463
0.29044808288768986
0.29034679442022154
0.4487983135758559
0.382719344682563
0.359855559703151
0.37902547457301516
0.39122942652502807
0.40209430968474363
0.3969526332088995
0.3809569899867828
0.3710081171572982
0.3755724767224434
0.3757347761443128
0.3895235001806527
0.3171947769099125
0.3020722503034223
0.31418066927103905
0.32345578299435807
0.3322271889316027
0.3407556544762764
0.3479938002826528
0.3543110758784193
0.3591081096327002
0.36312692115656525
0.36623674526417516
0.3687848392468706
0.37105176721073263
0.37276211017638006
0.37401776958572397
0.3750314048604633
0.3759720654282036
0.37577767421273905
0.3749883284435458
0.37381841975617996
0.3754531782693823
0.3755757138358821
0.3762228983178082
0.3772540500782922
0.38131967941569256
0.38125047641203436
0.38196432630011645
0.38326872494365355
0.38603942625693055
0.3828975620213315
0.3648803288016558
0.3365026875072948
0.3549821148608306
0.35241189289282426
0.3491513276344441
0.34387438584770313
0.36325629661765313
0.39195148225659465
0.4202395274857968
0.4172494639184959
0.4152981197238442
0.4169221495150061
0.42176989765912126
0.4133499923504458
0.3092794261990654
0.3084163402353838
0.37329706196950085
0.3513755412064448
0.28551766325304717
0.2881853846677623
0.30573902794393026
0.2864074004313792
0.35223751272525655
0.3533007330384727
0.3532695311539007
0.6172558506068403
0.6042120035790105
0.6427028478573887
0.6500259771439929
0.5832605935447651
0.31042016080524953
0.2997186707488637
0.3030137014687191
0.34097659323956475
0.6040817497428356
0.6014366872438094
0.3340452702839745
0.3140537366214553
0.2989977657414042
0.29563713762086974
0.29093567937632525
0.3126782827677985
0.3122359202846754
0.3148926079524885
0.31470937428554313
0.28906357960752416
0.2716225542191309
0.1900273132411666
0.18873173951048766
0.1852806312149393
0.21992719765546245
0.2525590685914278
0.3077354264013537
0.2323113666144079
0.3392589166081786
0.36701761785479264
0.26049509199371373
0.24455347722597315
0.27711274777341854
0.3153343767853281
0.3342371994924927
0.35183421068796017
0.3533093668563949
0.2855594501158739
0.3205583396445957
0.3253679298714595
0.32541723594332495
0.3550688217175453
0.3761671444836233
0.3907617359043574
0.3981908833928522
0.4061910178407539
0.31646191228312726
0.31213914141626103
0.31738002328502524
0.3230283744602783
0.32859447930640173
0.33410695570297777
0.3382273848609734
0.3411738443664498
0.3434303933062974
0.34544692612916866
0.34880434238015473
0.35212118759264044
0.35551660106522975
0.35904369073776937
0.36268494061701617
0.3619342736876101
0.36077380479104676
0.359705912110469
0.3655039747539964
0.36992397788163833
0.3930327847517552
0.3823126756868289
0.381150254273482
0.369012788823064
0.4144418041537116
0.3984067458153014
0.4077529165447844
0.3674796272890727
0.41200950068088893
0.4214657322353835
0.45033319618763024
0.46752598064977685
0.3979927205354571
0.3899319687374608
0.42744312588471955
0.38291643544121695
0.3796115883400076
0.36365895073111343
0.35156389007156524
0.3382927357348543
0.3242507818417018
0.31136415861764055
0.3099895211989292
0.31263792318885775
0.3040875226724193
0.3169853064289973
0.3735103689564226
0.396633669900233
0.6620924802064276
0.6426856915182839
0.5210538830572058
0.5030054930474436
0.4903133139505929
0.49010874769750573
0.4797743613299323
0.5520511078765247
0.585063758559319
0.5849545819823883
0.5761332231054744
0.5760404004342761
0.4767616294872666
0.4832914184349243
0.4731545558238655
0.4574037809758415
0.470130590433668
0.4855525413048407
0.3053695006003445
0.24077807426176354
0.1790876022971337
0.17582794759282258
0.1683392104468663
0.18076923211057783
0.2668099437797527
0.2645611664674323
0.2655384724790542
0.19651379559948412
0.15425324126907777
0.1733557828945946
0.3019160122869888
0.29896321524696795
0.3556784485109681
0.34900529884647347
0.3225216546880206
0.3235733518060809
0.20950420855815433
0.22553982036004916
0.21451412908484763
0.22935293361101092
0.33519255372148155
0.30927286675120913
0.24460801517011796
0.31226221865569237
0.3319625936796242
0.3373954631938373
0.25393927978235903
0.2674600980636312
0.25436133026225327
0.24927721964316943
0.34445031413773347
0.31518615130462757
0.24824118840370415
0.25351531626815493
0.2594985974081347
0.265625343918061
0.27199881867570774
0.27786303062588713
0.2827712406909712
0.286829191564335
0.29041313447305966
0.2937638013495439
0.2978780683058306
0.29904081940983757
0.2994862581881976
0.29942495581013867
0.30301562740491317
0.30317668512207446
0.30466725331154887
0.3070676278528313
0.30432993456157775
0.30307601123377814
0.30269939133595797
0.38399821801455314
0.4202811004447611
0.3897944069977561
0.40294365231858487
0.3697399580922008
0.40784493959585316
0.4152784107930434
0.34748536593226653
0.31107753619293504
0.3314047415428671
0.32628213463794314
0.31886436585033084
0.3092392173215182
0.3025696079385408
0.2906055394951253
0.2779927007027747
0.2651287089882686
0.2609534440386037
0.31894396546918546
0.3041684773698092
0.302039519957977
0.34975100347205346
0.35310036272695583
0.35315868647442306
0.35336014822458534
0.33335224162587535
0.3334041562505496
0.3368061734049842
0.30484070068083474
0.4942328389198368
0.5524559271058038
0.5975385201268336
0.5977582767583655
0.589662380972719
0.3220861552694855
0.2836999522462573
0.21523455481565387
0.2159506376661983
0.19891699555107664
0.1976460304443969
0.24016982120553662
0.3022744679279253
0.31823140533903027
0.21500016303146238
0.2149745082439583
0.22572478258622147
0.255786817619187
0.21840955050179495
0.3157191309559776
0.3118182752648936
0.21469855437770538
0.21420490813017437
0.286362717544593
0.4682200598257052
0.3247911885387113
0.26622824963701525
0.24290860869096814
0.2485050005384076
0.24975100075543202
0.2192362766451136
0.1199876118312873
0.10767451515822997
0.10292481023667574
0.11367293450092958
0.12338444392712668
0.12083122033285612
0.13455247613858093
0.145563998208388
0.15443757314616438
0.16063737906554237
0.16989396444957305
0.17560579674310342
0.18344957711420745
0.1897687363672425
0.1956472427011479
0.20095993849761423
0.20579685956427501
0.21177712458066553
0.21829398380605525
0.22504310911275238
0.2319286358420079
0.23771775737306183
0.2417753243752128
0.24484092916532146
0.24720918764780278
0.2543113169091878
0.2617192429939025
0.2713247854303107
0.28280811982231163
0.3344481595487789
0.40427690103386954
0.30994458376294837
0.27805897394003243
0.2905205853584786
0.2863774180281721
0.2821705252450734
0.2780170088078207
0.30266616632220833
0.28604384861461973
0.27192793877682087
0.2599200329647299
0.2770124058144635
0.28001664790533815
0.3469927062360575
0.34853223660617094
0.33659686645247616
0.3436487635253248
0.2753468631333074
0.24333563749843
0.30415088923164457
0.3089927674913621
0.300219944740338
0.29598135399719516
0.3152598352977408
0.2854737293752544
0.1893964981942887
0.20155354601638514
0.2117000603937797
0.21995606453798228
0.30734521658281827
0.37020417162505825
0.3432390392312153
0.29449115501968925
0.27232692739244924
0.2601045092624769
0.2047575397335668
0.21508522513593809
0.2140792392705514
0.21360548266547616
0.1765318836850397
0.17381498625673106
0.15696792820207517
0.1700970932908022
0.2147098621528393
0.26749059512638373
0.28618894604473544
0.2665534870739133
0.27235582813276643
0.3140690616407938
0.34173818510638126
0.2902414641230987
0.25243936916968474
0.2445234362477489
0.24023332772801978
0.2419779039870801
0.3241316050054607
0.3206312299050408
0.3074835565771578
0.30187220651151264
0.45615361286639533
0.3763024075074576
0.3190130470060263
0.30196828836923334
0.3124501059485577
0.31978992288453983
0.2732965925737294
0.275564689060333
0.24722390919966927
0.2336351168932215
0.22758589486665223
0.25142431165516127
0.1902449527304597
0.24091013521383986
0.28323166694774937
0.3218940872522408
0.3475532074122538
0.37267291453989815
0.38855233191441385
0.34834804115974377
0.37052804989522775
0.39080979576758107
0.40683893053137
0.41903613167888565
0.4264413938163194
0.4305995491227591
0.432908441883651
0.43433369679841516
0.4356576760333341
0.436085668469446
0.4362019344349997
0.436212606142705
0.42797894564970435
0.3365650869945178
0.43794610048028326
0.41145647582916395
0.3501935684217683
0.35004988777316925
0.34994906990883934
0.34640188455509024
0.44499981908360514
0.40836700982905183
0.32055960422278634
0.37577810653007276
0.4099896416431749
0.41183304928406295
0.37254366836292035
0.2274806950344979
0.26941157038449204
0.2866255812784186
0.32696463578185153
0.28680953157994243
0.32433220009875874
0.3337530898583298
0.3150294597008895
0.3121172054571958
0.3179693411216791
0.29892079084132533
0.2951979859106979
0.2853818795121499
0.2853913199639237
0.27874110499859583
0.27967590997127406
0.2866648656395971
0.3408665456541846
0.3408615480280071
0.35777721478620783
0.3589512906949826
0.3513847787488646
0.3513739664361946
0.3513648241240278
0.3513563066969487
0.3404085014805785
0.3404041415260825
0.34040073259676573
0.34039864373933915
0.3333436278493116
0.3333445952919868
0.31637968646329984
0.315170426324853
0.2965977350669445
0.29830167804719643
0.30295190879313133
0.3029447948254897
0.31833618359923593
0.3207038361646292
0.3206796762725524
0.31796033137432106
0.31702046939338385
0.35761457196532354
0.3928847768668467
0.6499572712974332
0.610668052746792
0.6070686751805204
0.6070717231607513
0.6070592079136099
0.7157063565026207
0.3406021165338775
0.2516930339768131
0.24289044603957133
0.22111766077144782
0.2267969237276237
0.23152684584113184
0.22354776327191409
0.23429782103207905
0.20968353860697256
0.1874684160743057
0.20988086587531266
0.23527570149869698
0.2563673785942149
0.2724110865656727
0.27884971985425605
0.2808369436244586
0.32406464032061005
0.39884157267337966
0.3583030112203805
0.3075655365512021
0.31296618514614494
0.3172689964738065
0.3209006545151465
0.3253004183501665
0.33002338359514755
0.3349295517994401
0.33995961506625105
0.34535999134105566
0.3499735799600216
0.3542338554859067
0.3582629400907972
0.36327323583720494
0.3655426365828336
0.3674864691824722
0.36936480891132506
0.37573695919260774
0.3775319021178656
0.3818323823481139
0.3856562595746248
0.3774056587426529
0.3421296597479334
0.3147745113506911
0.310387566421855
0.34191479903609673
0.3398392254563796
0.3338069739046822
0.3220823818737901
0.3469180447948331
0.3763300947839735
0.42216023443966205
0.43525337726524005
0.4649465647107942
0.388781250224315
0.34331979829815557
0.3378393338769799
0.3316308875325971
0.3222025698340529
0.3015845970956139
0.3085095369268446
0.3533812188892227
0.3433800542287918
0.3316784413572072
0.286974901226244
0.33496912486247854
0.28733250165828295
0.2379176320585926
0.23881007751875669
0.3151158781652807
0.3240983878000578
0.324004972325003
0.3114241314095174
0.3009729113907722
0.31285944886908684
0.3126103070032411
0.3123415743754748
0.3174487922446473
0.31750416496248623
0.3102229280411145
0.23030461657446316
0.21790149225325398
0.23161673782285747
0.20047908752496385
0.18507955173697516
0.19938230916257296
0.2900780601086203
0.26066267476414406
0.20265263890531507
0.20072241577263059
0.2978248928489556
0.2907183363994554
0.2896162941527778
0.2880603800754908
0.2838222962810258
0.28323305975570134
0.2827084657737075
0.4270399090368507
0.28611330489531417
0.26825304136846606
0.2679704434897623
0.25514315662171244
0.24062842471967097
0.22533054555011758
0.143920476475732
0.10957676222244327
0.09164256671868659
0.0898969551077281
0.08816849743198384
0.0838924854340433
0.09104702073554538
0.09659530047523893
0.09093187125097678
0.08690928463166299
0.0842290725081345
0.07709958674247938
0.07176711871719635
0.07015682971377588
0.07175282572623402
0.07223912971873693
0.07219666740061548
0.07136567820673738
0.07037484783854034
0.06922107941596299
0.06797029168686525
0.06784757955021144
0.06784757955021144
0.06784757955021144
0.06804781226924617
0.07056005941536851
0.0741212503619744
0.07910066863939993
0.0856787403048763
0.09451706130620507
0.0963848530738306
0.09840175063873075
0.10054444643754223
0.12383329493163403
0.13289835665117486
0.13730602734722264
0.12943050833903189
0.1620375855179067
0.16416719126298773
0.1659709211411311
0.1777295141497311
0.22288875224825455
0.33205611753671616
0.3327028644933599
0.3144290496804168
0.3352220507677264
0.28837913230343515
0.3008130892965157
0.3028916418972788
0.3083674668988126
0.32394579654745415
0.322349305347006
0.3033688996137829
0.31867812935040307
0.3156502988455438
0.298667466454559
0.3109765387236023
0.3322855534672879
0.33205908035568915
0.33182901928783204
0.3316157842056039
0.3115972117698701
0.3115743279763016
0.3115638296643118
0.31158035819477004
0.3010120719670229
0.3127688887793501
0.3124401951448713
0.312115468557306
0.2909490424261397
0.2906308840163825
0.2903090639957694
0.28999914415490174
0.27585226913101435
0.3037213228283315
0.2897720248425793
0.28977014351596075
0.3029749104418061
0.3222838285842412
0.32346548114388485
0.32345304816329185
0.30504882147268075
0.3059800114933389
0.3057334784132355
0.2887467836569317
0.2866351369473147
0.28301438925245576
0.2829931542806674
0.28296906075152506
0.30203273005160397
0.24726130202189156
0.24829452746677416
0.2535539848224801
0.22939313749550536
0.2269498419991177
0.225561127406013
0.22453514524035373
0.21387936493877116
0.23212903005229213
0.20395062066728417
0.12398877557193617
0.10012851708193293
0.09790490691876265
0.08884282138898043
0.08738203058220784
0.08015391345416392
0.07448303136899104
0.07265729420302751
0.0711136343970942
0.06905086544269454
0.0676878032212899
0.07118316821443577
0.07801267253632486
0.08599217482987333
0.09499817205149505
0.1044837125178511
0.11420455075173133
0.12426418956675445
0.13362296697154386
0.1426870774380852
0.15142946160089088
0.16087876252898056
0.19101169445431093
0.2334245997028016
0.2530422369027588
0.20700868443834128
0.2317234392513745
0.26167687814307933
0.28456431797048326
0.30190434507766584
0.3082018974847224
0.3131355776608532
0.2214393443870568
0.24045644738606045
0.23765063511738763
0.29380721204766036
0.2870564122259649
0.2830354803747392
0.29851600996724537
0.31029243690952835
0.3071106331089896
0.5208177832408043
0.5129398761202605
0.24742144705007785
0.23046461192436934
0.23922344296988637
0.25000699455292474
0.2911294735988193
0.23717171520078217
0.1666499918160127
0.16577546914531724
0.1673306003807404
0.16708447344786023
0.22267125668924298
0.22267062101866544
0.2227059238954292
0.22276342696062376
0.3025485117918712
0.3081876464130386
0.3081637972152283
0.29565766722612224
0.285856818771089
0.2859069341736428
0.24098089034511797
0.1926048247435039
0.1966445731630705
0.19646516686272364
0.27477684040844913
0.3146414233149004
0.3024827275721007
0.30248845148630665
0.31947598880758504
0.33462308006468994
0.33611084775505123
0.33854526115620875
0.3215924553143598
0.3237225947155845
0.34658771451141407
0.611793348665376
0.6091294051738229
0.6091161706195365
0.6104107095406653
0.606817997147307
0.33944315469492947
0.3203257552739285
0.4615686992827138
0.2887075420075138
0.2668984525313718
0.2548684984858155
0.23255478446254477
0.23081469120713383
0.23023152675008246
0.2341557687913853
0.21431225925846406
0.19419933722819907
0.19835852325023398
0.207243419174844
0.2113621435445005
0.2251549204705023
0.2183937495064803
0.14317532774943753
0.1524343141915983
0.16522677215201215
0.17668582104242908
0.1850377994768595
0.21808601415011336
0.2157138972022503
0.22228470140659995
0.22895242482643263
0.23569698270082817
0.2421798994075819
0.24811806966501085
0.25347586582835724
0.2589519023947711
0.2636837139148261
0.26817787468849763
0.2724551986310409
0.2788386698216906
0.283116965121002
0.28741906463443107
0.2917012175775421
0.29779968624915076
0.2989442194906762
0.3002796374041666
0.30177113926499066
0.33891551902452133
0.4376777965233346
0.41942736978691025
0.3557496219016353
0.5503979433936185
0.5287223383054666
0.5111289195039959
0.5078352358712477
0.5453354424359194
0.511732294896821
0.5024198526656067
0.26784468149305685
0.2897774847420254
0.2997451673570982
0.39426979808722795
0.40398208023842375
0.4166321372907058
0.4262651516452916
0.4142113261212771
0.3825303216338457
0.36669086356808256
0.3191264309264889
0.3021264323852657
0.3004908190313723
0.32308278650643796
0.3250734303439242
0.3299655029681376
0.3103367108251584
0.3030357371395969
0.29834119813538185
0.31160553690280146
0.3204509686968069
0.3503411034038314
0.34118078887867587
0.3248114870043211
0.3370047346296538
0.33509054310932856
0.3579983160176785
0.3369410252375075
0.6010863490236896
0.5890032420604766
0.5853362055398675
0.5809195497904903
0.5799202300222402
0.5735675719518764
0.3011292891987394
0.2879434530042124
0.3304441250086178
0.3169538551369956
0.30815484505797375
0.31973264542287727
0.29193999020751654
0.2998377544108704
0.2986500127846802
0.2988600430570947
0.2979704282343818
0.43898041707153107
0.3693868521453203
0.28311625185131334
0.2200461021691707
0.22036711681666218
0.2453284937326762
0.2700437186161126
0.2674406731575165
0.31442473648413993
0.3320574200975211
0.3326500891616747
0.3136752851297406
0.3285553847453726
0.30260535109434455
0.2562877299924943
0.26242490236526805
0.29872975990666195
0.3776101862655328
0.38983836543096234
0.3141159709955918
0.2817758064865611
0.27532401334763884
0.2723596110514082
0.2718788913415917
0.2730142317257435
0.2747101134898794
0.2765667650274689
0.27848449946259557
0.28135708427492884
0.28396583293380223
0.2866422955362761
0.28934672244402926
0.29415361609859364
0.3133171602655128
0.37293386680692553
0.39064961450242824
0.36914838385116083
0.38829630502220014
0.4013137501134343
0.3771766317264751
0.31134690648232066
0.3094931611822936
0.30797755850064606
0.30686174668276267
0.3258521254530327
0.3201155011412897
0.3094626475292046
0.3073441666785076
0.3307139071433815
0.3348769203248434
0.3598114586042581
0.35766231345587984
0.3816200463396569
0.3521999964174799
0.36332158919175495
0.3322751633643763
0.2678777221125789
0.33283644145088565
0.3321524795206987
0.3127696475258439
0.22314114704480825
0.4783631493855032
0.4800455499999953
0.4828139579743318
0.5340130112610906
0.579216483100282
0.6394938448300281
0.37242447448826926
0.25402721888975804
0.22769306223192295
0.24464963380351148
0.22887876500972326
0.23004621587762383
0.3220836028364363
0.28902888601087945
0.21636487354625705
0.20928895495950126
0.2092725919663
0.21327432023987278
0.19750730375786002
0.21285149344499837
0.28868339578362756
0.24195076417113706
0.18283165257916922
0.1948989770312576
0.1948219308872195
0.2595527024060701
0.32016136668401557
0.31522467598985676
0.3122774803042184
0.3134380864978937
0.31212498320013876
0.29567725940321987
0.29191003251213093
0.2912149728590473
0.29157504957823893
0.4067554460567916
0.29433666196372316
0.23752010417218875
0.2524409467135719
0.3147305340203441
0.30338491467983103
0.2054204605580023
0.16914163748760766
0.1543380615465887
0.22319718395749547
0.22946447711637344
0.21020470222156953
0.19528287375664816
0.20581203015996405
0.23176467940142512
0.19140263206688143
0.2172510213422751
0.2508628798319923
0.18194786705696353
0.22639541517173029
0.25976939786826186
0.23520860868188784
0.2770968412319449
0.30789929726453624
0.3252097257804957
0.34413559757963524
0.35773067742027953
0.36745789834374665
0.3759412470886999
0.3830347657572915
0.3895490294898625
0.3955936424507879
0.40269957404388657
0.4068993596611456
0.32096455592767414
0.30839467061239584
0.31484869314681485
0.3140831292985027
0.31531412293000644
0.3229351997377163
0.4009004971717729
0.38355796558873334
0.3597467827774309
0.32375969859494896
0.27583279650107867
0.3638823499454332
0.3725022238618996
0.2893037263989286
0.617337511859582
0.5824184856037002
0.6034113341778098
0.5938844960770138
0.5810712515234259
0.5850764434554238
0.33714124253299915
0.3117970677568033
0.23232957234721568
0.2309311749333265
0.22568473193493277
0.21833034806171106
0.24477255371373613
0.3040339935157478
0.2987664682161968
0.2902802119780539
0.2665435526347056
0.24287753485866187
0.24773152405998672
0.3211756290532068
0.33327576129575637
0.35022376412412004
0.27154018520546064
0.2458926547286259
0.23495035665567948
0.2349501843924828
0.23494709386589127
0.23494442614154015
0.3272330285001773
0.3164575148194683
0.3152570727290984
0.31524558397025404
0.27647035674101117
0.24155320356216342
0.30277010470555693
0.3026827716118677
0.3019820482219547
0.30401089392941605
0.3017595336056852
0.24336538974978675
0.21820283628699252
0.27891368367909253
0.2701036029671623
0.2625016137941434
0.2872974684404331
0.2866171144567344
0.2871076043014245
0.2866099295004488
0.4106417813024598
0.35551558557888197
0.23347135285587503
0.22571921690192867
0.22856936788771284
0.20656456260239126
0.1884777016470578
0.1744946906900834
0.22643236890468357
0.2506130950470656
0.24347834039150337
0.21932965331247758
0.1423964435056935
0.15227167641323597
0.16628250690748786
0.17783481543017338
0.18660525148495832
0.1902850649366305
0.20325706032577645
0.21402010791482604
0.22313885105263212
0.2313480932894568
0.23844374513410083
0.24466228006680063
0.25001224977698977
0.2546742575879152
0.25888140974544793
0.262859479365312
0.32371495716718657
0.3739258066429178
0.3273390551613789
0.27946528088832634
0.2900031768848895
0.2967405259581446
0.3022403722823794
0.3068456987297317
0.31459253545035826
0.31443688812515036
0.312311259036553
0.3088821798938312
0.3145676889854365
0.30401455746596173
0.30004220277102445
0.3048514894486587
0.3280707178196624
0.3198852117603697
0.292411991202973
0.26429221402409087
0.26591985160086284
0.26778331671263794
0.2871459372744335
0.3522423546912102
0.35587806036253655
0.2647587358362933
0.2662757293702968
0.3196763118983965
0.3345699576362196
0.3382513835127859
0.2715679907524488
0.2258282922749243
0.21994789388996508
0.20581006263125295
0.19261236952392605
0.18482524134196532
0.2465573255180982
0.2474921814001896
0.2474819402369139
0.24744177600840825
0.21487958225028195
0.21335173713054797
0.21048856390057827
0.2317670807781915
0.20226030893740155
0.19575338524631355
0.22869214185187153
0.2977934125872998
0.2826057516627164
0.1979658794849539
0.20058305077384017
0.20096397964593385
0.2368606421190517
0.3014002325240292
0.3121466120350886
0.3078990132402933
0.30320769502767403
0.20543930128748544
0.19526184696281595
0.19392006899114222
0.1925539196943955
0.20068419286324504
0.22983455414252385
0.27255430101343153
0.30159626974628295
0.2797320031957286
0.28751249054738937
0.30856088161682094
0.7148661466788812
0.628385299904685
0.5644539477783646
0.5503221480254968
0.5461773036904943
0.5029486528451015
0.26977277460728183
0.25442946581941406
0.23940834729288057
0.21496327105940297
0.24424781819783536
0.267096043145183
0.2733749120047835
0.2940727206013127
0.2631722146659697
0.21556687091586982
0.21763534768240397
0.3296005059960616
0.3068521373521632
0.2460652709779363
0.253333485772965
0.2553974317626257
0.26595568776718304
0.2751833679943392
0.28312638091631503
0.2898337636106196
0.29564597863150927
0.30094043740018295
0.3052506017490909
0.3078900826438661
0.30957372577195374
0.31064319796437007
0.31463439927714143
0.316540449172748
0.3189337485449677
0.32167985580949615
0.3282352418185011
0.3278803864424798
0.32808510576069055
0.32875352694235555
0.33845351802988566
0.39678553562847535
0.41604256939281864
0.3980388343885264
0.23019701479903373
0.27315240018891096
0.3243691219898791
0.30637375345293094
0.34243675574416865
0.37249107358471106
0.40247872901154763
0.3914379653374317
0.4156540987761628
0.3823327901254284
0.3214993645602551
0.3350618317648178
0.37502463090276833
0.39992401410892314
0.4143732509813566
0.4237239158302633
0.4148518613858719
0.4073436239438846
0.3948331396593549
0.39915136687550606
0.3637097914083668
0.6399418384044233
0.6396275162711852
0.6359866575461813
0.6126040551503075
0.6107493503123568
0.3507034542428453
0.3661332418107563
0.35293276582247773
0.3513573289091327
0.3397984756670387
0.2967416040350953
0.27222501028599794
0.2033876757554608
0.28589286534049607
0.28387758899136545
0.2319549562663472
0.16339137856659935
0.18814973249025152
0.2844264972104325
0.3130775860141399
0.31485126398055296
0.3254193211801368
0.30162017159229526
0.3020125166794968
0.34188584188505694
0.32955189963311304
0.21477884398556532
0.19018503019696975
0.18955457759563935
0.18996469963055834
0.21442730968950743
0.4543514001600545
0.22903767033497843
0.22440336225758478
0.21903300770725043
0.31589521835342743
0.33780824782868907
0.3487344466173476
0.35310344097209573
0.3245923724331011
0.2589034106259334
0.23305162203061486
0.24588262474185452
0.25608761152312703
0.2676914332766669
0.2732994809275016
0.28412327392235076
0.29112459027556087
0.3001678713293483
0.3069019755115218
0.31197580283220877
0.31521490567347105
0.3143284124459575
0.32080661165274504
0.326344175378083
0.3318362049247727
0.3378232010004346
0.34391864311278975
0.34989181447746115
0.355245463369195
0.3591954121575008
0.36247336088565024
0.3653576546511717
0.3729895510214897
0.376432569830663
0.37840378359600446
0.3794094495281296
0.38367550340172124
0.3839998970635778
0.3852089237496234
0.38705656682449147
0.4899978441895185
0.44142877599820257
0.3674234756494928
0.3595454954683281
0.3701800415424523
0.3681575289592186
0.36598102476541144
0.36359605681748064
0.39806139735595086
0.4112176782338459
0.4434323537630817
0.42801453140672635
0.6576584813469403
0.6556176597585439
0.6628427993478382
0.6119407390349846
0.609537640694033
0.6231678729096563
0.6129904704484493
0.6181940485581241
0.36994159062859894
0.314514308851266
0.33151598475497174
0.3532347693939317
0.3281124145807255
0.3245244141942576
0.3217675799342085
0.3352745441594453
0.3308607308730197
0.3315100157185262
0.3371183397696637
0.3090085140598058
0.31415957430143104
0.32809632486832735
0.3265536782943261
0.32384487456953476
0.31904345317732224
0.31320006289319235
0.3110216333493371
0.3104485812783252
0.2814209345050361
0.29461114284526213
0.2971324028325323
0.32176040753951435
0.28901721994660756
0.2858349349065489
0.2990024068438288
0.29109501113364855
0.46410431791262347
0.5571541999385333
0.5166318018243147
0.17438202793763893
0.16456969782588876
0.16292325976617042
0.16334127437035306
0.16307917674851016
0.34742830347266485
0.3295335176654695
0.3516680105566095
0.3701003292718735
0.408509200550563
0.41650044774874795
0.31563422305348793
0.40977882097433665
0.3786343007984565
0.32693547817190205
0.27020781675779654
0.27034415912858945
0.2469723353937615
0.27577242323940815
0.3659850172218746
0.3300136504930976
0.26823629700534735
0.2861132787460574
0.30120943287281016
0.313984028213159
0.32520272209456696
0.3356223823710544
0.3450458116323156
0.3538286927717866
0.35819785046910485
0.35965935540005495
0.3593924070764902
0.3583613200972336
0.35881366184694324
0.35917644307710034
0.3596284727036102
0.36021965679844825
0.3641807896394121
0.2875278565248893
0.34541631695360536
0.40205319936788037
0.44409508759474664
0.4684355994125153
0.486079730907163
0.4617979928597022
0.48343211336022457
0.4871173715817316
0.46404466743917944
0.47317670366119896
0.4999702025888274
0.23109440047294844
0.2741350154493367
0.3435328137007935
0.41508245143381467
0.41587853124058033
0.43870907201926085
0.450341223403531
0.44541067450714195
0.46215724106135614
0.4547702976230771
0.4245769518727651
0.4385632225281776
0.41094312513611786
0.2978458377515415
0.3135769843761272
0.31815292213488405
0.28500448477228707
0.29584011600554944
0.3056009166712223
0.3378291722035449
0.34076125384423744
0.3367812449611401
0.340654177243793
0.31093349356510663
0.3026292478830696
0.30523290270472486
0.28517857312130396
0.27644110948407896
0.27230613716642726
0.27046824225398125
0.2698845819486644
0.26079839261712967
0.2604802560857388
0.286594088839716
0.26752061571243446
0.2478067438199641
0.2630719391911278
0.26180111327926325
0.27747728305149827
0.2557509145266999
0.25228139515333264
0.2672522800734216
0.27841955378447225
0.3149218664929619
0.3208142361220016
0.35408565566854516
0.3186770570492233
0.5976732736338694
0.6062747749014586
0.6022589511302003
0.3236407957477654
0.43750635850875214
0.37080398082896293
0.32993464781797877
0.3419355187994643
0.36843613459385793
0.37687008057042404
0.3807747270115124
0.38339555117551916
0.3563896413264382
0.1932855004111814
0.26670297444418223
0.3240274484833975
0.3605507015834916
0.3939680517108736
0.41645070280451263
0.43161913171386695
0.4388736426605584
0.4491335409451231
0.45530754512796784
0.4591234760079349
0.3583429771955485
0.3567065410744966
0.3571773816295524
0.3573368779252076
0.35823961771954166
0.35923269522782064
0.3601868906398551
0.3611677695581874
0.3633265679473416
0.3654284146864321
0.367848476515394
0.3705618105561954
0.3791779095234649
0.38420755351728547
0.3880261566915703
0.39095951391777406
0.3797300629780364
0.3524602999777967
0.3353163511522136
0.34978556798966975
0.450684357444947
0.4435199696103968
0.3388730516340188
0.446471208256861
0.4872636339150279
0.34807789679698997
0.33682721742526495
0.3312769693825612
0.3496171275062394
0.3397854679792438
0.34243178699193055
0.3398181027432832
0.4047282295981121
0.41272040047560604
0.4143197177980918
0.33823622860529384
0.3414116475397065
0.3554777196025981
0.308743558135976
0.33815411948070934
0.3483170167833354
0.354939517093739
0.36171336493672535
0.34994663742288734
0.3153490888953431
0.32216181144230904
0.31151672569982536
0.31479576835511136
0.319843984841504
0.3251761790295292
0.2656080967073367
0.23315354932010413
0.22256662886845474
0.22249863842594872
0.2258943818212646
0.25847790043549307
0.3452749140091721
0.562450474613283
0.5011242410536295
0.48416364496108416
0.468185997820997
0.4666142576256137
0.46267925925897707
0.22649819483779735
0.2613389293882983
0.2762614493177456
0.2842064911783764
0.2744480336198651
0.26676318326803616
0.3089163891489911
0.30634109343379134
0.3230032965724036
0.3423139997002064
0.3217928858881537
0.3088295440381218
0.32055481641884825
0.4587026881690226
0.36605593520728463
0.29944171278676185
0.3123660293469939
0.3136441124068304
0.29760970130079956
0.293208853736442
0.3056377751280543
0.2890942794905299
0.3058543414116935
0.3019051790563261
0.3179672087553793
0.29705515344269395
0.3219939395491064
0.34115373337664484
0.32548090220267617
0.3384158888178078
0.36186005603701565
0.38031905322345516
0.3947710457561699
0.4043770949542042
0.4112356749461105
0.4161773791984324
0.42009364318154985
0.4243939731437962
0.4284977789637592
0.43251398040995737
0.43557830763044353
0.4227469131553328
0.335590862150425
0.33738883256596663
0.33898928481337837
0.34272323210969435
0.34370943686567623
0.34466802029790805
0.3574501786217234
0.4162642482848481
0.42991830469674247
0.40880352811394816
0.42584522138687086
0.44554057624279414
0.37614793732096846
0.3822395892754063
0.3861518358719846
0.33779822915459257
0.33414115354512613
0.3379620689310992
0.35469285359602143
0.4063685104739577
0.437966446796793
0.44813838207970097
0.45327230861522727
0.4758667054184168
0.42911421277668743
0.44001794081818524
0.4396024821472575
0.43685825529503924
0.45029918977937944
0.4361884411304933
0.38725455888078775
0.40383439588265224
0.422111322903588
0.43306070967310173
0.42062609806019136
0.31241032472933294
0.3271494535570718
0.3254857041410692
0.319865981930922
0.2935186809028252
0.294670245441653
0.2891887964201582
0.2857589031891667
0.27323428476008993
0.2721165602941438
0.2714097697964378
0.2710193114298711
0.1723530075702393
0.17143757218835126
0.18615320971144267
0.24001372186038106
0.2865208481848228
0.28434362418402076
0.28873586245331934
0.23122349862600233
0.2196818905622455
0.2962451944350599
0.28505516378180745
0.2890506041549065
0.28718534958903297
0.2782433948540205
0.2530344210052614
0.2493603945112226
0.24039613146913205
0.23858953654428802
0.23882923519486898
0.2383429165415095
0.44931803867023007
0.40897129332265036
0.41237161570706593
0.35751100140480235
0.360885293928546
0.3755900930073891
0.3861918828763427
0.3786205885202588
0.4170666633485982
0.4131987030447282
0.40483579390614544
0.3175887128365506
0.34916237863039773
0.42057955528865987
0.4312356221662628
0.43728085067781103
0.3394099691992589
0.3445710345548975
0.34809703984377816
0.3506721740701785
0.35265999566660766
0.3545509138982308
0.356009521687244
0.35723506664565224
0.3592271206398336
0.3614661355953879
0.3638517721956546
0.36640180754657137
0.3688341178338412
0.3699232497864371
0.37032417737147083
0.3702684982649739
0.3689564820654786
0.36636008158797
0.3659190164791865
0.37671289243210265
0.4604323936504231
0.43825463369133494
0.4083984303917005
0.43144004831051574
0.45651319147615316
0.4117457303654607
0.4230282769396822
0.4360381950947506
0.45891047208579755
0.38351624885575036
0.3494248584668324
0.3491312749158053
0.3794599562576225
0.3959427812044618
0.4229141923402871
0.4064623445772612
0.3855447178270593
0.3836019662596039
0.39772320988747467
0.3684955168272397
0.3918635111546176
0.39619205820403125
0.40026130994480424
0.391736344452777
0.3735101714837158
0.37186943399068556
0.3676453049809164
0.36158057591546056
0.3509391837608287
0.3360118341060075
0.32819847155981885
0.3451037113817824
0.33172592492407854
0.32178930249021104
0.30328084687147117
0.31325649588155646
0.2863005744807287
0.28971647830474856
0.2855976519401364
0.2839721566036772
0.2425237885946973
0.19509544434792506
0.21732167384646095
0.19594168257331795
0.18252587173779877
0.17969604031398986
0.17645219335502077
0.1902129486563471
0.22508951413653544
0.29364325957766985
0.22519119606140087
0.16706386285065775
0.1610336970204859
0.15909856623795154
0.1570430282028832
0.15540217125062253
0.16549320703815065
0.16530959775770138
0.20722701429105325
0.2775004576811314
0.4341941824475067
0.3084970175013335
0.19079194992632953
0.2176777631000926
0.21266181467152132
0.21944000353767956
0.21908034201818033
0.21508263232719388
0.25317337567886705
0.29846591577353526
0.26159219852215676
0.2788889553662728
0.24298887121906823
0.2479757044755996
0.2823533009942074
0.2848723191682794
0.3093810189913576
0.30800936801706447
0.3220229693986127
0.3728357150512976
0.38309929340048376
0.3912160238743773
0.39660395694564077
0.3873111181567944
0.2998559731943805
0.3058800692867855
0.31199169579140773
0.3180421989480244
0.32349478995431824
0.32742165149715124
0.3304810318595324
0.3329690404336776
0.33743533692071
0.3397432252934129
0.34207292597615
0.34441671330855406
0.3489884537775575
0.3488284504253891
0.3506445879320096
0.362086150015974
0.4410104484779293
0.4356567611603024
0.3165531846260691
0.322685839419728
0.34819247746103593
0.28750645768556077
0.3172017163363648
0.3564064854927514
0.34802711106884704
0.3374351832663039
0.3652051987490608
0.3783875407341963
0.36852198321695956
0.39422268513524145
0.40847590684436896
0.37247556185218705
0.38822146551233544
0.3850730041851527
0.39556596751387935
0.35239517575459334
0.3550629588643261
0.3452134485955534
0.3014160080370535
0.3671822782774459
0.4142094475108949
0.39543285138468376
0.3661174678668076
0.6300840669571897
0.6073660243925552
0.6073393125231662
0.6073224395584295
0.6073024868717894
0.32396911223296654
0.30027328559714267
0.29769932053740883
0.29543453601029424
0.28586961191226473
0.2842526333357853
0.2825628372381259
0.2808163552113286
0.2672677922804872
0.26818721441043303
0.21501593041984002
0.16068171660212344
0.1796933624470431
0.2814371981466559
0.3132179487543483
0.28955057926312366
0.27864268072489634
0.2747019772256373
0.2713787350570022
0.28435372771049544
0.28453052788580724
0.2851022936684059
0.2978498915951806
0.2859298561094423
0.42344540691738586
0.35061019004896404
0.3033205140534826
0.31656722125711817
0.3123662490889149
0.32844364938296544
0.34176381274841117
0.3424310199095341
0.33233413193951944
0.34290377892378876
0.32746539620337994
0.24886562335704765
0.2537852825000996
0.25890057429731683
0.2631302868538531
0.26089845664035893
0.2671513234931433
0.27330510676246
0.2782649221761764
0.31427298654597174
0.3876742002884822
0.34418416143942193
0.29159985931844246
0.29540058797444674
0.29895803185044656
0.3020068081207867
0.3226367178082827
0.33683322565374957
0.34665958727591156
0.3679593388314722
0.44064352677250607
0.45491122570368947
0.41258935055434415
0.36871319904398336
0.3733655906874206
0.37675897921920315
0.3831933141470459
0.3646867573365966
0.3530240964087144
0.34617191642490874
0.34743253276779457
0.3378984908870622
0.34950911812470054
0.43337436130369705
0.4058241870258046
0.3062844700272962
0.3027385020897854
0.29973969227286434
0.32915130366985146
0.3284720559433633
0.32477874321791517
0.3226431364552174
0.32632266611140376
0.31549470104914545
0.30394252506839103
0.2919031170039529
0.2840808985164441
0.2925128689057362
0.294929428910027
0.2929851715070459
0.28484757428105967
0.2779249563896763
0.326443693174611
0.3586512156641004
0.2798533021273583
0.24417749277740664
0.24402152821835216
0.24300373418123927
0.21930129629600442
0.22821745378938446
0.2591207545063215
0.29952150587085546
0.31150930618222783
0.3112496442036935
0.3092650417803866
0.21765780588070932
0.21212590968315298
0.1970442536794295
0.19590271150475275
0.19558235967221949
0.18462692364282943
0.24309355449249564
0.319266393048777
0.3139885203312014
0.31046620315238227
0.30647488801990047
0.3037385928420959
0.3071861777833968
0.30688388196039157
0.3066913579635216
0.27985037170296456
0.2748967820159287
0.2830835214174744
0.2854582618440148
0.28704931588025673
0.28661618841349074
0.4006851789146761
0.3429251432623146
0.22385117847937763
0.17966778220340873
0.19610286919478456
0.19773861005009588
0.19518774843922113
0.1913316812028384
0.17266450828234461
0.18070104680318105
0.18437458893614178
0.22956920483603285
0.22128653558308292
0.2100131667901687
0.2359481444508351
0.2621873749882476
0.23719325703266939
0.19613171779825023
0.2150537259521221
0.23106397906804557
0.24309882234900904
0.2523129840070533
0.2591718666429086
0.2645899730883396
0.269576932456177
0.27393849775532103
0.2776940042140725
0.2809654577683887
0.2859766492291225
0.2914369585550847
0.29756743643294553
0.30420036767563996
0.31264021600461445
0.31799240900171016
0.3230185349653923
0.32797929698452954
0.3402042901348365
0.344040640656653
0.33138864236257043
0.32136955923738175
0.33574173551907704
0.35459409562027355
0.40564341368926626
0.3845496042337125
0.365026843734961
0.38997676656251107
0.3951437236722445
0.3531331137800554
0.4063040869982116
0.42307822663010586
0.3789186660076345
0.3407964036351721
0.3941084959846987
0.4102532622618814
0.34703715393125084
0.33214503956338776
0.35572959089769723
0.3745858301452682
0.3832283964409426
0.37892271384004783
0.3776814408501036
0.377858687744819
0.37051401898902153
0.3698229312753096
0.29134722787973455
0.29720279645346753
0.2953113797909497
0.2957388141990683
0.2731783769572502
0.27139296461563317
0.19106403379524034
0.1779655606755994
0.16857304477778956
0.1692217247821942
0.16974399724369144
0.19859386541576507
0.17939742708773687
0.18060803841548817
0.18216047305377386
0.18377089682061554
0.18938081037030774
0.21445892734788677
0.21567693882102149
0.2156647840929501
0.19484404593572888
0.1893807056356443
0.21116740927199645
0.2764435963993854
0.3217534377847546
0.3236222881876004
0.34089001689819465
0.3400391208980781
0.24710905123423338
0.2895257877173787
0.32202590501735623
0.3207984959261162
0.4336998307521259
0.37132377690591
0.270718936016357
0.26790327233493405
0.2753101407790584
0.27521624462955935
0.5503579660814033
0.5452607521715288
0.5247686168671848
0.5228363271441601
0.4866078404301886
0.48316088042520977
0.22042875564773423
0.22751184567950355
0.2500610539794236
0.2037242624602664
0.10145704607482957
0.1345570231273668
0.1301716669506334
0.13946584045861238
0.22230031409809625
0.2467208916096873
0.2533521365979703
0.2637757469446574
0.27527411745308844
0.28931675598169887
0.37788080721762735
0.3830326091684381
0.29925110323897747
0.39248323440440636
0.3952518277277144
0.37738884147446294
0.4013508222638213
0.4166847736952168
0.3834110910592623
0.32956008777247225
0.3392677598665665
0.3484680726006916
0.3815959148410832
0.3759091310256126
0.35946132746753223
0.38355635680523825
0.3984874248604116
0.3578462227397713
0.37446825424729263
0.3830870583955654
0.36527456107482814
0.36581733336804034
0.3883025193119593
0.273903492327749
0.2702295799955881
0.2855471041210607
0.3034690763197221
0.30990030671588115
0.2902836180875483
0.3099577880140378
0.3114906427207109
0.3169360202037561
0.31567090378317314
0.3497814121336991
0.31461497034247077
0.31036199460413305
0.314006341264583
0.30604148842272755
0.35412166612315205
0.3544776830286846
0.3718404301237947
0.3860219809096863
0.353661702721598
0.35386727147250024
0.35410100692012486
0.3543534904628327
0.3311562076918318
0.31888908155781237
0.31873130227808094
0.30162117111144926
0.2916299663722874
0.3045167049414109
0.30779093230159366
0.329464010043063
0.33015421995519156
0.594087225028775
0.5913536320036302
0.5912729696364779
0.5905408250536719
0.5928841344349298
0.5928339217673264
0.6088775521013445
0.3423148371995823
0.32410232902432407
0.32380234453178103
0.32353027559282704
0.33444088176375625
0.3693348125939824
0.3693240076162933
0.3862849197908206
0.36076717363859756
0.3446841898388103
0.29764577026430866
0.29907525855759387
0.2824897169795551
0.2765680851238178
0.27409216479764614
0.2729471058005853
0.23130642639798654
0.22471571972476756
0.218435797105382
0.21125240068391699
0.19374586805435892
0.19024391198769233
0.18815118609029852
0.18652620924045987
0.17904265300060931
0.17705545097403225
0.18025654498552715
0.18175230404085096
0.19240735267087491
0.20554355826947732
0.21090269775651957
0.1252267254505477
0.1365007916187497
0.14794415492095161
0.15829612156783046
0.16836418903698425
0.17753727527298047
0.18507717361029893
0.1916520213668494
0.19745880099679602
0.19895163278314879
0.20592975290740054
0.21220081109312863
0.21782850877478058
0.22581373877885602
0.2292345283012824
0.23314535193261954
0.2918987384611534
0.3471646581293232
0.2877479053887703
0.21262080987408574
0.17840600244818694
0.17092217958309755
0.1354916831397747
0.1428686221895461
0.16084416735041848
0.20700241177689097
0.2199127396939004
0.27434248522075866
0.2865627486259227
0.2944752329416069
0.3052546793308985
0.2839044910159493
0.25593136494115226
0.3071783778103339
0.3055365894775742
0.3192834760684081
0.31220230336801336
0.30735138792753525
0.33068085919684237
0.3372407323039586
0.23319418763288727
0.2509704782295617
0.2524930540305766
0.25426480356911585
0.25626418467819906
0.23621303767695825
0.23621756455485024
0.23622084760529924
0.23622404428689833
0.2636865315127116
0.3308200051353453
0.28225490387591584
0.225293192187761
0.21806854386130217
0.23486730169865708
0.23591984713419087
0.24819358394789326
0.3294652056089979
0.3128242635556507
0.3258866693709114
0.3262147590166789
0.3259746248112482
0.32679592625833154
0.30926884110347064
0.30797298992819533
0.3067580357518016
0.30036607549402616
0.2071274001061084
0.30607338219892133
0.3250183623757009
0.3214001194302401
0.3213894990607913
0.3213545967519101
0.3296817530186189
0.3094050327893008
0.304172482213179
0.30246962465948096
0.3435299229206652
0.33704541394599186
0.3357704327336194
0.3006993406517241
0.2713074519529456
0.270048943044705
0.2311102440727173
0.22537975342850625
0.2091231492587267
0.20563091597885128
0.13086317032849126
0.08793794573309684
0.08358424807510777
0.08159219677533243
0.08014371492073655
0.07875555189391475
0.07675657610426344
0.07543011654967466
0.07421946496045806
0.07313534858293015
0.0717486599419831
0.07048584394445175
0.06923053198298985
0.0679888252291099
0.07104119458100443
0.07733804310215991
0.08505265151582427
0.09374699626885395
0.10370604699522909
0.11106043767177542
0.11797675231669767
0.12449838730225311
0.13322379277468835
0.13723784738938272
0.14157796501781766
0.14451542048805502
0.14653747439110298
0.14119438547768065
0.13676731797372652
0.12697088051612254
0.23567045562371597
0.232730002060196
0.16766540031804397
0.11692208745960657
0.15342014747533625
0.15132155531001812
0.18279569361986206
0.17069497066739023
0.1939051697072607
0.19559796454223832
0.1984574132718144
0.20183754481623617
0.20752003804705318
0.20937841155028744
0.21075898496753098
0.21190464448840493
0.24127183239485428
0.3173115844776117
0.29043618733475973
0.2585490288188667
0.3551790652727782
0.35515891419422924
0.3551062188459326
0.3550738724488984
0.3349881778890257
0.32552278193606576
0.22941569602777256
0.21691783093304465
0.20622408611071502
0.20610783078712308
0.20599318204985353
0.20588103485137307
0.22732553401134498
0.3336137567522597
0.317951424615757
0.2521951587158083
0.19888306526264887
0.1986110160188205
0.23932542302558216
0.31757382933843
0.31895853198196966
0.24637281357972055
0.26377585565084
0.2636904025866421
0.2648040216590103
0.3374069515199051
0.37150617962149346
0.36185425129757953
0.32461666538143824
0.3209929511375774
0.3209742990133737
0.22405176549815584
0.31738040440985554
0.1845864031002201
0.2076800283069081
0.2766243058707764
0.28477895598539155
0.2863143572782762
0.2690994498600872
0.2631316727975219
0.26277995264604526
0.2593827056978352
0.2694309092685988
0.2593018973932723
0.20485589624164197
0.2563560511729435
0.2352609775215913
0.20259831420451624
0.17875034533330134
0.19243575276309963
0.1918361138548817
0.20106997558642087
0.24608639869436025
0.2582334311003851
0.2694681280975054
0.27972586659531085
0.29029770136465144
0.30071786084836627
0.3110286396388851
0.30489249070717256
0.303154072063626
0.320046960782086
0.3374563619228824
0.32342894047495285
0.34752735791412664
0.3635645704393248
0.37534758764124204
0.383730095302182
0.28823638339131263
0.2917438647869933
0.2978021559026576
0.3095560179376177
0.39295343432365293
0.39478068849547493
0.3285353039772872
0.34980137787174465
0.36829998782738577
0.3655277469566343
0.37782920449908153
0.3514594242969481
0.39366256755060225
0.40419019477483736
0.4484462301350839
0.37627740255354836
0.4342684879832438
0.48515048150306705
0.4868173912133093
0.47769089210540205
0.4733618486249742
0.47159910346711253
0.4674893309776971
0.43487150709020406
0.43556741133421023
0.41118452455000143
0.4138728978693425
0.40470331701270573
0.3372753086790558
0.37165571160559613
0.3715928869664669
0.3715348575869559
0.3389678004249226
0.33893231205439245
0.29330349020196755
0.20256481117544553
0.1956269522408939
0.2866211612804438
0.2853757788073205
0.22962499793890215
0.16966050661835372
0.17006965126507667
0.1709949852091294
0.17216568242760397
0.16029867669954556
0.17555958471383357
0.17381975368407573
0.17109221731509072
0.19073777491436178
0.2260167001615165
0.27816238288680484
0.2906695603920159
0.2873868456986612
0.28793649827088785
0.2853530637210757
0.2850854783854045
0.29617611462294285
0.21410611756871428
0.18748365536689424
0.18546170083643318
0.3532187848201348
0.2806844003871889
0.2661765605024572
0.2967335684655885
0.3569457627531819
0.3618914347441862
0.3918421690648786
0.41862479193914814
0.38399536256443606
0.3771371185170309
0.4360906256110126
0.48276784279564566
0.5000109340569692
0.46546623376014534
0.5100639828615551
0.541448455765674
0.5497617668285969
0.5689604423053195
0.5780754017480743
0.5854640647926604
0.5357120885028571
0.4351513021463424
0.37722117121701404
0.3651528603248266
0.3589289470128922
0.35536325831509796
0.35305605083526814
0.3514635923611843
0.35423616687636245
0.3590735940495508
0.3655406650558311
0.3730099351785757
0.3804434183637858
0.38430350814039554
0.38715313114319116
0.3933567925529735
0.39931769648352655
0.39894477733537526
0.39786844360632884
0.3951328668279261
0.3883374187217471
0.37298616469097434
0.3583377744621057
0.3450583267732763
0.3565752352744053
0.34670975714715285
0.3475951337644141
0.3555882523679834
0.4490009599200131
0.4211329461604185
0.3269271323426005
0.42368261144159863
0.4063957134296098
0.32012878154296814
0.31144264074980976
0.3305353190673409
0.3259044412519609
0.320475481542813
0.3151837202692769
0.3272609893379229
0.3242931386303967
0.29793298738913027
0.30476336991658765
0.2963313597220189
0.34063910854787205
0.34070394153472583
0.3406369800879073
0.3391724761878039
0.3148025136638855
0.28643288920660503
0.20217876263760867
0.19949423585264467
0.21191825632439443
0.19184865464412978
0.18826383235845962
0.18727871965115417
0.17950592039479668
0.18031269937687494
0.23489439356727965
0.2902020922770057
0.3093858993404358
0.31658750324331897
0.33355668450603165
0.3177954990837065
0.3350203908672285
0.3089406989534704
0.34884348133609455
0.308840428493301
0.3021750858819513
0.3030774370905136
0.29983591566661455
0.29375222440178644
0.30136207034908064
0.3013807619659808
0.31367513860495116
0.31380034470918255
0.4340338509504979
0.36240425423907896
0.28517946512450415
0.3095501017894654
0.3246032206434736
0.27856126885872917
0.29900668931897234
0.3197817991895093
0.30904453063510906
0.3357466729999549
0.33176488492852785
0.3412767959998952
0.33124747369280877
0.3524118797968786
0.3696310276017176
0.3834499859420204
0.3925775177107147
0.4004169835147387
0.3128118858975148
0.30788806959260545
0.3100248551873961
0.2982577180472767
0.2948436108910308
0.3179695559294829
0.3335831326178383
0.24820542965609937
0.2633448513189676
0.276833830338377
0.28836285531198813
0.29751871791617923
0.3050303072650644
0.3112425510782045
0.318865340963036
0.32462485260230084
0.3304641264367998
0.3363014978570869
0.3430075414026121
0.34558134750425146
0.347466129222618
0.34774290613674524
0.349730093776439
0.34060272847360223
0.3329966125115539
0.34714545651235174
0.404352182265929
0.4182461094148085
0.4431764378610092
0.421490370443758
0.30240663975031945
0.30251885622436253
0.3074885752948364
0.2856733879240723
0.38625031276182287
0.39583274521453443
0.3442731972912081
0.21397205684796097
0.19750890649947336
0.18324936834281477
0.2741780935349849
0.2745495060582067
0.262428259208851
0.26451708528020307
0.2585249200937574
0.1580328856875295
0.22161204752032337
0.281775961955918
0.33292462890691993
0.31989600004376095
0.21060670743408713
0.21094281398234943
0.21129262714598188
0.211657010768104
0.19325249856661775
0.1930231456477725
0.20976248940944522
0.19379266883820082
0.18524925554918
0.19422823048728483
0.19391685639237452
0.19361896082431823
0.1829259906254041
0.23556630308790827
0.28866294211531784
0.23774910237544497
0.18214189199165645
0.18438449882500596
0.18422591059293025
0.18406751702137966
0.19612969010046014
0.1969396846482597
0.19682804108233995
0.21429220515416927
0.30305027728013706
0.2994364600454028
0.29943001009114184
0.2994239791954678
0.4376002455409897
0.291051827420542
0.2574956187237172
0.23856868783092108
0.2413193427520667
0.24031574731691163
0.24396712880323498
0.26825586718741257
0.5045217159154687
0.4890865432928983
0.42874143925036046
0.3806309318967144
0.36860261174715087
0.36728810274077045
0.09407286176849211
0.07834591295661601
0.08841216768439124
0.10101876268692303
0.13302919222565687
0.22623509584034396
0.19212690786631492
0.14513630378918635
0.1563483314230077
0.16685557537922618
0.17636856211406682
0.18476965601501194
0.19216823545854386
0.19875464280536972
0.20569792030887485
0.2121924583311172
0.21864434516864037
0.22502138623051962
0.2312277060292587
0.23629877391932153
0.24043468343822366
0.24382050534301702
0.2538708570984975
0.2575400883086521
0.26113968848086816
0.26309686579824754
0.2623285336559577
0.25467235231581137
0.2473877739703772
0.24056307018299813
0.2440489919828371
0.2357928338336489
0.22691342069650342
0.2116546134302049
0.21865624972236905
0.2735422467223793
0.27180184711616223
0.2774043296553973
0.2625532614738371
0.25225780196599873
0.2599776319098501
0.2618876980223223
0.23553883676901438
0.16437841732014627
0.16676564551115974
0.16893966830475082
0.16685157168160306
0.2433821462181367
0.2815439214329826
0.27928611204734727
0.33539413004692553
0.3373484104194015
0.33063597103052583
0.3331398599303561
0.3155419302513417
0.31554625137265657
0.3155533782344513
0.31557209199209996
0.30562280655970725
0.2963417903471043
0.2870757991562794
0.2864541907425836
0.2870444966103043
0.28673091679095397
0.28642845251926086
0.2954370885414786
0.2931011567772753
0.2922911811665576
0.291516637836615
0.30091157676830577
0.301552772461913
0.29182264195989027
0.20715139423168966
0.23070475880245706
0.2901395438428776
0.2776011969799123
0.27710681220318734
0.26346219382674246
0.2923274151636025
0.3039963734637387
0.2870352985288274
0.2998923603250793
0.29796640106330946
0.2964734112358067
0.29428758638539976
0.29054892064531895
0.29722352702213484
0.29604954795443705
0.26767164387068215
0.1674886766644387
0.1460154117055266
0.21719233485777747
0.2257145613074401
0.218216223929432
0.21681938130910092
0.20539702381241332
0.1946764193157199
0.19127276509424998
0.18732384148237244
0.18566710164557765
0.08259940044128077
0.07785029864850049
0.07603624572905224
0.07472947614803666
0.0734940318949223
0.0722926090151354
0.07074880481269127
0.06931865382930602
0.06790730078869721
0.06652636054057903
0.06987413366343373
0.07633531748188889
0.08278597212320966
0.08981035193043554
0.09842370244583197
0.10501555444991774
0.11147624033703615
0.11777018818383117
0.12577823930184595
0.12980917817957938
0.13471933824439802
0.13787993994318012
0.14196107438549713
0.13387417274202654
0.11175036939959011
0.11181859906029684
0.14353996540948807
0.1476019092535916
0.16083322739731679
0.23766867765937363
0.3241648487645619
0.5884324068039748
0.5584330971417009
0.5331575366910308
0.573213084951325
0.600067719943325
0.5929450428587363
0.5905399086167491
0.615169133146174
0.5992681992830883
0.5906059135582141
0.3168351771183461
0.29106930913166246
0.29028730377756035
0.2905427565166271
0.29613773270505456
0.3260458816128401
0.3348615016566181
0.32575161707168426
0.3256321553029965
0.30791271898251854
0.30779568331378626
0.30768604839482666
0.3075770032893043
0.2980310824646612
0.2977644461936257
0.2975074852695005
0.29724951572401215
0.2902782842240839
0.29031889793576554
0.2903637259165321
0.2904155308641898
0.278593735152161
0.28852200518875903
0.29845645664114856
0.29826615919523997
0.29907962971239016
0.3014302052569271
0.3013793043615785
0.3013354933181129
0.30170106716627826
0.3123261626031561
0.3507542944976295
0.3507548216631059
0.34187012557200974
0.29974642106293675
0.2856680866980306
0.28565887253009936
0.30089195890743065
0.31422175450880835
0.31167218067895014
0.32091123034701974
0.31045495248143584
0.2634713225814425
0.2695487374110297
0.2620966734117115
0.22489206825663982
0.2215819920701288
0.21970743656106526
0.22397661319419793
0.1991303640452585
0.2010928571491074
0.1958145296381636
0.192708615632551
0.18460600787348852
0.18079305913383356
0.17854566570920616
0.17690965638183132
0.1715814972134071
0.0969407522142039
0.0791011841600955
0.08867839647907372
0.09735461046529559
0.10714398887634008
0.11470338326597516
0.12195158168225946
0.12982735293989162
0.13727767257753049
0.1445250523296026
0.1515238226211659
0.15971740688150893
0.16562111531887327
0.17120380564812246
0.17648455950858913
0.18413440071036843
0.18838477890620284
0.19392642670151838
0.21717004122097225
0.2741690295479289
0.28196263183427706
0.2488378235460978
0.26509115286854174
0.29084179914570735
0.24180359563209664
0.23292395248028483
0.23099931194798617
0.26685233992714075
0.2606900040873903
0.2697483240744709
0.27415953192107895
0.283711123617481
0.28528197790329535
0.33305121468564997
0.2964159521753546
0.2866986916990538
0.28062331920751077
0.2791513339229824
0.2823299671597332
0.2771379551867655
0.27838572851409066
0.27784085838227524
0.2781632680504061
0.32215775812494735
0.33215355640656313
0.33222739726263223
0.3322826670712229
0.3146332330209411
0.31464150900994375
0.31467688842472546
0.3147428955398793
0.3050801557836611
0.30497953927209753
0.30489189955159307
0.30479820120628154
0.2890742221058753
0.2982812554988149
0.2981776438022248
0.2980906347378526
0.28730406763551647
0.2872934067362625
0.27715732093082185
0.27715143918546
0.27440944761431085
0.26763724146512663
0.26981345183990346
0.2645348666133581
0.26163310909716403
0.2796991627532153
0.2462727896621015
0.2482473163113594
0.25052958164099065
0.264693151602385
0.25025844283035725
0.2654555737324539
0.42484130845404144
0.2987868236747411
0.28643791509644545
0.27935827658148643
0.2627954186242566
0.22234378916021624
0.23579288669375603
0.23725865660312606
0.23882121825000616
0.25783591985603616
0.2625543336797505
0.2755507112616996
0.2859818355143043
0.294067421977027
0.2878336308605578
0.2957751214631452
0.30489705398399203
0.31446075806151386
0.32324547226017086
0.3313068142980188
0.3386978643493632
0.34589317887297416
0.3526537539628512
0.3030888789988145
0.2597621817609623
0.26548326821739754
0.2707300725304475
0.275570325753643
0.2793954360319235
0.2818352191831665
0.2670258959210442
0.2703536813279297
0.34104562048794096
0.3561582557361595
0.3317200260927435
0.26803013630658484
0.2771867550421868
0.27960258288091516
0.26657641498138374
0.24452568978549577
0.2296718956515368
0.2230360455824954
0.23323486159366108
0.24146523461211994
0.26078396058206443
0.27059213775284185
0.35352282464211165
0.3577034651744208
0.23611951657853808
0.24252164125320103
0.2872297772280158
0.3162099819622447
0.3325534735364867
0.34321017795754777
0.34085028366442355
0.32921785685883725
0.3199349192762639
0.30771705853006465
0.29625853823914944
0.2857372812804647
0.2684972106267353
0.2723408683466019
0.2966077185108356
0.2784079035123309
0.32431389463959476
0.3187624202787148
0.22308921923377362
0.22396452376011663
0.21749783615927334
0.3101873059305565
0.27188850151178856
0.20121135239095952
0.19216428726656162
0.2679656357017054
0.3485343142748844
0.33852779489789053
0.29224575266420805
0.23069234863168744
0.172107349455313
0.1832469468775301
0.17471310300675014
0.1986381436267469
0.21461635689936603
0.29853931908368303
0.2949544149902825
0.2908264242124454
0.2879979435950152
0.290380189251686
0.28831905957574844
0.28388383047191246
0.27857853721154485
0.27954371424024294
0.2895686417852361
0.28782794244278287
0.290087298776167
0.29501149412261063
0.4873855987441616
0.31664192835561455
0.27012285384605605
0.24269622010658992
0.2591793225748582
0.2672124032217612
0.25750351749068684
0.2621573385581801
0.202238502740421
0.21118195261817088
0.2243413174032765
0.2131060022010798
0.24176329325785642
0.26511514435350597
0.2490033266459814
0.1925769316936556
0.20522837803399707
0.21611735045640285
0.2248170281099724
0.23197821358301954
0.23861370589012007
0.24514584207394646
0.25123206716040486
0.25694100030559636
0.263445338931822
0.27038863501650473
0.27767087018500286
0.2852296821855865
0.2927983517494262
0.2994902628951903
0.3057618593790069
0.3117859808437765
0.3163520033691627
0.31699331963967636
0.3164428143040829
0.31530535791609443
0.3173136601568199
0.3164197857714077
0.3166194106009544
0.3173062474038606
0.3225521714832662
0.3471619712952408
0.4039554708866149
0.4074356785131042
0.3686768641594783
0.229404821400051
0.30452587115230284
0.3477014612753239
0.3966482805244228
0.4101524353822499
0.4143574756320175
0.4117841938408324
0.43357757764073845
0.4232688124438653
0.4100606139875203
0.3888679514977826
0.3796569476124758
0.3574492155858626
0.36067139957523986
0.3438151255394043
0.2628180319737898
0.4545515024679231
0.47764790341342717
0.46224210821960177
0.5127079960131953
0.5127248208020427
0.5126758357059839
0.315092810751773
0.31128152114725594
0.30597088528737976
0.30465301000636774
0.30158209716646195
0.20465566076976588
0.18308143275381883
0.17166200375696636
0.1701854129455939
0.15138732629368087
0.15063891444470653
0.1509052396018472
0.15163761412172358
0.14914308847459298
0.23447921709575945
0.270028099699606
0.2721268158352085
0.2639375712225303
0.27996797231760245
0.14955887752067737
0.14313757062108345
0.13591496433119601
0.134340839430036
0.16399918585003337
0.16558881220254348
0.1870711399938851
0.32053063139942073
0.3377959925173419
0.33690629566546165
0.5015838942401946
0.3313270588824669
0.22030832735573116
0.13813635396071466
0.13358395701966463
0.13997138493614647
0.14278295542059835
0.14383186027732586
0.13251253487073603
0.16127043068255542
0.20689952798335812
0.2233138537750342
0.22460473114736515
0.15770114476427474
0.1560337499042854
0.16990803632660792
0.18136350876685903
0.19532413851505903
0.20746018952073297
0.2181380809138701
0.22749747433311793
0.23870232385750617
0.24943993854761726
0.2597901987823777
0.2676044405758352
0.2746854083853726
0.2747515844376407
0.282045082367716
0.2871342352240939
0.29021704732185594
0.2927854014923912
0.29249080248228837
0.29297488935225136
0.29100920619575715
0.2887336979366482
0.28630675921225635
0.3634138022795422
0.38258476286671006
0.3865741862527377
0.31390257610924743
0.28641856457461884
0.2823649404980295
0.2789451666238216
0.2758842811767811
0.2901969554919257
0.2880422042444904
0.36276392202311514
0.3719727263026941
0.3035924556978051
0.2998358462729726
0.34923895046150777
0.35322855053975627
0.3785403406424627
0.30681727167561096
0.2688545644230701
0.24803159090198534
0.34111726451788
0.30548197631887986
0.2244446243088329
0.21792120166403578
0.2099046510381921
0.19072559955083637
0.16531009774506691
0.1709251681809823
0.2634830667282492
0.3241298517232416
0.27675356827276865
0.2241767457501144
0.30417010733856964
0.603308324206137
0.6007408915536215
0.6008198827761988
0.5911571460585571
0.32240187037232054
0.2980265262044896
0.29700119955885085
0.1867923073570646
0.19783300301978204
0.2753599929051458
0.2973430032418571
0.28661173267424617
0.2872642657560074
0.2536268600838171
0.1767410491532574
0.17100882876354787
0.1706740069486625
0.16890721449248075
0.16743026521002524
0.1792339327429021
0.2778963722590841
0.31796767132526027
0.22470527907954085
0.16644557074397953
0.2332684574324512
0.27373765377829135
0.27859340155348616
0.48081371422229724
0.326247273397823
0.26017016533580817
0.22660684576959
0.22362659600421314
0.2336289693162492
0.21921153147589648
0.22472528027291994
0.2136218746255654
0.22652158470451894
0.16584099080343917
0.14929971657129915
0.13917077453815035
0.14985285719392774
0.15843658295179397
0.16546800044150856
0.17083449915505294
0.18097873610432622
0.1902629126665521
0.198811372435489
0.21018681860693675
0.2246282537386928
0.24169766128666686
0.2610947200659593
0.2721839936846333
0.2765521424451877
0.27528359730028806
0.27051710135911905
0.26764735466325035
0.2660235152566732
0.2657737858529018
0.26632538149028295
0.26982457122295855
0.2720853908611632
0.2747712988321422
0.2777195520754799
0.2830207083350848
0.3094397941546483
0.3338354146377899
0.35446341683061966
0.31976529505909246
0.32273465167375126
0.3393240311076291
0.3218694056858149
0.35299118285122627
0.3421037844531126
0.3334493044405857
0.34054972288630697
0.3782900066011356
0.26515044003437926
0.2500860148352116
0.2715514808686029
0.2715975144140785
0.2747426729339528
0.28122990771658113
0.2756172132518058
0.28653601939137563
0.2873592678789756
0.3028496184773035
0.2990894680451544
0.2924422028287274
0.3062598985095429
0.298323630034585
0.2833689180284015
0.3320963474143617
0.34098882184675366
0.34090859653480154
0.3408171436573945
0.31440506211784586
0.31798504012719175
0.3399691717865919
0.33130099924121176
0.6032185015178724
0.6019665816500045
0.6021776903543491
0.6024207349386702
0.5949021456648428
0.3100986009756586
0.2893351945824631
0.28898501906466895
0.2874753095698152
0.28745899472477776
0.2874427446509031
0.2874181221717939
0.29837436792576266
0.3007439472314362
0.2983495891786568
0.295902025570225
0.2919267482824308
0.2750336560860782
0.272740139372614
0.2717623755016184
0.27463635809947434
0.27144695609051833
0.27055599615087694
0.2690593124712055
0.42864015210888845
0.28901195911702954
0.1562987317476962
0.14584751407264518
0.16122602079794543
0.1609842309909659
0.25522205382482027
0.2331942753463175
0.11404078366473154
0.1463633632930446
0.14068682328652718
0.16064482126579824
0.1995133477656273
0.2180947384621557
0.14744528347971692
0.1414879918905358
0.1512269940195837
0.16272525153965867
0.1711881519308197
0.1789495726129741
0.1854637581817845
0.19132756858333763
0.1963742461934089
0.2007854177410802
0.204131510391652
0.20662623217732434
0.20852317184662855
0.2100644882887862
0.21186682203689738
0.21305704800876524
0.21403436364397857
0.21483194035481076
0.21761846764822745
0.2188659686688761
0.2205333967804588
0.22271523809544938
0.22704515793187763
0.22778819539089903
0.22919996665418196
0.230640427048349
0.23245585171356423
0.22943729090087825
0.227636763289055
0.22659123771141879
0.24215220067058035
0.27167098559421493
0.3149103822486978
0.30485794172128283
0.3150602258310034
0.32292210757829337
0.32592491186088407
0.2909229042855779
0.3240128576878205
0.26877866502077696
0.2624156046525107
0.2665225292221713
0.2637097449583377
0.27851664454660646
0.2686230730087103
0.26843086449103515
0.2691019306616053
0.26393614111016944
0.25306084232059184
0.2620941376739408
0.3142233454769445
0.3142198685533365
0.3122512319400211
0.3143834636997743
0.28348135231456345
0.28465797419340283
0.28136847046550556
0.27886459021934046
0.26871743432867723
0.26835672661137044
0.26849751954800655
0.2691805963005863
0.26126389106282066
0.2509297881366909
0.269958172462249
0.2221221853812629
0.16784779418963197
0.1703558927784805
0.16872308259711435
0.2581745402218476
0.2716206606763576
0.28400517864204866
0.2828044189087668
0.25463733042197934
0.19968742407666776
0.30710390338196025
0.3235954413636893
0.3431520377536564
0.34650554586300225
0.5899566531490643
0.5828581898586169
0.5798188932605643
0.7395245295508279
0.5703705679490926
0.26800388320780455
0.24627224703669887
0.2522066986732818
0.2600229410689659
0.253865520455767
0.2584161220545658
0.21615678069887823
0.2249300498163522
0.24955803432832285
0.2536170371697505
0.24119675180436423
0.229011229466072
0.24825151393062048
0.26197896374771185
0.27274429295151426
0.2931286559192021
0.30987607558107916
0.32372171346387685
0.23962558841657883
0.23868290658922123
0.24650542435278913
0.25329026776867664
0.25931681291948677
0.26445723595413745
0.2687933769061069
0.272527854332417
0.27732077220254975
0.28214326264384515
0.28721791642127886
0.2925206838637804
0.29847286172439735
0.3019361494738743
0.3042634117068601
0.3263422827650665
0.393078049398006
0.40337537667785894
0.3495084938121469
0.3412508424813425
0.33417175516569636
0.26535317024446065
0.2195042341892729
0.20331902243455363
0.2373850588113917
0.2189514846646019
0.25985182922251326
0.23223391437769078
0.26711845159022135
0.29806521259922353
0.3155723866255658
0.281377641100705
0.31848383305152306
0.32517305959891074
0.2667305636067819
0.2621024981943395
0.263429827835351
0.27208766878443635
0.2668272566332966
0.26523973952963403
0.24840155749108161
0.24189933946910233
0.2430928592353879
0.24665047096367004
0.3004282618011592
0.30573659132157144
0.30572421937578137
0.308880800586846
0.2891674608522072
0.2905757574497289
0.3128548709829069
0.5817344626240202
0.5810078437834426
0.5725188622507438
0.2998384952970675
0.27775401303674707
0.26893362341102
0.2690110111607609
0.26945260438033336
0.2802770259529599
0.28310393746543316
0.28509581767396325
0.2844611513479191
0.2821643033099274
0.2577092975390017
0.17118254823905033
0.2078757613832287
0.2760219849386348
0.26559400510499104
0.1950823424895124
0.25165984942900527
0.2482370491330025
0.2528971781028207
0.25045258460527337
0.24499275320304675
0.2442437727963501
0.40153744004105635
0.2929657216730887
0.2515945888773118
0.22933383374111208
0.23223552417912258
0.16682995846972343
0.14804764562370643
0.21680498020795008
0.22488069056937843
0.25178046724520736
0.27308584184210044
0.24357632140299462
0.1940039834466747
0.20909627717657742
0.2208707209802484
0.2301773924141272
0.23592261848204663
0.24044807099210466
0.1666822627551216
0.2294889351265528
0.27535593346088744
0.310423357481614
0.3355775051356371
0.3536541632086857
0.3649207018223801
0.37226710120194834
0.3773133025571224
0.37903555447358744
0.3816444133216486
0.3841425187280245
0.3189059843780358
0.30609260355547985
0.38218665290398507
0.3877953544790127
0.30745195008341303
0.29901248339072123
0.3049628246599429
0.30569167463754704
0.33098666326481224
0.37525260801654275
0.36708123432677536
0.37297510275411344
0.35969175464816733
0.33263484027203744
0.3298359581833809
0.3158681905025671
0.3167061457100198
0.21347800541241327
0.24414180092967722
0.4746994853263814
0.4504812949077549
0.43137580615283916
0.44177091135007635
0.4455915164834206
0.449614819182991
0.4537009685748396
0.556191434435062
0.5504439894260327
0.4650001740649856
0.47729722700341676
0.5165323647376789
0.5191511923970181
0.5109170517293206
0.5521033217011136
0.6108204375729253
0.29904334132134053
0.2188258699170502
0.21880727933527716
0.2846156436616031
0.30668610149893905
0.2977650670721337
0.29775166170769596
0.2972763547028209
0.2971675279604655
0.2970590465078231
0.3055440209844746
0.29941681546070725
0.2996166890082629
0.29981906964154803
0.3000814597555045
0.2893204009254121
0.28930320390060765
0.29612903547277564
0.28036425502472523
0.2762888908105803
0.2904496331036895
0.2902776174073721
0.2901043932580545
0.30225312090279216
0.3031308809538729
0.30282609164064284
0.3025487441809173
0.30328436898516803
0.2996833357943435
0.29969915499597477
0.2856015976677405
0.3818798384208892
0.24316300891638873
0.24168483823285025
0.24300129912442112
0.24718860205093687
0.24810175241947996
0.24708857400807727
0.24666263679003522
0.21326568369862867
0.21209117689942272
0.2114394598770428
0.22375350948245323
0.19646569590610496
0.19050061347406516
0.1874921327287821
0.18571264988639258
0.17524692974440842
0.17770466111307626
0.18152246439310835
0.17400890552468504
0.14569963362430477
0.08861972822571056
0.0982532700459024
0.10687048443421023
0.11477037559016673
0.12402930452477935
0.1328583046780591
0.14132084901933342
0.14886541354498614
0.15541452117421845
0.16121456773355264
0.16747851486302806
0.17337184569339634
0.1775473938201978
0.18192251603410198
0.18648618531817907
0.1924763712929657
0.1943840725320003
0.19661664051133035
0.19729926372754322
0.19923392657426758
0.19237480280495772
0.2647545917638061
0.2634708256448292
0.22003557824017045
0.23467531280651713
0.2410305248409083
0.24178077652972685
0.26900429020320704
0.2028342109793505
0.17440504487182856
0.20700953627475552
0.3123805570096192
0.2778436932942618
0.2712590775071622
0.31748527354341133
0.3190942841846126
0.3289112938847348
0.3231023957504294
0.30132271699258245
0.32552769778747365
0.3257237342835772
0.34286603825103135
0.32576393653478314
0.3527999200149914
0.35284083800436444
0.35286159581167437
0.35293228590023124
0.3182222947051571
0.316891972301153
0.3167714080659119
0.31665637537115254
0.3069518254824163
0.30681642567605366
0.3066842994121366
0.3065562823116812
0.30024806953513683
0.30024834997866817
0.3002490595694206
0.30025205996147764
0.2894614222444024
0.2894572511360622
0.27932631638486927
0.2793336043719708
0.2765110710392255
0.2787998935302597
0.27868694180898385
0.2882048596189829
0.3244176143180678
0.3157177759173038
0.29013952033494517
0.2898865889723093
0.28945659913849237
0.28582977168660106
0.2858275570411944
0.28580483070553914
0.2787328038128147
0.2760431027034791
0.2297171849443766
0.22852296644018172
0.18891807284852502
0.18697395209204837
0.22722839320821142
0.24387540773264696
0.21009398402153193
0.1899115534525414
0.19071684035212977
0.1854271066091347
0.18045486438374028
0.17837262106981072
0.1768758793762466
0.17558919892315528
0.17370987128475418
0.1866299382448935
0.18597612618511392
0.17659110462169222
0.17804589136869423
0.18012398215622344
0.17241185679222967
0.19185381402299845
0.20837860496128555
0.22141939209195244
0.2318346455926177
0.2403288175405539
0.24781666530966176
0.25388605551115867
0.25818669248660336
0.2657716475311416
0.2595073407907126
0.17501414079486155
0.17317067269144096
0.1727869034728274
0.162184699737216
0.42985086374089465
0.4682651683872638
0.47143155231841966
0.49692238250954784
0.4888058056159722
0.4966619025125078
0.22186684105409457
0.21898665621549684
0.12016479902722291
0.12242428698797633
0.12125907402266413
0.14220266496666736
0.13954956757695064
0.21999094975234307
0.2711683556634513
0.28036922116863294
0.28224971280375627
0.2909063045755481
0.29315385905882574
0.27034494280247856
0.26821325810881486
0.2684852370984702
0.2696081156489082
0.26676800129530587
0.2782692569617146
0.30702022923967903
0.31784706616818015
0.3356034336039563
0.33541681939856016
0.3352074141964068
0.3439546823265512
0.3353605458500574
0.335476103692025
0.2503682611182273
0.23020037381381023
0.20337424454595568
0.2722746586278038
0.30713143469304865
0.3068578344245156
0.30039897302401103
0.3002490756632046
0.3001027856541883
0.2999620562076314
0.2281849990208041
0.1832266064067733
0.18302909504139614
0.18283407183398537
0.26663708306770434
0.32665538175343334
0.32656956984911
0.32647825363665445
0.3268870597564608
0.5919688423396825
0.5893175806459976
0.5893100607914339
0.5900530205107166
0.5864391460402127
0.5864347002737353
0.5113372697274109
0.46181618221871273
0.4672891521362421
0.4624995136485144
0.45991168035349494
0.4677803261872086
0.5303561028194517
0.5735915525026192
0.31262635814447115
0.2625148193139875
0.25205707372504865
0.2472731641363733
0.25489350375008035
0.20346201530856522
0.19977609859893108
0.19525784856682007
0.18942249159165236
0.177101807767579
0.13941484007848076
0.06888359448284032
0.06843740207406326
0.06676774016979296
0.0699852577691873
0.07615592448213132
0.08337934873098596
0.09175384337849082
0.10044996805254311
0.10916825772537449
0.11776336684130262
0.12654663122025836
0.1346300031641567
0.14239520257148588
0.1498357270638292
0.16265230905813868
0.17219548506536875
0.1805799266446845
0.18800322689241428
0.19600711208283195
0.1993618813385861
0.2026513541304618
0.20426391898013338
0.20405795821662956
0.1977910313752053
0.1933013814913603
0.19041927907562287
0.20007766312984587
0.19960027806633238
0.19922329435672453
0.19844559051268856
0.218509741725866
0.213989057408251
0.19271642425116656
0.15899290129297283
0.18003846294078849
0.1778777466421751
0.18201740878463127
0.18211048373545355
0.180173532572369
0.1705843207318691
0.158619186723846
0.14911957245538657
0.1581832213849255
0.25861422623961816
0.27359714501163795
0.2725816245707801
0.32044254471662925
0.21897035056596362
0.2280474381507882
0.2378310371212381
0.2995978287057183
0.364431878909238
0.3678844796684171
0.3897415132398074
0.634795253544065
0.5938719701430162
0.5416745182895915
0.5488360943145717
0.5892940589905336
0.5881024360692316
0.5881092178238181
0.588114742369138
0.577570582347896
0.32057317309910394
0.2016541368096105
0.19646080919961345
0.23161436177296052
0.3045277632931152
0.30417576659837336
0.19932076954200434
0.18508505177629161
0.2531394601114695
0.2907878464624647
0.2903176439471977
0.2897829164288837
0.28594705062577375
0.2859237980906535
0.28589735307079395
0.25774300323981236
0.15662598412092793
0.15986309946268568
0.1813375678987623
0.3044807568288414
0.3026447304819452
0.2943196798170902
0.29801327021283464
0.256722640515262
0.2490277451837764
0.2170158673550375
0.21329315218386202
0.19936222469754014
0.19668851063056061
0.19476836580891213
0.11651763391057837
0.08088284241780788
0.07917272204031377
0.07750110443076161
0.07591028373678484
0.07194380855854679
0.13045410389480172
0.17476210905951683
0.11500893286154923
0.06530288739523202
0.06769966441789455
0.07431572952618386
0.08207976762497744
0.09023453112374075
0.09839035863764237
0.10647712619343494
0.11441507964751337
0.1252125548107812
0.13224400327992858
0.13943272292256126
0.25169068820460816
0.2192373227021865
0.15886736400102183
0.1422695202502599
0.1575881837942776
0.22267868975701358
0.23106539136556187
0.23244234323916346
0.23080267338827465
0.2395700971715762
0.23467232765359264
0.22421677094684964
0.22034308955755044
0.25238461578096605
0.26663189472668014
0.24713610524798596
0.24329391823355273
0.27428949215461473
0.266356103919801
0.268243706561158
0.2819222221983237
0.29354893405039206
0.276093740807702
0.26910863698127974
0.2726525971747188
0.2647511008844848
0.27617321454243104
0.27149145407835307
0.26625056107665585
0.3232519675262
0.3232312271260992
0.3231853042164523
0.32311196894623656
0.2965959131721489
0.31362604654154996
0.2979251550769941
0.31344794215594773
0.297321974784917
0.3047317631719779
0.3019159854627024
0.3001138402528336
0.28900677751876425
0.27118689840823657
0.2752922537625542
0.2863417150969147
0.29433329832544736
0.2955409195541265
0.27856978459413234
0.2692532743004382
0.24305224344854026
0.25494807310857126
0.262994500674476
0.2567519711087961
0.24866532350476445
0.2635310895255865
0.2630654276882722
0.2601814518284885
0.2672905698702933
0.26655186573177503
0.2687062093461281
0.2672619994080596
0.4286178809908466
0.2888815591260842
0.2528988491790633
0.24259336397831957
0.232928605169036
0.23239729413550714
0.15933015283995527
0.12988662905452342
0.11104679992669196
0.11219397110587442
0.11120263903232189
0.1107601483242041
0.08214337571569401
0.09353959801384641
0.1011837984947498
0.11238541933433309
0.12103915252503358
0.13375507850575225
0.14500551798333483
0.15505614207750798
0.16321990212663995
0.17031727270092933
0.17637361081483865
0.1817277647982614
0.18758639466412821
0.19363130068053774
0.19982628355618978
0.20619072301338975
0.21234296707841316
0.21745848717643923
0.2220261034235574
0.2261953194022414
0.23166648817856592
0.23496914524484108
0.2380733180323095
0.2410078914154162
0.24571922043562766
0.32697547369236696
0.33579579231592327
0.34065573247232656
0.29452444874202016
0.29423216643948946
0.30308597595110653
0.27297689904706945
0.29876123729461757
0.304167324841101
0.24642377498164456
0.24442707788705834
0.2578509087580817
0.2526674754787315
0.24417043945127737
0.24442827456583036
0.26417850045724045
0.2559402484284965
0.2675579948558855
0.26654072792981376
0.2697936898544759
0.2683898557762016
0.268842808682886
0.2810701619882178
0.27218361711030603
0.2705762087732719
0.27909715329056084
0.2751543684099632
0.3241072505532799
0.3412978930484159
0.342790158708744
0.3430905029267525
0.3086082586411658
0.3074773765953861
0.30756452000743906
0.30766457948807285
0.28958521291097655
0.29797823293673464
0.2977728265711328
0.2975656219347918
0.29054475612576125
0.2905331008727601
0.2905258517162999
0.29052092000214563
0.2786679316167518
0.2885712333734312
0.28835139003443383
0.2881327545867343
0.29902343594259406
0.28941246091136985
0.2893153112486149
0.28921287863259343
0.28832586936861765
0.28949919352510045
0.2894787847172908
0.3064129337754068
0.3074978025588686
0.2869443644067441
0.2998062724758627
0.29978312763248216
0.40520640030221133
0.264567606089098
0.17816582811168
0.1783485367700288
0.1461729503382529
0.22178752321210188
0.2523518299720239
0.22792749599217724
0.1982394679109106
0.19650129077708972
0.1956820608149321
0.09338638575710959
0.07731739655455742
0.07545065283584908
0.07388299789827477
0.07254905610310865
0.07677501685119938
0.08662393841007959
0.09682964856800072
0.1068415416634923
0.11005806411296304
0.12059573234005352
0.12983916711922097
0.138019226893249
0.1456965096639274
0.1526981746599857
0.1590078857642814
0.16478431410101924
0.24448972126295315
0.2698957528111126
0.27927877359070546
0.26899555779088735
0.18964996104863754
0.19452816791183566
0.19869946059417962
0.20237259230108096
0.20821318441492767
0.2184578502471028
0.287471409838266
0.2994206406338206
0.25864804744115144
0.2632569239874545
0.275772272537048
0.22509208793272412
0.2607438846566601
0.2741481807869362
0.23212414534398296
0.2488429088792303
0.2888975545034462
0.2602524050887051
0.2680258848875794
0.2756315846656338
0.28862894970791225
0.2927424036504214
0.2747401773361503
0.2772814286411647
0.2862829282625012
0.2748826386602677
0.2748206191471236
0.28115568429825977
0.26492327949766753
0.2586481958062305
0.2549905135008823
0.15454053054252986
0.20276960548926765
0.24650656464415985
0.3151836372981288
0.30392766689075584
0.2825643659506137
0.26317181330642325
0.1833695086767499
0.19161141370255427
0.2803792971791167
0.2420746900776005
0.17558900358126966
0.17757184106949905
0.17360989115289366
0.17538916292068035
0.17647020546837036
0.17646304669739843
0.164016392442458
0.16400980154210246
0.1640073157083772
0.1640060646564357
0.15949255103352555
0.24706560339746683
0.2924612841620877
0.29126485344833447
0.20692139586831454
0.1726849164174016
0.17251920457130537
0.17235489426825548
0.17110010719307503
0.18132725028543104
0.18108728432859098
0.1949347036653993
0.2838339645793588
0.15921930374248738
0.14329545553169726
0.18523765756923996
0.23729542388013505
0.23579497676699115
0.16596894012458002
0.13130732367749365
0.10282108566687924
0.2476016771374003
0.2199907668149827
0.19430563655500593
0.19285096869601878
0.19072569713873802
0.18569124071446244
0.18312404786685846
0.17954272939098243
0.17803302492827908
0.17681483088025582
0.17570512461445895
0.17393375934667024
0.1726855551201958
0.17369151721718684
0.17916196955567149
0.1839275217772197
0.19035040671902323
0.10324966290142966
0.09695373084678709
0.10362100758242204
0.10997149483788352
0.11637599830553205
0.1228411046521587
0.1264423755458738
0.12879469240217783
0.13164244895073293
0.13478801705656893
0.14020483768628206
0.14209345206146168
0.12949293908768417
0.12021225158363005
0.13215852142631593
0.13284192872906075
0.13423273612703182
0.1603988506635791
0.2347460426910934
0.23521643352665397
0.23360956694003174
0.21036279621764228
0.2570771523388468
0.2536295717531556
0.24271317493834235
0.25805993064124777
0.26812070627592427
0.2680802723120928
0.26851286768309346
0.26878117968482385
0.27109716719848675
0.27651838364310916
0.30039569192918764
0.306781305865185
0.31591772414153063
0.31818149321053485
0.29546168337587825
0.21710804731629027
0.2852628509095546
0.27578365617835876
0.3398030139011128
0.35207978173610877
0.29085214107099683
0.22851364473064575
0.22832480796100668
0.23705468605565647
0.21857518890341954
0.21857528754423544
0.2099706986846078
0.23732769898971326
0.3084989672947785
0.31780288380850163
0.3178043766466861
0.2141536546114334
0.1774079610888482
0.2783818930382017
0.23901942922747899
0.1724996709512287
0.16964039416925725
0.1718881860562397
0.1837052425399066
0.20340648498802652
0.28846337042598097
0.2896338972155798
0.23737229164445442
0.19724643658003158
0.26494938582261723
0.34804632965669374
0.3480466053496891
0.34803322564744166
0.4421474098159035
0.30650011748012895
0.2393984710757888
0.21013488266661298
0.25746960728808743
0.24983849304503447
0.25831058454511946
0.24991891598192384
0.22703294351957248
0.2388636313239268
0.21476356008546055
0.21512521335087795
0.20080917089016548
0.18714210490147767
0.17734525696474163
0.17786915321845073
0.1740420689803473
0.1891779132504917
0.2089534741500601
0.2280597884203409
0.24118894205987365
0.25067008859663686
0.257427267701225
0.2624508163020028
0.26819094923666326
0.2740973427281537
0.20897096562229603
0.18024284820342085
0.18636694075839946
0.19190088520258905
0.19719443152379296
0.20216075053909552
0.20847165545785531
0.21274459820036845
0.21699890686810505
0.22127580858320042
0.2270500618597531
0.22865434329956405
0.23040318892313436
0.23205222790337704
0.24147572246654025
0.2325648964812009
0.19736768935966723
0.221043403014699
0.26625371714807544
0.29741996089027295
0.27523202436051986
0.30113881538062826
0.3532441149101859
0.37376345888576235
0.3831291476007628
0.3881595037099134
0.41755056701630644
0.4146139486270844
0.41044173668940265
0.40571534264478437
0.4042348944333432
0.39809147999393935
0.3907452195970945
0.36495974338615506
0.36518257126525216
0.36552074180868716
0.36362943705686773
0.28516799353568917
0.18997822736666556
0.18729029470264524
0.18746521694754562
0.19248710424687548
0.1768634260243394
0.1775605190055503
0.2069605841853709
0.279663262093475
0.21048861788692239
0.15062755013054624
0.16027050189277506
0.17165977440509253
0.19233973577398478
0.20011813684578084
0.1784200777024863
0.17409859104148837
0.18945125509578395
0.17173570212591302
0.17809157234118758
0.2071945849994199
0.2026450517639406
0.25165814582202
0.2477226362404495
0.14038126639646972
0.17721690785433786
0.24191779389876378
0.25708597797543253
0.2678900808572165
0.2790108435560693
0.2822015561861594
0.2809685411162905
0.2989956507988025
0.43995427409916105
0.29099856652938455
0.2870569093925509
0.24294341446379836
0.25498215959896187
0.25586429912871045
0.24274273972031724
0.23448460230440035
0.19470020886244652
0.21893467570025504
0.23001421057383387
0.24992974168018253
0.2670167121544734
0.28137617454818414
0.28680559916025206
0.29782197595055326
0.3085729420638842
0.31872432893755026
0.3274233365101373
0.3350315996298107
0.34114648444347423
0.3465190523136989
0.35108500266853837
0.3551119749728822
0.339396351550543
0.25883502827750215
0.26348035359369004
0.26811438190149595
0.2723461369524514
0.2755257256962515
0.26249953674240484
0.23778681663410067
0.2353968702234076
0.2500250471829803
0.26273061624143357
0.2723951588649758
0.2823960932298728
0.2846911901146739
0.28666281265244253
0.2884374053047885
0.2968502083447611
0.30693573108215744
0.3217249043024749
0.34066323211702704
0.37456764680990917
0.35520235854837173
0.3423555661778063
0.33602896432607987
0.38096495470617403
0.2951919585808936
0.28889038910818604
0.2886506571055223
0.31722647979944946
0.28869483612765623
0.27050645900211684
0.2559785645933248
0.3273130764051817
0.31110113495168235
0.28515317470393886
0.27253596918457806
0.28108878395203196
0.271429496845223
0.2903876789673159
0.3047310289552563
0.32461146462701607
0.3233752723312723
0.3377909393591501
0.33544610893542753
0.30944862507608073
0.31864943185701833
0.3201783674209023
0.31917835899887
0.3094097566865568
0.3092266389443492
0.30925409720019564
0.30968740953558327
0.29968531716464103
0.3080862748194662
0.3320914116094067
0.5969572430660883
0.5742221166086737
0.5843549154566829
0.5843467364850558
0.3169597831241463
0.28773060267274697
0.31804825990251023
0.3065064767836938
0.29018100390351376
0.2864201929550625
0.2801066698661345
0.25993990600173955
0.2555813309462706
0.262590820778826
0.26329048009444583
0.2628063399294364
0.26185007482969774
0.4219893628821589
0.3142021269021028
0.26498501484184955
0.15434686853704987
0.25014027008750167
0.22305416322858732
0.15525946141782357
0.22200583400180762
0.25580133988775977
0.2575532309011514
0.25822885787928146
0.25856920227602087
0.23733287009985804
0.22395510618831563
0.21273377229759932
0.23907131946786533
0.21977542782343232
0.1789709622793278
0.2075040069929107
0.25326851442410336
0.2856046757606313
0.3098786180337523
0.3266944328646509
0.3383580465911005
0.2821788895086706
0.2507329500050314
0.2577100653796295
0.26406208302534895
0.26952625823498877
0.2736189304314803
0.2769894091352793
0.27986999180584504
0.28309534485081783
0.2878306476923483
0.2924439837523764
0.2811045030040315
0.2627624880056247
0.2577596614495258
0.27088783147872575
0.2825357235562542
0.29979656717547803
0.3187155487890468
0.3183814798589526
0.2805264031320798
0.30051253751445844
0.30712265439705483
0.32970051639204523
0.3488194069433014
0.29439228832902165
0.3128451053388858
0.3268362636214796
0.28572382688033965
0.2997692777155415
0.3940065712885455
0.39581345637370513
0.4042756573592277
0.37770613623067417
0.29582491083020457
0.2892408677083826
0.2803085815153041
0.26790947369071705
0.25761393322472886
0.24729255251661778
0.26568684480794486
0.336700832072153
0.34105468848446296
0.5827822484785249
0.5018541422165931
0.48330402854743715
0.48418140028552464
0.48266561665626984
0.5941203936807918
0.5790798951229793
0.49268987948036275
0.4732922182548088
0.24874690550255457
0.2762061047551658
0.27554403851150744
0.289754260865775
0.20194228525212798
0.17849216482868002
0.19190626962786977
0.20034094889514895
0.29599655394812846
0.2416990529549405
0.18922396739971847
0.18512146655256137
0.22543722241829514
0.33471585547666816
0.34631547300920956
0.350934392007786
0.3365376511549572
0.2963035284399387
0.2936319419315618
0.2948267616311602
0.293023379180907
0.4561742864559886
0.25520444091661587
0.13556854570637872
0.22536458134222354
0.27729314117095893
0.23674383452606848
0.23462501008562603
0.24713123188035666
0.21939040061845644
0.1912902387677055
0.18726716811663596
0.10790211609660928
0.09800512138388183
0.09788042005392251
0.09772300919099997
0.07948707902278357
0.09896837742044508
0.12041174190024995
0.13853301541920526
0.15393433976421333
0.1659125358115419
0.17807090333642922
0.1885304559622918
0.1976578046625852
0.20554247562340014
0.21250126334628228
0.22007344928206315
0.22666625462978077
0.23287440026122766
0.2362692513700213
0.23991224117182583
0.24114051546063106
0.24483366093454106
0.24724784968649552
0.2500863032897303
0.2532079785078111
0.25882497591279646
0.27196998462434974
0.3547346502006296
0.32722021723704975
0.2677682185790854
0.2584028567782894
0.296168192835164
0.30614067626490377
0.2773619316227449
0.29687660602380445
0.3078224967654757
0.31213988230022405
0.33509658922390434
0.3323981888905379
0.3165076365879414
0.21040156408566035
0.2322775703041455
0.2274076613353491
0.3135630153297659
0.24909218918213388
0.173095428499578
0.1576442975496596
0.1606499772568472
0.25943519320098274
0.21821437546409417
0.1512055581166034
0.15220997283083404
0.164379530439749
0.22005985720795646
0.22105052926789695
0.23110482202953467
0.2751703587120128
0.3203196999823637
0.3203902574868429
0.3204555102917021
0.32052204486830166
0.31089041616740043
0.310825640856047
0.3107600401966672
0.31069868321203614
0.2945051641825612
0.23249659177927887
0.18787003842614627
0.1966526864324574
0.19321236861072674
0.280802243260806
0.2901979659682459
0.328480059142787
0.3160181673041464
0.20275119431343933
0.20425152396417476
0.18718587285331478
0.17162706409273212
0.1856207598534231
0.18523010225295103
0.2625737581756164
0.2996523106821483
0.32469697937543085
0.2860310444927261
0.26723286132935925
0.21697012987615288
0.21227498579296736
0.47784427721975226
0.4725802269738762
0.4807357267396852
0.48111693924959353
0.5542439146926511
0.5879406194433324
0.24889784084631178
0.13120730960338534
0.12881810218697007
0.2216583964566532
0.21325102372007856
0.20361343969732837
0.19870591746174707
0.19343832126068747
0.18859537803222298
0.18645079968254502
0.1504453409869972
0.07759370966694226
0.07564373162849347
0.07439976808672813
0.07316903587565475
0.07196741107242742
0.0706454794763128
0.06954463479574659
0.06851437112754222
0.06753362843504816
0.06702023272734534
0.06853669469832205
0.07272990718479776
0.07595804156000353
0.08191948439300431
0.08758818897758149
0.09344930341932263
0.09952784435213084
0.10850164147905283
0.11124595239895485
0.11441759154311322
0.11632075164671424
0.11927628502564974
0.11036304618172275
0.10246749413832335
0.09583144303376478
0.11023498796662756
0.257960673659866
0.23776012976162725
0.22273987573028556
0.2506091953726118
0.2716328986443944
0.27160312577611495
0.2598436422429134
0.3005842732541024
0.3177609404815863
0.2909762115605176
0.2862212694921442
0.30297872719991337
0.2945368187510342
0.29132823900385
0.3172544973480669
0.30474726212449327
0.29009571134286977
0.324801777073252
0.5927694465227066
0.6173756517898349
0.6358063310421498
0.6216162401479213
0.6220474640013102
0.6031631999297165
0.6019481457700764
0.33341284191170445
0.30427976771053283
0.2951776866082498
0.3119935534370674
0.31306348882464236
0.3129312452841892
0.30615495492138906
0.30712118154891477
0.30812813364259156
0.2922163405518494
0.27803261923953676
0.27751285058027036
0.27699874723045126
0.28662175220564035
0.2954257299978945
0.2974413437810706
0.29706536589426386
0.29669635802519967
0.2948652181234165
0.3082284726606676
0.3072525775005267
0.3063482848776335
0.30653136299517014
0.30239267456209407
0.2878061462089103
0.2873296652910327
0.3069304322630849
0.3067541899433293
0.20195465374010466
0.20422834513135765
0.23470669110315273
0.4989825403757491
0.4782291329968858
0.47851347377493003
0.5346045524795177
0.5656940771248814
0.5655223441516979
0.2979631695108028
0.24759401019096142
0.24757831113278747
0.247554510977127
0.24752756178531016
0.23832886267575032
0.23817545937823623
0.23783343011017172
0.23685534841921496
0.23635086918168113
0.22382929508638
0.22610931124387817
0.21576528091220684
0.20972659329284293
0.2059253727722122
0.20334273890644808
0.20134832823645152
0.15678690880645077
0.09300164151359366
0.09154666975198857
0.09019985791449174
0.09111198756000317
0.09020884406841362
0.08941329576445625
0.08871157037036476
0.09326358199843242
0.0927467641244493
0.09198786032888424
0.09138950747816386
0.10718261132713588
0.11537031715851163
0.21624026144665356
0.17365694239918136
0.1806502020150344
0.24565597928826474
0.24760417661633657
0.24906852697624565
0.2647717551313033
0.2527976262794623
0.2738509222761295
0.2890448856405753
0.31707961900533566
0.5866923681703902
0.6058157760340738
0.5991760867284168
0.6017945949373418
0.6076816356901146
0.6057124432569309
0.3329430445716234
0.3073830256612685
0.3067080815662053
0.3069472284088909
0.29833400382861963
0.3080404876955155
0.21000741985758364
0.2069915862091929
0.30883877552929695
0.30033342648423916
0.3093741766713595
0.3006026761775536
0.2918346410757331
0.292298405476974
0.2928318399924468
0.2128213083865874
0.1884361550600703
0.18045015840357553
0.18017094101255232
0.1798984222686258
0.17963062740996927
0.1670491382165059
0.17703700365197447
0.1938660313687636
0.2861913630911779
0.29260622592008206
0.29368204567409284
0.29355514914708664
0.24020839648119324
0.1868072645107288
0.2603017414431383
0.292843509295294
0.2925072025522971
0.30615956508197373
0.30225589692902416
0.3019637451086725
0.2783646248930341
0.20165202211668481
0.20145165620264946
0.20125609804916172
0.20106563878934378
0.20949613645610426
0.20942165682122757
0.17260253113989765
0.19090622394459422
0.2698342529049077
0.24491676817163716
0.15975216783453278
0.2119362395174869
0.2424239618443659
0.23818937115527777
0.22986407399816344
0.22861767221742949
0.21888026890566695
0.11492745459206219
0.10664882228566594
0.10392463484804568
0.10119189044332678
0.09926914081219218
0.09905227576118197
0.0966848313451298
0.09462046798809617
0.09303052245400177
0.09168300190422352
0.09051477542116922
0.0896208779641615
0.08826895630896854
0.08454499562505104
0.08299407419388541
0.08626372063370752
0.08560158258266615
0.08497457027959304
0.08441401314881235
0.08930297799493697
0.08860276317041987
0.11231749954365312
0.09253339142376561
0.11031373364292774
0.1098816350874647
0.1028194543397439
0.10179828012241321
0.1272070490022066
0.20773260902052468
0.2367936435174385
0.15912387127165928
0.19050240311014782
0.19238037347574236
0.27190174652924026
0.5721995645664675
0.5882194171306294
0.5995097980348468
0.6346368504858232
0.551734451255221
0.23458340757589358
0.20396234186005213
0.20356573618961984
0.20401381218861872
0.20047823890355165
0.21111475659966153
0.24314513714794117
0.30157645509098846
0.31620217391659877
0.2821352095644487
0.2110273166498341
0.2201600272093946
0.22130003712468982
0.2673772286209084
0.23033550657379762
0.31377936443919113
0.3086349685057429
0.3088906205230231
0.3091474092392017
0.30941089668432253
0.30235333216874805
0.3016397916997139
0.2115596157049782
0.19480964491307295
0.1840202117170747
0.18401876037778997
0.1960488227243548
0.28954904444503854
0.28871517617823866
0.2912166622216629
0.2946624620067429
0.3165086491887675
0.27252113733342165
0.4746707907406675
0.5327792085552734
0.5768358874200514
0.5765540445930963
0.5727923297687837
0.3052650136308476
0.24573301325566302
0.18424579644328656
0.18422537885128257
0.18349974332777347
0.21395602000139063
0.31115472257333415
0.3112423755629542
0.2871464492411166
0.2030990173037576
0.14648669000398568
0.14135981047527554
0.12381309824370054
0.12028841712902848
0.1061192859436585
0.10298440646619633
0.09576281302036839
0.0934573171494343
0.08962398753995714
0.08768224132924764
0.08608389236089702
0.08472985708320378
0.0828888034692645
0.0816633756159752
0.08054277248943828
0.07942176062508048
0.07815875636608584
0.0771060906729917
0.07612884470961542
0.07522258795133856
0.07233710022111246
0.07118827456497338
0.07006472936915731
0.07027110204364455
0.07172348242684508
0.06880169147788753
0.18511735519685138
0.17858963445345777
0.17884028368082378
0.18621723320201333
0.19277654680910028
0.09341688506449124
0.10035432202610806
0.09502101759196094
0.09108269017229396
0.08842946035910164
0.10808358969629235
0.10584115616786738
0.10364238571532032
0.10289715130694506
0.2628925496682582
0.2565500451910779
0.2534552799274696
0.25133118167652196
0.2998204206575445
0.3023550644394585
0.3082147727929122
0.28306190685766536
0.28074091682888314
0.2793835320717299
0.2792027992363163
0.28422494408594995
0.27845261153185413
0.28995747135816385
0.33143712631288585
0.3236831418152268
0.32454990939713296
0.3247710045315388
0.32497844763359773
0.32522391685674834
0.20848480619716725
0.20180704064333094
0.20167439697971543
0.201545501475639
0.19226811615267264
0.19225344254791396
0.24554112964297195
0.2977637558824539
0.29087048353473827
0.29091805464167864
0.1932186785113839
0.17757617034979103
0.17394925283023088
0.17383814671657036
0.21562203297701277
0.2892746605938584
0.2882447807080479
0.2905455174928518
0.30236222598538565
0.302254061244128
0.3025329594722823
0.27960618615522476
0.222736765559619
0.22248083417648093
0.49933721796125047
0.5862486585783527
0.586253357011692
0.5862533245037983
0.5728018823418128
0.5899406628623294
0.3535808082838224
0.33055796998540493
0.33556822491751753
0.28620650827187494
0.2717400962654406
0.2247907865415864
0.21290089284177396
0.2116957913285159
0.209171561368778
0.20751960887533522
0.19027765287184875
0.18848484754157058
0.18725981180243323
0.12551042727214098
0.07761232750814219
0.07617786912617337
0.07495396348901323
0.07373705492317185
0.07211590357352107
0.07110750341593035
0.07015675727268375
0.06923222331684101
0.06789917490535367
0.06818044829418166
0.06745848113056266
0.07457611288750021
0.08084826648769015
0.08733477612003179
0.09329066369746204
0.09894237451685962
0.10592298916236847
0.11075704670251524
0.11541639008148862
0.11990912165544819
0.1262498278686002
0.1287610868372116
0.1317414103387528
0.13354437644997538
0.11888224932294385
0.10116993716632287
0.11004474711847999
0.10834908545865823
0.12160367168679212
0.11803027965158523
0.22291045982700508
0.17925226930503046
0.14064155584470597
0.13820833954547102
0.13388017813375794
0.1736555261445668
0.25565490353278897
0.2584096517282889
0.2603196637477172
0.2578161119029605
0.17799143598412576
0.1758306448923286
0.1881667221107101
0.1923877125778201
0.18936909813145003
0.2811366971984462
0.3017237100341476
0.2996142671658957
0.34249970614777764
0.3336407358547065
0.3184861981450837
0.2948088258067151
0.316146360809487
0.3162531884162771
0.3163524001000974
0.32450088977069064
0.2992141722024283
0.3063524896420302
0.3060926943156585
0.30585487126232863
0.2903670682110358
0.29048251857658036
0.2906032757261203
0.29073449738897206
0.27871809245371826
0.20879764779774843
0.16231287070065392
0.21150971352463552
0.27480879737244307
0.28903171350989443
0.2875195683059108
0.2730372822842367
0.2662383641548016
0.27912572351798237
0.3018869671566598
0.34282741951573226
0.3269905086034423
0.2934900622106744
0.3477153544684857
0.24832938618929737
0.37091811673945924
0.1623003786206919
0.17171340159697865
0.2588526420284518
0.2737951088015933
0.26982914095880395
0.2495694334639527
0.1718765005112645
0.12386948487273704
0.16336898290678584
0.21515397882517667
0.21313092961635025
0.18822807626024723
0.08603203005758725
0.07780337028963152
0.07655520839077262
0.06998031715122079
0.06755419737261772
0.06851592868879583
0.07309200379371247
0.07751348932666162
0.08441440043431157
0.09170948519833831
0.09972843730625924
0.10674223530224917
0.11269617695634773
0.11768989728549385
0.12193596948995251
0.12675474998862213
0.13125014726945033
0.13578846560259453
0.14033432286743286
0.15005871337337318
0.15639954995255043
0.1615737629191059
0.16585469724051202
0.17146773076989608
0.17343602773433567
0.1991481978268624
0.23003054065130085
0.25457564201482275
0.21687101219403995
0.22656618904917916
0.23297727951974545
0.23304847819530689
0.22980116362424746
0.227404251989718
0.23207855309836137
0.24073267409586746
0.24261560399435053
0.2532055318439304
0.24599694319206744
0.26193960959006585
0.2614569650761975
0.18377055197686032
0.17288494806268678
0.17847784367670144
0.18061633776637584
0.18218628409571974
0.18333668511101622
0.18014795581437248
0.23740377614432712
0.2910895454487186
0.28906402689696753
0.33303090317110723
0.33314875320245374
0.3332419964322551
0.3333545789185894
0.30676338676956916
0.3156535863521319
0.3156301115200139
0.3156088554659926
0.3061409855855842
0.30622828287078224
0.29769626082316025
0.2977908412572124
0.29077864105843115
0.3000685587600033
0.30005799301452846
0.30005421824334716
0.2891818017535126
0.2890982099739501
0.30597558436662764
0.20941472336764602
0.18235568638385602
0.20161085267739498
0.21234804940843563
0.2457198797379562
0.23159745710029292
0.3056589668627394
0.28965903527201836
0.2894184202488308
0.2892803430428972
0.28565550635106224
0.3026130489736332
0.303836384377407
0.31690001359279785
0.2538916436367788
0.25490456152049923
0.25872487184566567
0.25795361111976234
0.2760225221836354
0.27635934230168757
0.27811722484003426
0.25316575675246883
0.2715560275195423
0.23549091006280132
0.2245959280605917
0.1994090448399109
0.2005267870272973
0.19587347092478744
0.19311531088609168
0.18230344681072044
0.18050267895315333
0.17906911420438953
0.19140040644674008
0.19494780908984247
0.1806115401575051
0.1778388707761572
0.17748311718023363
0.17010793812258024
0.18420349571716804
0.19632069180510214
0.2087033613982816
0.21785126308418798
0.2252244726449333
0.2315540873245036
0.23712420326018843
0.2433045719413345
0.18326520462936466
0.14894604874906112
0.1542423932082189
0.16203854993970884
0.18840969845581232
0.2470662551336693
0.25544653190834443
0.26698289879367915
0.23531211050973377
0.15204527790720904
0.134520249763715
0.1313678514852101
0.12987739436557658
0.12757600077873812
0.12322338566081724
0.14751608605287495
0.1744875501694855
0.23285657831942602
0.22317048553278032
0.15697878881415497
0.15934187722323245
0.16294336157378417
0.21157465025036806
0.2859378932384477
0.2849692596907337
0.28554950571522303
0.28654364673643234
0.23377024643260558
0.18646919233387174
0.2882924843758807
0.23908059844844887
0.21326111844947238
0.21377975839847282
0.21431309018135605
0.2238196510967746
0.2059079137857514
0.2145223560037932
0.21423488658919093
0.21395556826247616
0.20396896059727593
0.20355806441527471
0.28605706486970967
0.30831300470389633
0.3022543801504925
0.3025051636642181
0.2934583667908428
0.2937218443773498
0.281738432356703
0.28138092047556856
0.2810272172993231
0.2806838092733949
0.2777787288305668
0.29190804760480754
0.24084446664567044
0.19564021177274357
0.23315718341703084
0.306373788180513
0.33937679447554814
0.339128672370834
0.3290881829481117
0.30366358082597517
0.28765557721694546
0.30026769439439555
0.283622395557551
0.26809632284569274
0.17202065203704756
0.23419679712216307
0.26511783684857854
0.25990537060608904
0.1977403019644156
0.1351074754855523
0.22611848770284038
0.18330387921549823
0.15743945461036402
0.2229896980329568
0.2034591014774889
0.1874357320423084
0.09255273680871647
0.09101682374763218
0.08775826660420567
0.08625799087515525
0.08499555868360907
0.08390276750424781
0.08250323632052245
0.08164122101872615
0.08082166754585766
0.0800393994053881
0.07903433120223734
0.07816296703053481
0.07731631004392876
0.07642345980376006
0.07592875281355253
0.07507100952952295
0.07419160351293524
0.07327329659418547
0.07456966666219883
0.07394290431185761
0.07328550593794883
0.07259795287351817
0.07717088836727334
0.07679129783488918
0.0762451323319063
0.07569859211483389
0.08550276708509458
0.08672454073396466
0.08744571388851183
0.08783227526651201
0.11079860852241123
0.2051232591856544
0.25081559899566075
0.25560352054336133
0.31230654711885025
0.3099111722173693
0.30946585233887663
0.31752831795383846
0.3423638196407095
0.3268998116137026
0.30640042387563243
0.3223485841309113
0.3165420437673595
0.3027354539130216
0.30842272844378016
0.305801090108959
0.3136250048298236
0.31556351111924985
0.30948916244409824
0.3215653356973002
0.3295631942583259
0.3220036948856937
0.33242939336559985
0.3340109229649029
0.31732985623918797
0.32719447291732545
0.3192596274824332
0.32025837731801016
0.31890203365904385
0.34480448117437434
0.38384943857638293
0.3832033137174939
0.34985956053584827
0.3004003486426718
0.299956039293447
0.29952157568588184
0.276451876877631
0.27518222276303933
0.273982223089047
0.27285487513534573
0.2852298655667425
0.29564404749629936
0.2943822507337095
0.29435475293117913
0.2934534019913515
0.3040819347900235
0.3327719846077408
0.2940713066667331
0.29370266726022237
0.2898509941498795
0.2896103104938981
0.28937503840529055
0.30871862480351264
0.30828912573706774
0.30788049690196173
0.3074880305780869
0.3157090012842466
0.31543301693028697
0.3151635863378467
0.3149072072883171
0.2784491140174027
0.27835196234176157
0.26539895690666276
0.2524584736542448
0.2381720869063204
0.23814301121761464
0.238113186296579
0.23808591303158108
0.23670325861847621
0.23668525513676247
0.2366640840292742
0.2346054231571861
0.2294130035783444
0.14677877754490104
0.1164127222621357
0.11314352169697182
0.1101194574465717
0.10752798580275107
0.10515013432460403
0.10307175018704753
0.10143650392543625
0.09946309056522687
0.09755916920539157
0.09577640971416106
0.0962502812908035
0.09492858742373579
0.09272059274539583
0.09113381653437774
0.09524154713248155
0.09469739675072672
0.09416221156069429
0.09375089792596622
0.10949115938089327
0.1970673295524707
0.23218094618921975
0.22369378056434286
0.2559253996043097
0.2532256838463459
0.24804775959777373
0.2595177731011754
0.26270882816154073
0.25809455789718555
0.29472381393238606
0.28484482973236996
0.28684310710579297
0.2801284510717678
0.31027728354444584
0.2933283876820199
0.30145532350607873
0.30811683528033285
0.2920959874746325
0.296468090856402
0.3020392279901239
0.2930734774194307
0.28961787032017505
0.29679738405812695
0.3155622535342052
0.3158733067230874
0.3161688229460045
0.3165014127513841
0.29912688219670786
0.2992272226512959
0.29934085284836537
0.30808172039400666
0.2992528742287879
0.29133967647649334
0.30009209358247835
0.3005211930018535
0.2937139986993751
0.2938730539922104
0.2940402561606548
0.2942003707668009
0.2826614722590534
0.29251360417930655
0.2925266160687035
0.29253243304563065
0.29146039414950253
0.29371114927143155
0.2989140216866362
0.29464608714768636
0.3018500630383805
0.34104972063362154
0.340560004989881
0.3304627274709204
0.2915338864524473
0.290935972628514
0.3123507261227139
0.3120367207139651
0.579581745116134
0.5766547664675291
0.576382275997094
0.5761214129073803
0.5821186741967881
0.581960262191691
0.5106497064553458
0.4761379497517129
0.4457627613765177
0.17837807973384406
0.1592591146012167
0.15923283483644338
0.1410091209361606
0.14098448145805287
0.13242463883171013
0.13240573337927988
0.12777605579213597
0.12286543410917702
0.11886363812980491
0.11496352944555346
0.11103206555852667
0.10808222658224874
0.10545585979871257
0.10317997254767075
0.10081312596446003
0.09862507270937129
0.09651950656810368
0.09454100068519737
0.09309579316160492
0.09139777213745896
0.08980678607098988
0.08832601111800857
0.08919439834192373
0.0882493464012189
0.08736833683808956
0.08656474969771123
0.09104215339244964
0.09060128688885256
0.09000718473743766
0.08942464666533294
0.10498980904295527
0.1830131758080403
0.2218516834803859
0.2202580250507989
0.27418905127098964
0.26742341585854684
0.2530848059882076
0.25749721480078713
0.27594940136604523
0.23025012375099244
0.24425357237335826
0.28476350014513174
0.3004194639861914
0.3026450632382971
0.32335399063415093
0.22546242845491377
0.27356506961593774
0.31754834808855625
0.3173420506624834
0.31581522617976315
0.32099362428005784
0.3222337535274682
0.24919278228176073
0.21986638806302458
0.2276158580175416
0.22784231305951222
0.2536972121248375
0.25515924261420725
0.22932184134764227
0.21272039368494308
0.21188785712446292
0.24522645228411383
0.30828990708346365
0.2596381885918445
0.21108693934176875
0.2110888554822749
0.2052450899395351
0.20499350373077016
0.2232096714580939
0.3100413663583948
0.24444855547056377
0.1845537126528217
0.18444599567689557
0.20380371208945486
0.2595203071680267
0.3025172245316568
0.3192721902675597
0.320279573955028
0.3206760133279905
0.3216837307300685
0.30452794742232003
0.26200147854844213
0.22720256452126722
0.28612281026712744
0.2859286235345701
0.24860178159823976
0.1839277147550721
0.18384201509704406
0.16802304239190577
0.16793206270976244
0.1715566307961626
0.1713946298659212
0.150255792258494
0.1459703488548342
0.14171085923337
0.2245878980723316
0.17784747658593464
0.11731948734855964
0.21402740954824298
0.21352062315376638
0.20942204003069975
0.1248041784741627
0.09718411962506851
0.13853865080353342
0.20401749529253335
0.19971917097363928
0.19661850107049422
0.16258517469557587
0.0883437044278003
0.08746897819142656
0.0862885507848897
0.08517630477069286
0.08402334359106035
0.08276560571286286
0.08213937207463559
0.08129315217247
0.08055677845835962
0.07990168320801744
0.08120235491870462
0.08052612691205346
0.07982446491780322
0.07908888272169529
0.08387990735493393
0.08707453767574165
0.11063171186889044
0.11136708916005336
0.3961334963963498
0.3955278910809409
0.39544846156557534
0.4807045764396676
0.53150364735732
0.5310999010239075
0.5591097264950627
0.550211718312369
0.5695681927574598
0.5918634296093853
0.6138782180685237
0.6566409817783962
0.6943728092342526
0.40146874473925837
0.36297321741565813
0.3492037079023824
0.3318299874198091
0.3440348896148077
0.6140363219523886
0.6132218916524692
0.6120490906059842
0.6370965893332642
0.6298750868953488
0.62167657743094
0.3529142020222459
0.33397781671299837
0.3341452465354857
0.334314410241393
0.3169061829164439
0.3170367157072089
0.3005912246207412
0.21177531944103015
0.19393981335833171
0.2022672819397864
0.20226803706018276
0.2819926314461655
0.3013917140035128
0.30460840986211773
0.32622455486000096
0.3260960621998704
0.579293431849255
0.5765595582980919
0.5764642008024319
0.5763678286967653
0.5753868709961142
0.21982653266179103
0.20262637274464457
0.20377770059213232
0.18584107682521428
0.185556913902013
0.26252859530208744
0.30345250130034657
0.3041722052002399
0.30047905401085984
0.3003922720815772
0.3099292193459509
0.2669666576933903
0.23863462986694373
0.2780187372604625
0.30530189746869013
0.31374920871016193
0.3136607966796555
0.3135879584288207
0.29541018782150735
0.277608259254578
0.27750512853942655
0.26474609296021984
0.26467091391952086
0.23999598265065714
0.23349076787399733
0.23030303658576226
0.2266980718745964
0.2182451860987406
0.21390854768985307
0.1588903163349654
0.10217859196205248
0.09937073576761873
0.09735598252987039
0.09553987759075715
0.1403842145569002
0.20273373568857703
0.19848858536530745
0.1959326805852589
0.16609693720745455
0.08786596044729657
0.0866742211196135
0.08553100810605911
0.08444094294402961
0.08348700843845423
0.08463282652733073
0.08398739813540869
0.08333614768385654
0.08790577911496893
0.087543222174531
0.08734204461440113
0.08680096406307217
0.10833291436459495
0.13465898627296335
0.21845171523679416
0.22354232093114876
0.24530882056752512
0.2402347566921438
0.22689798954268542
0.13012043453930494
0.15225189825612534
0.14099408899192548
0.15048019271313975
0.1508464929516205
0.17090809343838173
0.17177656323510543
0.17325191881976762
0.17533206567385323
0.18042660918905126
0.18245099056805097
0.2811895783068038
0.3283660939559883
0.3356043246935477
0.34274423617044725
0.3301209288183895
0.2485097528901207
0.29398455382441124
0.3164382794258577
0.32622168773172733
0.32524203795916745
0.2157732626770496
0.20239394560831622
0.20249745887845627
0.20260359370159986
0.1935246772455425
0.19365726164099528
0.19379176018687164
0.19392779592398468
0.19658711213070226
0.23509770301507726
0.33478179311703327
0.3027302379078227
0.29093037393687304
0.29105789625432116
0.30101832300785003
0.30114269316051695
0.3019494687289665
0.30430082738855957
0.30425234219954034
0.3041963530733849
0.30459921603694523
0.30560713731283917
0.30541702282957855
0.30523139608338107
0.30547489566523456
0.30132438072866197
0.3008035106635304
0.30031453800502983
0.30565759697954215
0.3052720377849463
0.3049036833959139
0.3046512007669349
0.3227848049581156
0.3612811444159741
0.35164845159703356
0.31313614430227105
0.19140914401338466
0.17178392020191963
0.21813275562380466
0.27727922721250614
0.2375712503533748
0.15943367006014442
0.12179709414445984
0.11368432755251913
0.1048151644843812
0.10140042817077352
0.09750245891457497
0.09491784070086749
0.0920694321451769
0.08996520511683678
0.08807437360086041
0.08636069141080686
0.0848654911692243
0.08376346975262575
0.08082205511237063
0.1561075216295292
0.18987318090527833
0.18539125843951196
0.16252672864938744
0.07531883199076465
0.07860900421850069
0.07800772949150646
0.07750749870192541
0.07706218658356187
0.08161260233536513
0.08110805038703595
0.08036144898243135
0.07957324770025322
0.10968952847747152
0.19642070489617922
0.1693912763560071
0.16463165320676265
0.22025495843763027
0.2109335426263195
0.21824234629851164
0.21798820891064746
0.24079020613820462
0.14249392443199851
0.13687805029488867
0.13808454934067357
0.1686495135458103
0.17004395900740404
0.17181393291221111
0.17384066436969417
0.18000557327296648
0.18059920435925406
0.1816679113362851
0.18320695363255285
0.22326395540453295
0.2887478999319756
0.2498963587805212
0.19001754877419205
0.2442935361237947
0.5627347540207064
0.6115139409600487
0.6116823847339986
0.5940370835422344
0.5939084901454847
0.5728729946668196
0.4881250368233128
0.48736246435141195
0.28306780922357305
0.30667643852345416
0.30680754798477033
0.2918556628226199
0.29221721810643203
0.2925914239078685
0.21057840259462576
0.17577693117715393
0.1756652741636349
0.17555478566020077
0.1754432491993714
0.18416246937428626
0.2665343270477382
0.2917216592401721
0.2915427849134238
0.2904323509370646
0.29125053244062354
0.3037655463256363
0.2904811129568102
0.29020967893833577
0.28641174634844135
0.2862296651393559
0.2860391318339378
0.2875945042167861
0.3026355733986509
0.301988504609914
0.285337599914366
0.2904470634246645
0.2881107609716424
0.25784278811787326
0.18013016903479176
0.13185716607138978
0.12803851764854116
0.12684734194775626
0.12410855473643102
0.13326070278308624
0.21572749397530722
0.21251938355993816
0.14283816034908872
0.09757829114978067
0.09570946555973822
0.09423731203033321
0.09300481243952025
0.09046529962773119
0.08953654146364172
0.08874951431944268
0.08806681373023766
0.087214020777904
0.08655272383261271
0.08596585275258987
0.08546856573638074
0.085569736384432
0.08543175892681892
0.0854051476031341
0.08546028631414702
0.0852244705964785
0.08482024073976221
0.08435621483596178
0.08388203127258757
0.09102886599896938
0.09101794351538202
0.09144690553895607
0.19071151010543777
0.23235887596857854
0.23466442039381807
0.23165201858105727
0.22889747344181396
0.27224576579237164
0.2504809071653632
0.2573497617789622
0.27324450601634825
0.296196151346726
0.28402082050857524
0.27317503681492894
0.2692401583581402
0.2889841706725204
0.298015345468819
0.5879821646986397
0.5938535764472098
0.6002127671439506
0.5971799177980147
0.6063739194974442
0.6231260780225422
0.6134742781366547
0.611438987356965
0.6124722135877833
0.6150302804162099
0.6231651510833363
0.6239082201408424
0.6246847455728272
0.3581181384883508
0.3213104662241586
0.3211392287616736
0.3209687213126197
0.3208025465021833
0.303286138245868
0.30360516969838014
0.3039238489356594
0.30425119415745916
0.23941711188988615
0.19599426111083101
0.2978343611416622
0.29802548340025015
0.28615150757126506
0.21413460509219762
0.18981621028545329
0.20336756028949943
0.3058085897491174
0.3136408369579994
0.29797443505275373
0.2968495310641004
0.1915070810351309
0.18978383660016482
0.18884358511763077
0.18795191682175397
0.20345271428670003
0.2898001175520602
0.24459290038977305
0.18426134249240497
0.188630481244128
0.18920622137389195
0.1898045459208827
0.1904241899907935
0.1971942881424304
0.19782538618905676
0.19847472850575687
0.1991418310876929
0.18271844011614594
0.2558056690266429
0.22150369680134216
0.14674074469740728
0.13689168580486005
0.13257912499132748
0.17212789277272086
0.23804641462427295
0.23671366221749177
0.14415666890132103
0.1298259567792393
0.12670093627890205
0.12335804984244034
0.12027785572015734
0.1174083048396357
0.11486215695743018
0.11238445306896219
0.11020629671637136
0.10824892168976541
0.10643588340130516
0.1053670523266321
0.10410352371088717
0.1030077906733247
0.10208809516130431
0.10289806459474017
0.10161110642888012
0.10020380669238452
0.09877481610320252
0.10272489306897106
0.10185534315852389
0.10120217809544242
0.18544552921823615
0.22754732900396787
0.22618517544606215
0.23018515165791367
0.22446295937364838
0.278385903287743
0.32691846220089477
0.23859509874032983
0.23127897890685783
0.24635199479540817
0.1814204537751316
0.18543309370503494
0.18461878499980586
0.19578172654802262
0.19552025004632315
0.19716560346434311
0.18890759356159187
0.1921870678829085
0.19199969016908242
0.19185352261254726
0.19175207738238817
0.18838735999438494
0.18909897530804062
0.19030398905198115
0.19175943339964155
0.20549979351853986
0.2059208463557445
0.20634654436557553
0.20679125110662988
0.1901506847747732
0.19099013204061335
0.21468624797198702
0.29829010171297
0.22348266290690114
0.18943112988030406
0.25369325859623754
0.31047750748698816
0.2948832831355727
0.30269078842694663
0.3026872036414728
0.30268992953496304
0.2919658903752005
0.2919801773858079
0.2919877068460054
0.291991680058045
0.26480636589750056
0.18780026510379
0.19934343870020943
0.19927058225811362
0.186365202794965
0.22748758339994887
0.29199285647540013
0.2914763972669066
0.29096695357194235
0.2869436131732185
0.2865460422915667
0.286168954107466
0.2819558105396411
0.18423719362335747
0.18412831146859493
0.1840258229161863
0.24824037958933565
0.2952443954694466
0.26940475845349904
0.1714303175597278
0.1628343399629997
0.26480103769720503
0.2776794710355003
0.27790418731752287
0.25113447614765705
0.2509773351972207
0.24229695355025857
0.2328634105824235
0.22273064335257892
0.21890318240913748
0.2151801997246016
0.21339384349622934
0.20723678676244542
0.20424349650243886
0.20187322986806452
0.19991176986188736
0.11474481508958276
0.09224390470416513
0.09104024349348078
0.0899897824709361
0.08915521997940443
0.08784184070519763
0.08800240245937165
0.08585787360819823
0.08621971086047742
0.08493163882985351
0.08375963618353885
0.08265528781147068
0.08682096663503212
0.08608430969160762
0.08520523009415684
0.08428118887961526
0.0930574909509615
0.09405544539060035
0.12573913595183195
0.10813298422249489
0.13092379040973334
0.13078448879153584
0.1307275002090502
0.13082578752174576
0.15389013841423008
0.15469812420205292
0.28165558897607584
0.27225438287550063
0.2870864247900947
0.32428393062693445
0.3210761220737973
0.2996071278467723
0.3359659128135236
0.3227908742698542
0.3053346124000142
0.31999427278096093
0.30232631262211856
0.2892431120149514
0.28869980599291106
0.29017475742999554
0.31806104729726487
0.31858339825360665
0.32778502087728745
0.3283633843572425
0.31102043575897337
0.3111846371675706
0.31135077842393755
0.31151887867688915
0.30335242003975277
0.3231171812901299
0.32147624445232603
0.5941156104545398
0.632005240578525
0.6223723376088374
0.5838568747739716
0.5748345108426123
0.5731188583967896
0.573120213390411
0.30574611435357485
0.28663555094931814
0.28570437191201986
0.2880812493885211
0.29966359526675485
0.29963355729652486
0.3002030485632863
0.3013748532700585
0.3013428274813574
0.29660910013919256
0.19655628072053927
0.1929427345868844
0.2025620309884541
0.2410569441472421
0.3407358397142701
0.3088573578261058
0.5751700799231195
0.5678478483583967
0.5736856062956448
0.5730724817257338
0.2826191927606162
0.2671433840334025
0.24101326539449533
0.237521843630968
0.23669112882141888
0.18766768113962448
0.09267229671801795
0.12014462266984184
0.1951629972151412
0.18230165355421754
0.08039727878981923
0.07895116706600284
0.0779385695089282
0.07717249754024905
0.07326593142865472
0.09628774021330766
0.15251695507991359
0.16814080052007732
0.0673632004055914
0.06610034937698597
0.06532849563691906
0.08178472620474606
0.1749653485108144
0.13518368378541748
0.07314470606388637
0.08064390818579904
0.08880860793904773
0.0970689170590217
0.0986115918818163
0.10985981822453834
0.1219552016810535
0.2209077722111726
0.20833715057557933
0.18842571861493573
0.20640917307635578
0.21943828575017327
0.20885294783506175
0.20393659168787281
0.23607578945973434
0.23049906241377888
0.22836825156840074
0.2406749206705161
0.25636125903686446
0.25376129983664236
0.2588343181338498
0.2561977854103453
0.27454997232321443
0.2887351083882687
0.2828770302807945
0.28210381277261126
0.30041595316937586
0.2880832815974041
0.285804182662934
0.3141224645613891
0.31198471718275567
0.2883028504061349
0.2838015638951615
0.28768826403393843
0.332828153554183
0.324616865100037
0.32510145260116236
0.3256074612131767
0.30832615645070716
0.29994060951881674
0.3001877642653169
0.3004416715908792
0.28389699820762954
0.28461931702744525
0.30234125254467165
0.31267267938806864
0.3055244575612138
0.3060472140664763
0.3155938803191181
0.31613348273487246
0.3145960004583958
0.3147685022046664
0.2848990738056769
0.19140237029524382
0.19336713776637648
0.28597168832507286
0.24551448081264127
0.17963296116858815
0.18983944956259396
0.19035075668525622
0.18968497720446117
0.18903807200762746
0.19871007942289845
0.2900366318107531
0.28962524088649694
0.3030137182549589
0.30851595623474426
0.29081226899899665
0.202485844634699
0.20224520723119985
0.21018940520718615
0.2129872090605742
0.21611712702320865
0.47966563750581503
0.4591393334524269
0.4589615732959617
0.45878712224370616
0.45861627116756964
0.15612265707247244
0.13426911208305994
0.13295386624603367
0.12627043104062732
0.11679828473881448
0.11264204277034258
0.10912973741006296
0.12080691179275968
0.2070047377359849
0.15930498390241343
0.09586876254392625
0.09363720466792154
0.0906417620333318
0.08905277605532876
0.08776665667617278
0.08669674676408515
0.08552884674474284
0.08431161336404092
0.08311069316337301
0.08438282128953248
0.0858628763641288
0.08558958035569168
0.08539133985929674
0.0851982846551003
0.09009712267375725
0.08997504974751468
0.14973766122593507
0.20469604709915906
0.21454790822123507
0.21275424582147456
0.2228193059335419
0.21582993172581627
0.23944160904616743
0.24862967811212627
0.2552787605202533
0.2570984427617774
0.2906653631326321
0.22440230666194097
0.19843767441576426
0.20038742016236916
0.22113108392786557
0.28560556956525973
0.350767290247028
0.3511360500985735
0.353990232277506
0.35394528218700894
0.3307230705478341
0.32371499479986693
0.31685476928665257
0.3154121835141656
0.3163006607650296
0.3169105902323928
0.33274685367911083
0.3329495746830682
0.33313520677598585
0.3333459477779851
0.31614933587474014
0.31650921891459016
0.31688177519591026
0.3342360729986837
0.326055455700232
0.32953522829855486
0.5984807681638368
0.5947692972358001
0.5979384921844957
0.5983702313961804
0.5988151889013053
0.3319013598399047
0.3024734566609766
0.30205322266169937
0.3016373378091523
0.30123000875842376
0.31152614078340163
0.3522479153019259
0.35206195655169
0.3518900496361362
0.3519402478140151
0.33008697861328534
0.29108212695117747
0.29060603929512263
0.30005595431248944
0.29115582520106614
0.18109586990077375
0.1810021948576424
0.18457017780186014
0.18433257510620363
0.25713687928028206
0.2894215512707346
0.29561939803728016
0.2956490039591976
0.2956626155268199
0.2956672471429513
0.25261255617794925
0.25260146276245615
0.25259848260087336
0.251025212742924
0.22863588204306542
0.22359180675957213
0.21998229033584293
0.21725329967085488
0.21342662049498998
0.1118576758273712
0.10466278168442669
0.10360601445915076
0.10334544914894749
0.10126002065711258
0.09955573470360954
0.09816341171342342
0.09754840588486247
0.0976032140484256
0.09817995771389455
0.09912342092871601
0.10012233393145714
0.10060140192337523
0.10106499553744404
0.1015740925743668
0.1028483017123274
0.10180726436039894
0.1003648193103092
0.09854498867025697
0.10285809919553174
0.20614427621603879
0.21213561347615795
0.20893251465006948
0.22189117788422827
0.21790755744295284
0.14729324779854164
0.10738575539756062
0.11795261697840036
0.11736014037007407
0.15167900300244128
0.23309610259250307
0.2963693423533172
0.29345418133691714
0.2812935367762442
0.2760446328047593
0.3067321360176112
0.30699686717124264
0.3051722087446043
0.30608770299285964
0.3108605510079049
0.2785094453854395
0.20988777343098053
0.2118305485827312
0.20935739033448578
0.22082832832409674
0.25369072597710157
0.21484093478172867
0.22803845857516689
0.22843256846011323
0.2384741559134154
0.3625216330652496
0.35505679595015244
0.3158672379248056
0.30659146883926697
0.30598001654213536
0.2969527467607421
0.29713788047389195
0.3142987539983819
0.29876760737370706
0.2904909705599414
0.29939717814844113
0.3026280212125154
0.2866649904717968
0.47193799420355403
0.46920681622904975
0.46913259518783584
0.46905928717610246
0.4680000218409833
0.20288609673240196
0.18364212467857233
0.18349314456659263
0.19546463150451052
0.19644009419178177
0.18331702081227833
0.27614462235215775
0.2885992946657574
0.2850014101595583
0.284989760144143
0.28499272521557917
0.28880005147773313
0.27304927930607004
0.2687314737915394
0.2793476294005068
0.2642330753562949
0.26021171761706524
0.2772500577481181
0.2775949361271749
0.24212865280841764
0.2386426199183326
0.23625622029027046
0.2345004888643765
0.1426982198496038
0.09914961644840427
0.09216764414841112
0.09004744168437752
0.08626659846378568
0.08430344382423091
0.08266869241490166
0.0813188494068495
0.07926591636846794
0.07780850187218016
0.07635190008496938
0.07491986995114598
0.07374361996927757
0.07303683988654047
0.07245418280283641
0.07193286035092895
0.07130503706105877
0.07007052628075046
0.06871086371052518
0.06727240926409771
0.06890207953735501
0.07465922794508102
0.0767981880030457
0.08086972400674379
0.08712599872306986
0.09011135075341062
0.09394510846588097
0.09831587538464087
0.10834764090051366
0.2085314529634041
0.21694482154090053
0.21141821911789732
0.24064521382293907
0.2368186829359874
0.24494019932925887
0.20943887720587828
0.20567530543293558
0.20705617509621999
0.19681971571196633
0.2686078323902444
0.2742263591425961
0.28385354948173835
0.29040993249489877
0.28599515108476575
0.2899327515805971
0.3010883028761907
0.2926288896059774
0.278887499588322
0.2880083405574963
0.28212562922365314
0.30177213425638266
0.31790926506213263
0.33215928267870076
0.33109216977716194
0.3312167036059869
0.33136354891477826
0.29074919850096315
0.2121237174903831
0.23414816762915255
0.2344464846426818
0.4908810271490229
0.5922647619956275
0.5578791555983303
0.4871872980385209
0.4808472286115862
0.21763397504766657
0.2997882030676297
0.2751868805175523
0.18342706658019176
0.1932309071011026
0.19320327912291219
0.2924797529143789
0.2993157456538082
0.3014711583780672
0.3181988497924638
0.30222338690785905
0.30136614661159294
0.302322913748494
0.30208968680984905
0.3114882816838047
0.3505727631001647
0.33728285894286664
0.298774600692528
0.29876811471944115
0.2811137512939025
0.29438102750357414
0.28362463249076175
0.27858567854650435
0.2660419458326778
0.26490056504860277
0.26968462510800284
0.26651942211488516
0.24527201893170547
0.25393809566950554
0.21885307041486063
0.2162403370617956
0.20739226009149067
0.2000839638978139
0.1962128593058257
0.19409830015763085
0.18720941960926082
0.1855233668421779
0.18421531130335936
0.1831062652697739
0.17124500102342716
0.07325293348554944
0.07241551226214649
0.07162735604535077
0.0693910737537079
0.06812904358050609
0.06686328856856225
0.06558509192927417
0.06479241798788905
0.06540479847726881
0.06873187366162611
0.07016902074959191
0.07357166185865918
0.16062277714898054
0.16815933364109617
0.08659656171473532
0.09262434855228045
0.09454818644949603
0.09224342547146512
0.07431168060050207
0.133169744524109
0.1946741012325393
0.19205973169878526
0.19417262264044893
0.2187301675356247
0.23311523989945432
0.22555138691055598
0.22214230446996597
0.26533724731203073
0.25873344447203417
0.2663639962008684
0.271071895323404
0.2871965292383993
0.20151721915565066
0.21130920890782356
0.21517886821840426
0.46961915011469774
0.46861552007584967
0.5164805174571532
0.5789563149681829
0.3026155781765549
0.24628794746609597
0.1749067711315056
0.175099938975415
0.23569817125446665
0.27008218944266177
0.33288507580550153
0.33308120818923687
0.27765019804527313
0.21309784658890873
0.23471842407651453
0.2931344516981282
0.5946346286891829
0.5641484549066268
0.4864346913797015
0.48642864510130923
0.4801618876281966
0.4711562786262266
0.4881353631992778
0.2219840900237378
0.1742980333088016
0.17301323543749209
0.17292545984223923
0.17283008965206245
0.1700126442848454
0.1723005236128652
0.26668504396582765
0.2892286580631709
0.2752732204547192
0.2761406209265891
0.22059671052813112
0.17024434626206714
0.18305590677945333
0.1794426497092734
0.1794303365291855
0.19710566392179008
0.38219411802142816
0.2408759803157944
0.2515792223957513
0.1677283870105416
0.1603062554546798
0.16198752231815533
0.17367617541201044
0.18651152287930264
0.11278337367637035
0.11007979398657526
0.09475524982089235
0.09300613886634046
0.08045363161222645
0.07857321229391068
0.0772276904586907
0.07594834879653972
0.06817994853634705
0.06797145703978505
0.07379622849066482
0.07925123508280192
0.08620433242221634
0.09341975294078499
0.10050500933930441
0.10736642374918492
0.11384766643730845
0.11976514137149509
0.1251315196909093
0.1300838057133269
0.13589319242921846
0.1415101902596432
0.14719128883065524
0.1528471217396647
0.15960920138145127
0.16646527421260995
0.17345601498934896
0.1805729885739954
0.19019531212938037
0.19335591757260784
0.19668512682472375
0.20010253809928835
0.20527336360509946
0.19922663359680884
0.1794728506173591
0.1643373336186732
0.18994876293044136
0.2457758478534412
0.22991380501645042
0.2407512406227897
0.27994278451172744
0.2969480044520465
0.30639738051672816
0.3100886782106911
0.33202226251885225
0.2846043870632317
0.2958097226973544
0.29897431996080026
0.29866353863599826
0.283752171100524
0.27356458752310503
0.262037623070509
0.26279174516332204
0.2639265446548827
0.26830990437027263
0.22806165918919852
0.2088974403266219
0.2066151087457931
0.2092302622275159
0.20943066156705945
0.20045202962094066
0.26989696563450966
0.32272397420907417
0.32384994191400573
0.322884165086531
0.3227943623867671
0.3227184649081445
0.3226352760226144
0.3084137424787662
0.30721890648788924
0.3072137827783369
0.3071974054904936
0.2874039824120069
0.28733348045657114
0.2872466764210099
0.27733756544774063
0.2744337192865375
0.2766859139802746
0.2766625256521902
0.2882494907543198
0.2875231490179235
0.30566470473525603
0.2995210410748716
0.3497122950806853
0.3505127663685948
0.34690965266529405
0.3469297495559157
0.3373151953411765
0.42280248127430403
0.3100413210661481
0.2960132685659251
0.22924485558267224
0.13533883436348565
0.19423261394743685
0.24457845895304323
0.24327607652971733
0.221604271548614
0.24140703385091963
0.2107203451107738
0.1818112105912495
0.18236915742389492
0.17642056824052685
0.19741570873644554
0.18882594537901787
0.21212203078018121
0.23096469813200574
0.24556786594049979
0.25698851373791076
0.26712524611465527
0.2582776325103407
0.17927358902387483
0.18690263825075876
0.19451242120708934
0.2017615982606766
0.20863989895914636
0.21519253288813395
0.2210190438325846
0.22553109568525806
0.2292889786793547
0.23247907638167556
0.2413202680959657
0.24713758292738397
0.2520438624043242
0.2561584693662267
0.26167523497103307
0.26329107558052045
0.26542997349673303
0.2679445865438924
0.2645285049644513
0.25601382747603063
0.2504391701262663
0.2474004788987736
0.26194962388428905
0.2570226208394874
0.2585869253475559
0.2789779642741204
0.35095176337457246
0.3418367017770678
0.3285440084784426
0.33272654566848237
0.2823217706462381
0.3052928265104373
0.30293141461019935
0.3457735247328987
0.31962858860145843
0.271471933920101
0.26763214817838843
0.2653516578266754
0.28037598102532135
0.26631857881617726
0.2792568396117791
0.2673936967391921
0.30368082568960114
0.31261411662353605
0.30032471653479
0.30215627947784185
0.2813565076791382
0.289751111279858
0.29101003694160604
0.28064454580788273
0.2685585344723641
0.2667308774643659
0.2672477902258933
0.26587645735616267
0.2694923620489155
0.27212624290575116
0.21706270733093105
0.2136762780752367
0.22570621158037144
0.2255048412374872
0.4723847690823614
0.46835656159518224
0.5561533858956612
0.5751949237135475
0.5751091862908135
0.5919930661939644
0.3248413568341248
0.30287714704897245
0.299360856668877
0.24941863321350227
0.19431583667036614
0.19169591538207656
0.2027338577272821
0.2987698993995652
0.43691501637608404
0.2798629306516391
0.22504340788624114
0.1396949104198939
0.12812884810494982
0.12817406927886263
0.13913408722410475
0.2364955449749208
0.17898096261151142
0.08406600434855788
0.08658510775677511
0.14019582353939344
0.19573641919865858
0.20097043178157553
0.11674605379440453
0.12718879788001933
0.1361170447938687
0.1476662430867602
0.15908837265053136
0.16961033489957192
0.1797548101180466
0.18980982983598013
0.19940482488900305
0.20274560700596578
0.21175756156431108
0.218215349939948
0.22254602455392933
0.22525306604451295
0.22859038083880961
0.2318810772375647
0.23566956232158093
0.23981700382536206
0.24515399593508444
0.2481753415435463
0.2508586154553042
0.2533113427352488
0.25821898386336806
0.31732068820339027
0.34089455383320316
0.351873553626169
0.3154897168946641
0.32548244704875384
0.3260856339828494
0.30518311120802505
0.3290885262652905
0.32069213756123194
0.20776443216170593
0.21131157548611976
0.2355750726782568
0.28459038242556556
0.31453661560565005
0.31980080591664245
0.29871695072687293
0.3020230678360745
0.3130559654843935
0.3009363246820479
0.2435135711081158
0.17162017309948402
0.2722115276007639
0.24190786970741754
0.1657228644709017
0.16337583460979385
0.16091468266172151
0.18241072781570372
0.2605212275607571
0.5950070968546513
0.6661790571815984
0.6662772826318749
0.6560683588138989
0.6187609545088966
0.35139324451664006
0.33231744774612715
0.3059323861247465
0.30018345692525206
0.2126495540207946
0.3049495589192497
0.2983177172980288
0.2339867356313887
0.29835672593830864
0.3152335604446819
0.2886731000585153
0.2873936615955188
0.28732626685903984
0.2872465827881286
0.28626175070542903
0.2886019563418861
0.2273292380566711
0.2320495270486158
0.3005230558930801
0.30122768898002905
0.2116967900028636
0.3060160660350702
0.340974372708924
0.2988251875289174
0.29879513723552004
0.2955850368868373
0.4401021909365801
0.2641580119341806
0.26033133297065625
0.2513211112624718
0.2753611487107318
0.30273510954411564
0.2402362466457264
0.2180898007787719
0.20237492871346138
0.2004057590427183
0.2050542670567202
0.21025469133475874
0.20617991095049334
0.11732355824464391
0.12035226529912293
0.1329659504317919
0.14590429129270086
0.1586381787284869
0.1702260331685019
0.18089155796701106
0.18953417177516935
0.19684262314455925
0.20273018071592486
0.20752607040640297
0.21317867087000175
0.2191990957336508
0.22543715263356262
0.23180314975865654
0.23763022562300437
0.24221199816473774
0.2461106054747637
0.24950828588945084
0.2539129430464728
0.25585055163891623
0.25725330103544
0.25818743411334855
0.2613108627754549
0.26108010715772645
0.2617175925624813
0.2629306479322223
0.2680495344752286
0.29014701590801517
0.32737212934978865
0.3395631697330968
0.3433747507771666
0.3514749014637156
0.3456658565699957
0.25718181786148686
0.29496959331939704
0.29030524552982445
0.5379306692353646
0.5099675089762837
0.5094743942046022
0.49167953905406003
0.5261335675490366
0.2884383359326545
0.28240281353272695
0.20462156644251087
0.1896359984473952
0.19086700113434887
0.18109695122426597
0.18831090418340282
0.2844119640896466
0.3025355202337271
0.3217259884430898
0.3314718263167496
0.3315773287674505
0.33167204518013266
0.31258853741255016
0.30918588787388773
0.31017806771611217
0.3063106172790272
0.2206357397900273
0.1873699334879291
0.18815337478696498
0.1867768053336864
0.1960919112617842
0.30039799632841313
0.24622223002137567
0.1819715612172506
0.17066073298916562
0.17001812827336932
0.16892534525305525
0.1672743978081596
0.16473766777825144
0.1644687479376991
0.16300593400313462
0.2557166501542627
0.2694151479615011
0.2654361961156974
0.2786865829413261
0.2790919729016725
0.2853247361358919
0.2821554561051409
0.2818038328875289
0.29141300605762777
0.44988457209952376
0.2992307756829979
0.25171252799387933
0.2924659430718049
0.29701056967631406
0.2796031350669594
0.2319496831647905
0.13051201707309978
0.11705471951237542
0.12279810678050598
0.13785223995600668
0.14996950317445049
0.15369037613263933
0.16886368662483103
0.18156396399272542
0.19229592252800873
0.20216149288350066
0.21098156803768184
0.21807897931501527
0.2239209954499875
0.22929397554565956
0.23450046548046388
0.23915145833095122
0.24334217558214144
0.247475585441679
0.25125451778768265
0.2546742058844444
0.25780465492655336
0.26129835815453356
0.26426347196426303
0.2660288441570191
0.3373490801392115
0.35516555140281936
0.36671615235236404
0.37561135381290445
0.30708261941675496
0.28287865029710024
0.28378001751341736
0.28428600399581194
0.2846626440725888
0.2915631348291975
0.28310607724068854
0.32763391523489654
0.3426344889706794
0.3156399014103038
0.3332543577803948
0.34959275002594803
0.3221378758580262
0.3663659774428422
0.3719418749507367
0.27065179776671466
0.2871022066701741
0.33296644761917993
0.3066517827656709
0.32659193262550223
0.3301039909741265
0.28834800664589283
0.2987020986646297
0.3001510273660582
0.27986658779708784
0.28263454613473105
0.28284665391579566
0.2844693657112923
0.2754842185882808
0.32522226682865923
0.33175120749017306
0.3308880719124107
0.33203714771941567
0.3124145565421496
0.26891922955204545
0.2061483505283647
0.2066199688455008
0.1970184733389623
0.196933921351326
0.19675556341660164
0.19668715251611807
0.19070419642854525
0.19313423499518015
0.20255412737151213
0.29320711260005894
0.29788557402390686
0.2977040307228667
0.2975104276446095
0.2973335312216321
0.2864573389010639
0.27711333908615376
0.29395854251220377
0.2896878982977018
0.28448870496065753
0.26206979295104293
0.25504365161551135
0.24970870418477098
0.2348444795591727
0.16507015387072652
0.20784640913923166
0.2528824051403866
0.400571667602361
0.17235223513917017
0.17633218303593792
0.23311516280772007
0.25150842443444604
0.21797013285411132
0.13726732845491962
0.17893186502533084
0.23132289025797317
0.2296837892133561
0.2389210190019642
0.2111183445970858
0.18543535133075137
0.19577761021842724
0.20926446518210923
0.2238078342028337
0.23505704569294816
0.24979633219592232
0.18850141167284948
0.16912127602379848
0.1797131762086486
0.18959687750999374
0.19855127654809923
0.20677108250586085
0.2139830281884776
0.22014886967534297
0.2254396946603594
0.23008587514352802
0.23484950052080594
0.23895878320678254
0.24284415713423793
0.24652728586570508
0.2513606851895437
0.2538652334461571
0.2559574767433028
0.2577101921866842
0.26117534242215346
0.26082715689488384
0.24520442139455775
0.2184952220004845
0.21854243992833497
0.21810532982662825
0.21722053216851178
0.21452646792475524
0.22581160441058892
0.2283235895317535
0.23143001572562547
0.23485873120412318
0.2642702540694843
0.2596090580008762
0.25278268031877754
0.2994335196156154
0.5932865944099976
0.5735959462475944
0.61762583213673
0.5971953158928682
0.3198656715557486
0.3096544156301851
0.30372061825338253
0.29473797468255936
0.2882441960071847
0.29548364224316154
0.2815204920656192
0.2905195136884333
0.357435983810618
0.3419219102649892
0.340924063401562
0.3411700264012264
0.3237756485834196
0.3239558221895893
0.3337667548841289
0.3724726064612294
0.35291590311104354
0.3142890582522213
0.3141673326264297
0.3140469561222042
0.30845932209316484
0.3084559605881955
0.30846535699613714
0.3084703366637847
0.2982621920372927
0.2979851159169291
0.2977172376705881
0.29746009617919267
0.2983321649582832
0.3007231166345015
0.30069840370074596
0.30070605007238715
0.30105684952690603
0.302038551113442
0.3018907984495555
0.3018612414942527
0.30266164237951
0.299052544011912
0.2990362567872581
0.2990203136235678
0.3590181397757903
0.26665140694053535
0.24375354715779154
0.24381295459770003
0.2826137973173175
0.27235802186087205
0.23902283036144548
0.23125693691430327
0.2162045912364866
0.21968876402832427
0.20080930489785825
0.1976422191265083
0.18450591465991356
0.18241886128499882
0.17626056147561542
0.1747205715031747
0.17637515039650545
0.18366465059383844
0.19158948406574106
0.19981769147575307
0.2080538144514743
0.21639920788581918
0.22435105902511243
0.2088066125504941
0.13483862440514377
0.14383035584843176
0.15317727540435416
0.16276771564174417
0.17159407534300783
0.1789955492432633
0.18552543090690013
0.1913585047442547
0.19836104960738257
0.20310068207046064
0.20755991547227354
0.21088296444424065
0.22051511550323408
0.26884899254724753
0.5328788089153991
0.5325820040984719
0.51330681814046
0.5125790708544183
0.5102764257991966
0.5190176242193193
0.2614183057299055
0.20892271607009819
0.23211233773317838
0.25055401800233945
0.28421529513587995
0.2896065514776296
0.24957122810722515
0.23719157175713068
0.2745751518129534
0.2785640735989262
0.28441345419787195
0.29973072498882164
0.2864751481855747
0.2822155864948794
0.2821636253686415
0.28324663075551293
0.29138310199930717
0.3019063689537758
0.29906407503268967
0.29849052199934367
0.3411809197404375
0.34144912347220446
0.341714917263969
0.3419914730485523
0.3246063104636472
0.3161785185600461
0.3163872312506398
0.316606300744171
0.30769241151464205
0.23987528521565424
0.22043087711082493
0.22235637894005267
0.21638180162264403
0.22570536640956668
0.2090447603864252
0.21148154885076853
0.23006838826009746
0.5931621644606477
0.5906685995956756
0.5908185634853168
0.5478826098145568
0.5553662191465637
0.5912340231268416
0.3283731682167339
0.2922206539581616
0.29163371063151217
0.29109524119888613
0.29059651793145164
0.2901413550400407
0.28618522642204586
0.28586181321838283
0.285565985236415
0.27363224669447694
0.27360976354293526
0.2552975441189316
0.17868879099314178
0.20599504553017775
0.2685723735216303
0.2650590738910906
0.2508959119925403
0.1284291551108699
0.12486252751148835
0.1855992929222122
0.22453556575595826
0.21568922195409518
0.20821086308646813
0.14530764148410713
0.1660958394545347
0.19981125921110354
0.1951677601715158
0.19707174368265262
0.19267907813617238
0.09891144216516153
0.08024250133964132
0.0802469569979214
0.07779398155818243
0.15500296231828523
0.18109388748894786
0.17875895780912715
0.13139175662366173
0.0729094975724647
0.07194015802531119
0.07098935383062414
0.07006454024376917
0.07121812876750733
0.07043456169568064
0.08538572766191102
0.1791568178708366
0.18088349965787384
0.17926586305054046
0.10094236447935497
0.07837674748600743
0.08718490832249849
0.1318822165890195
0.19880118246278214
0.18608416396669986
0.0940463810369274
0.09365954365591882
0.0936205470720851
0.09383275649491919
0.11667548990807135
0.11740560801095414
0.11826364101062928
0.11920453209495509
0.14905477621485394
0.14967790253917704
0.1526101369080575
0.15400692310641434
0.15961963256130424
0.15227125221489052
0.16297230600363796
0.16444011801000433
0.1865549113695125
0.19388826667606657
0.19807389468237932
0.1758597537551145
0.20991147740335098
0.2102242411827264
0.2105447706445902
0.21954489338387478
0.2933325068244559
0.2905263181149736
0.2906554221045888
0.29077312825772866
0.27555651554042493
0.184934463345235
0.19325275841669742
0.19324975909828968
0.18593309882186743
0.1855975013869594
0.18527501574901245
0.18496338285535224
0.17332291848493647
0.17323228808623237
0.17314372828875596
0.18288945831167178
0.20845080253035395
0.23350930816097754
0.3111101866474103
0.3376424436922536
0.3270530919523281
0.20587614110616667
0.18677912024276164
0.30193248004939277
0.3027374559840487
0.2991311533501458
0.2991379571022157
0.2991323048494396
0.2748560817491115
0.2836507598146144
0.24272588818159274
0.16992528528791778
0.17734172084027144
0.17691949662602266
0.20179031392413335
0.2076924363454039
0.1915050969988522
0.27804588131164143
0.27822384276919115
0.27696826517268086
0.15244454454704343
0.13360750050063844
0.10205713888807026
0.1388205405295508
0.19507839286361137
0.18926741449722786
0.18895589787760012
0.18463561349460855
0.18123365756965995
0.10192179222559793
0.07195930692101761
0.0703738587006711
0.07063481752594242
0.0686493280826628
0.06734645990067024
0.06637973945196171
0.06930985690177854
0.07393835041643478
0.07868430997384569
0.08374592639149979
0.0905421839298952
0.09543512369969676
0.10027552313326345
0.10500928318138189
0.11162282793025505
0.11444884392110546
0.10278080600348527
0.09426418867356337
0.1068785466458269
0.08931913535415606
0.09263351924549934
0.0931728413819691
0.12161669743825318
0.11233235089278808
0.11206823923076653
0.11196864753147519
0.14550245086835598
0.24580791927148327
0.23402337971676818
0.23157010809289105
0.2193593530760274
0.145347278588578
0.1460029096179785
0.1471546891828319
0.15160932875175914
0.15289146903280562
0.15605041942733489
0.15668876020235664
0.19177520997781788
0.27149404662581084
0.28129795752483816
0.27794695387455526
0.3152479628447574
0.3155047122570944
0.3157518020358637
0.31602958458729824
0.2985273536235735
0.25884973701025715
0.19295910634043043
0.20156839388745504
0.19234614912611414
0.1956819216456036
0.21741940327540765
0.48976669091318403
0.4808382516227544
0.5567229984589253
0.5875948744040677
0.572347213074653
0.47987947760314964
0.4967429686749888
0.23047985491402156
0.21129311972385126
0.21194341462023567
0.21414213306822127
0.21394093026328015
0.2137454381572788
0.2808325927595509
0.3036591863301152
0.3022308509584211
0.2254881937450006
0.1972871171553162
0.19367049346832257
0.1936599238332864
0.19364781852589
0.1970038503267018
0.15549746245169155
0.15262145832960494
0.17779196253040205
0.26191830749333866
0.2141443012053032
0.155688897582195
0.22565072822688442
0.24274969502124213
0.23075825588913473
0.22696327254839976
0.23658661066633271
0.20771522892651428
0.1964087894666923
0.18829045556477167
0.18590622333586743
0.18178031133098912
0.11726637087303064
0.07157742290517378
0.06924823104418004
0.06708422508909159
0.06828335394063878
0.07321205951316771
0.07677743929127373
0.08316142494414902
0.08970406055846825
0.09647112126750274
0.1033348919760649
0.11077047608700964
0.11777239030021065
0.12463479371302047
0.13126426698025828
0.14034101498309262
0.1482029605685153
0.15667845846549
0.16557160589604247
0.15967948321446776
0.1370165052985874
0.13500501554662628
0.17200134179053836
0.24089232757191248
0.2503816133864267
0.2020947444512834
0.20143955740062197
0.23514786655907144
0.23919241562444749
0.25377969288123936
0.2555628673777041
0.2590982206581665
0.2564329648929211
0.15981154077879145
0.24888767929523928
0.2667651990043617
0.27216914082013866
0.24215573759906045
0.17012140198922424
0.18152134637615414
0.15988564727880003
0.1580174894153649
0.1568350561665627
0.1532036463052986
0.15406562028651755
0.15530490557162469
0.1567025716648002
0.21767431407701734
0.21630039426426975
0.265143004532737
0.3325285157870666
0.26513872224298607
0.20902393251981236
0.20881961544701963
0.20862445743803096
0.1969173860358949
0.19597873749148556
0.19523431885512954
0.194816708663687
0.18856893746747153
0.1889802174589213
0.18983494190545924
0.19098810505558286
0.18191837479949766
0.18183814332230797
0.18066319592000082
0.17931949648599757
0.24595739481496348
0.29591872511239187
0.24128664069576541
0.23003231887355058
0.2989677666984592
0.297400577388074
0.29219182648926284
0.2890794011595437
0.2941237833630175
0.2959159846777986
0.2950373634545757
0.29146792600378185
0.45052505068472465
0.29127973332590135
0.24812474921740627
0.19927839284996912
0.15074068140617544
0.2647091748298851
0.22409893602266648
0.1975451478694891
0.19503283109229783
0.20703243032576193
0.2119697880891759
0.22404818511973176
0.15622925428426993
0.16674363401880046
0.23094816314545183
0.2480636791489415
0.2631404181342169
0.22060591069344637
0.18143305191816436
0.19046654240537897
0.19761217926576083
0.2036657434148267
0.20862582566042912
0.2128450688973488
0.21720625698289814
0.2213850296830337
0.22531966510311546
0.22902189386858685
0.2329679066115366
0.2363177917862782
0.2394837784972335
0.2424827641007027
0.24732977960166305
0.2504184910853262
0.2536108260954072
0.25686241113480834
0.2623969352396718
0.2636958629475115
0.24983558063737843
0.2249828535950074
0.21311512368187294
0.19079237504986885
0.17858026488455087
0.19464938951163013
0.2385690999417763
0.2660269828794751
0.22732882319926725
0.23547973129981337
0.2908354053168369
0.3135251234654262
0.32237550696649814
0.33283543860237697
0.3363629660154158
0.34250940501676813
0.3424817069862059
0.306691341859931
0.3399603586078134
0.31079632368932636
0.27020486309289177
0.2733291085593054
0.29408166456397167
0.2550732867767529
0.25873237351524286
0.2801977660384878
0.30475269729163434
0.3023849576579115
0.30147965270524235
0.2980939139261684
0.282546379972492
0.2829332662848438
0.2814308773292941
0.305501986493021
0.6010490062550419
0.6009474550174878
0.32445742506233577
0.29737521446020204
0.28870968555554727
0.2888850358532911
0.2177228904243922
0.1859640652879133
0.17902223079509708
0.17831665406556507
0.25666039299053245
0.2824020245357397
0.2765642384343796
0.28854087130856043
0.2874148976751082
0.2730777856741809
0.1794231309829569
0.17864937529737318
0.17744469591569764
0.17807504454845213
0.1950949857474172
0.23529440127378703
0.27162178020666744
0.2900420119847625
0.4338717884143393
0.2818961549995193
0.23332743830930056
0.22508504303318974
0.23934680393466692
0.24039955043316574
0.2115284942204321
0.1105575360897911
0.09840256586659926
0.11639458682275314
0.20499670315084312
0.20034259783784467
0.17905567899298286
0.20306247963327057
0.22693439228893084
0.2389045585935252
0.20987710748407185
0.1670499179160231
0.1804916199257418
0.19230555755613077
0.20252918336634645
0.21171824179241022
0.21972695974530443
0.2268493763799813
0.23277407583860996
0.2377510092023799
0.2421234618405986
0.2461472380075273
0.25105946536229373
0.25575820031271673
0.26047860836814896
0.26511323755420585
0.2708322623013424
0.27427924396027914
0.27747596854062145
0.2804907495536523
0.28501937464960486
0.28559173993107917
0.28656501250243976
0.2878256886709415
0.2930479886948688
0.2909906046101441
0.2928025035662855
0.27358355310657967
0.2756679505530392
0.2710893063787361
0.26673063158401017
0.2608821726017979
0.28309420402885394
0.31986704767995006
0.35289311294535614
0.3458969510456749
0.5646205582136395
0.562802851946419
0.5616442900162705
0.5590029734306408
0.5554574163735262
0.47713609848523725
0.4428408224842104
0.44502988776554003
0.1784616018471429
0.16785927243670845
0.1714924110428636
0.17145266893294564
0.20826930733059903
0.21270443287653176
0.2113204316440809
0.31875069767155784
0.2981628147853862
0.2944159457557384
0.2042432286246067
0.24649226426113444
0.2872319652891127
0.28212899594537205
0.28168885161217344
0.280318233696483
0.17087591556645088
0.168084098908774
0.19265457858640203
0.2822082409421729
0.29513146747133034
0.2963006210352943
0.5005021031678759
0.45957579365711504
0.455352183332199
0.5587603845840995
0.5595415579130067
0.2833155604807042
0.2761636674996837
0.2713307196427023
0.2807443479530739
0.27796055225924643
0.2850829704612106
0.24286460432961332
0.1777826474802863
0.17474542750436264
0.4111118740898319
0.3009392937214268
0.24571250562221753
0.24068603547800826
0.2592062566043082
0.2536581399017755
0.25108347828179645
0.21283422273878283
0.196753984849732
0.19888947226504394
0.21678900011763036
0.23805678089377458
0.250893487315857
0.16814991700693488
0.17760397566564118
0.18916952396907707
0.19787800092550148
0.20894451019804236
0.21824900244931436
0.2262543058747439
0.23230044829295482
0.23956813979774655
0.24587605784389854
0.25178598620909126
0.25647851659412046
0.2606030735827203
0.2641535066223306
0.2672923974623148
0.27045744221286594
0.27295509233230014
0.27528454751898823
0.27748998761567856
0.28146426872654806
0.2835891772948078
0.2857948597992754
0.28803231197491763
0.28633534982299796
0.2888012889030536
0.29157837457909924
0.2973502652231244
0.3023254724702104
0.30100352283043985
0.3007998341419616
0.3015578528816009
0.3762608175830345
0.4184696199016479
0.3128583315510672
0.311369644484823
0.3377581868984707
0.33168994044325956
0.3254148258612388
0.31732542340769193
0.36599157265955606
0.4360521088714258
0.4460263718745485
0.35490528607893745
0.3410055529619534
0.3366159502220535
0.3148811492964345
0.2959765567721398
0.29837646698814085
0.29524213508003544
0.28550998220938545
0.28322409623467926
0.18337507764039995
0.18464640445367794
0.1809682508184158
0.18695085751276216
0.17079000073928652
0.17002705601915238
0.17959134900229648
0.179896375547105
0.1702504658115745
0.17009200246692427
0.16991736664058946
0.16982707408865272
0.18969277694160885
0.31022270940982016
0.2989464604944914
0.2851477183210661
0.2743276396047106
0.2698094851495284
0.2678143585647262
0.2655544439456909
0.25808551788334594
0.25762372485148494
0.25648100961453824
0.2818965863227336
0.30034685371788844
0.274915729403669
0.2009028229094914
0.2000114809884014
0.20879184552059415
0.2735774267093328
0.22305036100208567
0.15933047916852833
0.3797297746491379
0.2849524552884587
0.26024731546000024
0.24119425065374234
0.26289942765817365
0.2532818519234787
0.25249633932697296
0.24969032656727622
0.22669530119158837
0.20424679721926245
0.2268416449913037
0.16569536771427074
0.14411981713579314
0.1632204514044899
0.16385686685269216
0.2784445162909229
0.2576812820456845
0.20424865448845447
0.21906014577791788
0.23130902076443077
0.2386985128951022
0.24542902603216882
0.2500603554542825
0.25335245559377484
0.25186187136979526
0.2578690318906794
0.2636509747243524
0.2691772101444755
0.274087914369371
0.27755418864066594
0.28014173914128976
0.2821321841182402
0.28607474311070136
0.28835940247698216
0.2908743550378473
0.29355709036586225
0.29792449823635536
0.2983922442513574
0.2992753834804534
0.30045357468212053
0.305324654626891
0.3634874047749683
0.3633867627796625
0.33965511411040283
0.2955389322575662
0.2911535229447297
0.3137908448563604
0.2789095894242356
0.3463762687195727
0.3281038222797481
0.2899573324538224
0.3061244047318389
0.3408740732705826
0.33356089149559465
0.341179121328346
0.35102371309941355
0.3166790759476962
0.33031258249770656
0.34385059927372325
0.3445680663305261
0.3312846658402325
0.2882858145261182
0.27009341513177587
0.26753797729636936
0.33129114991533415
0.33130450089734953
0.3238786670087815
0.319994654496979
0.2845967601962798
0.2751776872858956
0.28169841607332285
0.27870617735906605
0.2674334092903372
0.265894864419945
0.2648596675029656
0.29909335983358804
0.5779399932675494
0.5691363363145697
0.5565947009285547
0.592214346644384
0.5917751705779625
0.5748385282861216
0.3038597853059723
0.2822178098869684
0.27532166267215663
0.27160222383075777
0.2796768046250664
0.26782928829267033
0.27301138467755626
0.27530259559039705
0.27278483708525486
0.27717781238186706
0.2803103741066151
0.2771011841298464
0.29084742870749475
0.2812172579919589
0.4246557024126746
0.32507935201887694
0.345491998244553
0.35223806336290286
0.33276231709975096
0.3353507566528283
0.33381093159065023
0.3304127025523333
0.3050514100175149
0.2593450068735703
0.2561759315229818
0.2797839957951085
0.26066512357488186
0.2893707007624479
0.3108043485941111
0.32702129523337914
0.3402834151642807
0.3508635487556813
0.35856841973026965
0.3643058318921065
0.36906747606405416
0.3675479750677418
0.3733821329348833
0.37797174507861575
0.276771954546069
0.28033622875115416
0.2837507543417053
0.287231180609692
0.2909106747529132
0.2940121067682087
0.29712563050942054
0.3005214696290987
0.3062014769171445
0.3106417734989029
0.31573894183315243
0.3214585645004486
0.32772067935025
0.3432763614204088
0.40817073691536454
0.4221904364079105
0.3693786584536816
0.3276337544638132
0.3276785696587045
0.3276153736562843
0.3377302989044084
0.3361506000783572
0.32327358403702217
0.3058765287624775
0.41773166252954647
0.412943874773506
0.31602824925516965
0.3204456491395039
0.3413987765467291
0.4440554017197324
0.40366943614164835
0.33518069114183274
0.3362367367286703
0.40898308324998495
0.4000435162009991
0.39169725769838026
0.39567311754763884
0.3265061065669673
0.291003884189314
0.295802981971481
0.3265406027947667
0.3242018650859967
0.3197893756141892
0.5917919662483565
0.577596593998226
0.2994107387919686
0.29486782839811937
0.3184593195587043
0.35224401041696124
0.33859391005509637
0.3288346129819315
0.32801842810887366
0.3209936180280887
0.3009795516364226
0.2582645510301304
0.25581634862699665
0.24282749718198363
0.2787148113196307
0.28782075059339035
0.28876338034616716
0.25939829874797804
0.24929528581776628
0.2452837958148799
0.2554035238969364
0.2531186858887126
0.25389854470478074
0.24700015884079787
0.2582943968810713
0.19380726936448237
0.16535081926603956
0.17385900318254138
0.27289572726640726
0.42081974707867625
0.2537764918613253
0.19963596283475674
0.17232270292153587
0.1959238478296711
0.23135022290413962
0.23756266785037172
0.2543914992186632
0.25305163084960314
0.2753224202840293
0.28389067046682126
0.30071309999930546
0.2347610990817774
0.2215350641142259
0.2351476555254122
0.24666416324827223
0.2540748536419829
0.2627157992831432
0.2686406085051939
0.2725881834482383
0.2750208549639305
0.2793145219772854
0.28326138334543094
0.28099570038432464
0.2871788788403238
0.2917128531534328
0.295562348915053
0.29882586721139653
0.3018012485217068
0.30389744052246587
0.3057271596272942
0.3074447811881549
0.3116969224228734
0.3148509814308081
0.31880973348725056
0.3234845208977923
0.3295771837583618
0.3314777044034321
0.33353609010173974
0.33574755015937324
0.3408403424508542
0.4007366772269198
0.4100001667548802
0.4137640064183028
0.3830158350079701
0.396782584902652
0.38935716221778477
0.3278461881435749
0.36585765074513715
0.3842216622139976
0.32406435049406684
0.35085488329555603
0.37731058423345964
0.34787866368831294
0.38833442773501115
0.3832625204272674
0.32477723187385804
0.3303065276310065
0.31772926063382295
0.33318311552802293
0.33217581557994247
0.3446163805957242
0.2841369780951867
0.2895481279628122
0.29506926526561233
0.30495529863991183
0.2973646573578789
0.2985564846923103
0.2682427651024441
0.26608243915832747
0.2888505992804175
0.3045490350856004
0.28240649255061384
0.27751061582406655
0.26448872799275575
0.24799896060117144
0.1458360162909019
0.14468467352521458
0.1440343998115569
0.1452795487090385
0.15389610490685046
0.24874470037129
0.21442053978535117
0.1555058634531546
0.15028211022559754
0.136740710003404
0.1346793358934388
0.17200607989790995
0.2666936498960608
0.300854266898365
0.2774272289522936
0.2671004927367207
0.21058851881993457
0.2949421252467777
0.28406490367770687
0.2787572424321049
0.4439351586069693
0.3131656333016959
0.26140140503277465
0.27869298886951727
0.3038925173810283
0.3187009698591381
0.519684269036556
0.446334539647152
0.5181544555841063
0.5171228724405487
0.4469023426926891
0.13725562220536963
0.11578399323158821
0.14168666686887638
0.16700701751011732
0.1880284570247597
0.20631573393091682
0.22204299915836362
0.23484378613221096
0.24541802030350554
0.2543393298178242
0.26200255096654457
0.26822367049818996
0.27346823258180303
0.2785594728055374
0.2831706337490191
0.28728655838391415
0.2910049258000943
0.2957208774125042
0.300433491777628
0.305478627522885
0.31081156645968816
0.3172826614825915
0.3213156230343255
0.32488229791129736
0.32813774622100506
0.3332748069230561
0.3347685351059651
0.3369258764775016
0.3395730667701931
0.3466811190982159
0.3676327191449893
0.4037434920726071
0.38822036386630615
0.3328429880233414
0.35405539529455865
0.3437094457332307
0.3629343489232645
0.4027503954597821
0.3802836768079914
0.38457266761774844
0.3667225600212077
0.3702788070615413
0.38899248459687447
0.3917128212891868
0.301390044513092
0.3189514858519129
0.3186087045762254
0.31438013440570034
0.3075208889489699
0.29798917944654624
0.2909276327198163
0.2849492063488895
0.2721898871682207
0.19741584081159774
0.22323021257074
0.23268004860264427
0.24055481121941064
0.22495937593013765
0.22387143346019597
0.19674029356928863
0.1893868388630284
0.1768085917297268
0.2658558869022256
0.2877654335707597
0.27578473906884887
0.19966107029339258
0.17010761418634743
0.22734837707683683
0.27397964294451344
0.2524432260239888
0.16843381762676896
0.16823179318515066
0.16687360444916893
0.1738800183313028
0.21691970048978437
0.3057794634029819
0.3451119733889796
0.3159403115027157
0.3574561263858133
0.3318756279871084
0.2860280565734046
0.29347666835557645
0.3091064744752078
0.29069617883652893
0.2054848274620077
0.3609885922214069
0.21713947602672223
0.2478975938184886
0.242809871550665
0.17726039150820636
0.17963409379528278
0.19506983774575098
0.2700015322120419
0.2748698540762136
0.27458264078109834
0.18505397461447912
0.19775265400917158
0.20435459810073975
0.21773420181231962
0.22852087564023063
0.23730278316704437
0.24594180030370835
0.25301168577927863
0.26718586433094793
0.28187614590479243
0.2924649863694027
0.2998978351632583
0.30439284875758105
0.30696469869862925
0.3087775073000261
0.3101710844231278
0.3105015582516483
0.31251300509850544
0.3153256252850328
0.31827970711377546
0.32130987051558324
0.3243785763197991
0.3307648057864252
0.33380898814483584
0.33751989174513947
0.34183718830193344
0.3480054623032024
0.3508004173448808
0.35363016756661547
0.4109318547822422
0.43594519851588615
0.44216166658399
0.3891040332940922
0.3827856933638896
0.412565944510376
0.4218802921240547
0.43263258708073904
0.39165614750343025
0.42711250410962226
0.41231070935139846
0.39197890170203253
0.3715944058529074
0.41031001248815907
0.4243341215677916
0.41569520973843166
0.4266849046433672
0.43498805192215356
0.43457867699979036
0.4297240235658769
0.42176730269753915
0.41105371809194435
0.37061286416607736
0.2741506258117405
0.2552335617152215
0.19947571686380203
0.24954479554746156
0.2924388235673569
0.289197345982392
0.18334268685572344
0.1826445387526495
0.1813779481564296
0.1801238724140267
0.1601074275416911
0.15852422855439285
0.1576665291035914
0.15743351333010472
0.1616742931024468
0.21555627881026748
0.2839084026842908
0.28307951175091234
0.27330791527830617
0.16940236394464192
0.1680279841400234
0.2208052744317959
0.2722859144858817
0.26950326636382266
0.2587849363727692
0.19014007262671048
0.14110717491732302
0.1388078298207582
0.1364199410248224
0.13616741421109363
0.14503675589965154
0.1657027641059126
0.25033751965373746
0.20273806479744855
0.3162123877988297
0.2876325222344163
0.2928811583478859
0.3017165713364866
0.30700242364815583
0.3226673797088071
0.3292997454413139
0.30989833980670034
0.3012133222194865
0.2063488171737844
0.24997616786109583
0.2968756738099532
0.28572508420499765
0.23067307108045712
0.2689320009571569
0.265530110954156
0.29242070887078536
0.3250922695418819
0.34940025420462584
0.3672355956408922
0.3639558035123853
0.28379829988879135
0.2907641711405732
0.2965943041031929
0.32469504199176463
0.401018045788307
0.40965660922892444
0.3229248248426885
0.3164538328879631
0.3203504996302356
0.3234183851273962
0.32604316162577374
0.3313730683567354
0.3358189384757291
0.34122412208686687
0.3474701221855227
0.35431034353854
0.35624976465259545
0.3580918242932599
0.3591277938058169
0.3622214965460417
0.3532507652163332
0.3448566613930423
0.33762224676660346
0.3523507187158071
0.3505938350774515
0.3685478839748775
0.4272472182019017
0.45649818242335566
0.42581498370552767
0.4427548767672975
0.3922817021660609
0.35658285033069514
0.40658030727907885
0.42333102448118465
0.3551886636552788
0.35580605201538223
0.383203440990298
0.3909200698742434
0.33987707267467343
0.3509884577762451
0.3467792231395565
0.31958094064577075
0.3311502521216943
0.29927305958244016
0.29285677445546826
0.2907497895680141
0.29594795225483916
0.2793177957027926
0.27796145176749104
0.2765139057984673
0.28635571899882595
0.2093693416621837
0.17225394403378796
0.17275289391318877
0.17350346568436223
0.16843621753063215
0.21005294247818151
0.3070829692801013
0.275378747745126
0.24836920423342856
0.2871253083605609
0.2767808128034842
0.26003122007798957
0.2517446526398463
0.2508623209121781
0.24709846504871444
0.24477206611957752
0.25534571934235456
0.25688217629267845
0.15315118780829506
0.1464680457904984
0.24095097586628822
0.267935614321661
0.2639136588271393
0.28733393441150396
0.433225416359921
0.21680224861928052
0.1772513315736616
0.16014798896648255
0.15277685509828218
0.1559008934855815
0.15984768384235698
0.13522206300646228
0.11642409308125932
0.13593309162380968
0.16351144088126354
0.1360806843344694
0.23171927507790493
0.2554049825718025
0.1649558920684077
0.18335948891169404
0.22906155111495322
0.29045491702934934
0.31271626313077744
0.32140157769539324
0.23869120109718509
0.2520430079876546
0.2637896003296776
0.2743976044446576
0.2779389339414635
0.2882572690458426
0.3134003900391439
0.4066743955287712
0.3688940823108686
0.317257991195567
0.3234611366497379
0.3289693012526209
0.3342698264210812
0.3365091708231599
0.33805856646967763
0.3392532753235035
0.34300589370688295
0.3435315354366913
0.3449820604936561
0.34709339471279105
0.34823237679300223
0.34279134801464806
0.34151522514652377
0.33520985268031356
0.3313831687179352
0.27776532225978345
0.25713974542427576
0.24810203887406734
0.34161427969501407
0.3659613355625218
0.36107170982484416
0.3302113674802535
0.3687249651285519
0.3783279755860676
0.39433708414348345
0.3195257430236313
0.2888879576190307
0.26911916599196967
0.24338098913048092
0.22295384264859547
0.3121174963032933
0.3107265855737542
0.3130251994939068
0.32438278688537625
0.3420301489149917
0.3408051396044934
0.3319332833812548
0.3318943907490751
0.31392405429652803
0.3100646658344558
0.306861843857475
0.30613287715879683
0.2940981883983553
0.29272361550161397
0.2923800187690482
0.2978793559938237
0.28952097672730537
0.28947230110715444
0.2858608051524061
0.18683519078792127
0.18958427710027154
0.23090434336422938
0.25790246047256105
0.23250815778106815
0.1940376761753567
0.16986928777179033
0.28272214438647497
0.24045601101402203
0.17277199285928613
0.17001356561019543
0.1658573788991494
0.16170448379824956
0.181314414829712
0.22255258451112567
0.22430533062622973
0.22383663660199943
0.3861900257999875
0.22939481525909422
0.159452537878944
0.21332728953899185
0.2639370011736927
0.2622610297213324
0.26241202751043635
0.2630875742252377
0.2046293037254921
0.11151357685576176
0.09216848288385886
0.10308983774198577
0.1065155184592877
0.1227664257708274
0.13711938712722332
0.1498624955148341
0.16310766761814907
0.17627703633171635
0.18834081220725432
0.19946231137745485
0.20889676176570535
0.21732097386759125
0.22462447184917253
0.23109602707555443
0.23750016855620903
0.24358617407263147
0.2493565907283985
0.25486983059687746
0.2599979310685932
0.26405059834058503
0.26752309307407857
0.2704876467011723
0.27595447485515895
0.28036347239782344
0.2856271925141746
0.2915010618797961
0.2995129835082677
0.3029698901878955
0.3106043410099273
0.31722175450110995
0.324530046955095
0.3193300056059805
0.31419870442116854
0.30955553326380386
0.3200483558817479
0.3210547909876454
0.3105757409776511
0.3339992933779967
0.3801121889163487
0.366995209130584
0.33974219931020805
0.35013460192967016
0.38073709648943244
0.2709888241227592
0.2739177466919775
0.2816275713697575
0.2954634041374067
0.2957009445778517
0.27614871472937735
0.27451204553437636
0.2709649366890934
0.279739324327295
0.2660253368456127
0.2646734487569943
0.3237801615099094
0.3229990291548611
0.3415194945434023
0.323075568204066
0.21032986497757858
0.2099253469415879
0.209536175406795
0.20917375579505246
0.2338594504075467
0.30568308748879924
0.30596003843701153
0.3062467807852395
0.3000817739701775
0.2910088120413852
0.2911238273129407
0.30042337622648535
0.23791230469538702
0.22036829232125107
0.2885564423902165
0.28819707467618616
0.2875744693602386
0.3018847231972641
0.3018697089514609
0.22269114496233533
0.19801415681158485
0.19912804324021974
0.1990400649197722
0.2582918160980821
0.3071256796408881
0.3035060624375703
0.2732639875640504
0.19794253299830283
0.33550439234258006
0.2208285489645588
0.25137641019753626
0.2482095502647684
0.16051724581344692
0.16821425237508222
0.19330666316110762
0.20877026903799212
0.5273441731922389
0.46500251524271513
0.13057226384517487
0.10765076981500084
0.08392118578712278
0.08100901451350687
0.06969169336624562
0.07036521231485154
0.07916978101741753
0.08739796108386028
0.09715263732447574
0.10612269864776736
0.11517656761087108
0.1244104802697123
0.1333298455983491
0.13601487908172855
0.14703122075021374
0.2044960502133023
0.2693799421716328
0.22738501861222718
0.1843221875439422
0.19147932945534146
0.19719400766342338
0.20180041504147228
0.20822877559588146
0.21294042614845812
0.21790237374085486
0.22310921647550844
0.23033036846204183
0.23655253396704562
0.24237367186706898
0.2474453495580603
0.2506955107459857
0.2470712062911893
0.24327673810399916
0.2392958025132274
0.2530350399896365
0.24776823844601847
0.24457921903934007
0.242901981226515
0.2704795033474811
0.2886835481593594
0.33620892704354605
0.3453862099264971
0.34165321423832734
0.34927446752505553
0.3538212954979834
0.26282673635673975
0.3359105964764941
0.3439028562581719
0.3063656629420275
0.29867402866749765
0.28793596959814327
0.2737884405525009
0.26891607155414704
0.2713056591147303
0.331697738748302
0.32283969126207956
0.3230378466873954
0.32329178012124116
0.2937288286972487
0.28916362971087023
0.28702248881881676
0.28601273691109524
0.27664601452359655
0.2769117760140799
0.27955556078012456
0.28022462569945644
0.22186953239380022
0.17170899944426513
0.18438960498783757
0.18593645654774232
0.18798492476064638
0.2799567826355933
0.2799522661697084
0.27994743900937785
0.2773422280949808
0.2796255241688676
0.2964800386609616
0.3095058909469641
0.3227821918062953
0.3235885419449665
0.32319706283424504
0.3228451370583563
0.3256134520507507
0.32180657314991407
0.3047470097517816
0.30352598896641864
0.356351941182412
0.24933483207947432
0.24700809325127013
0.24387122014759816
0.27096429030150315
0.2720093609562448
0.27416524226045835
0.2262580594728421
0.10933167285253174
0.10656899614039203
0.10491297144439296
0.10361003589796602
0.0808870163020295
0.0782712157985949
0.0754644949850607
0.12240520357889155
0.1808534994526525
0.19984912784067307
0.12530052773705622
0.12897987148254586
0.1428980980794052
0.15495846369413302
0.1651621395002895
0.173866165376543
0.18235178274272346
0.19032943173003866
0.1977242068148799
0.20460040767783585
0.21096420264681828
0.21614972082819156
0.22071021508582803
0.22478998332281844
0.23046524342356303
0.23430324654716692
0.23825232340474092
0.2422919797288317
0.24830791407088784
0.2505453534398435
0.25317289446230706
0.25603024014563136
0.2583320681863769
0.2546131461390331
0.2514656641109979
0.24877413329661202
0.24097936505566514
0.22586934663976116
0.23841450899656216
0.2406983346583458
0.2707954735507895
0.2688029415478249
0.26673952026563225
0.26438263136597795
0.2799168078552665
0.287312913106574
0.3081914263563867
0.34902472068752327
0.34577617955130996
0.3233347462955082
0.3397800232385784
0.3578225955546505
0.2814798112693977
0.26609031274479816
0.25888365504591787
0.34408434829355966
0.285916838411429
0.28219041662834715
0.2810832213448915
0.19215696791075104
0.20986440363455902
0.16746500692741842
0.2715738189678343
0.27299695714882005
0.2599746573089169
0.26950964749454265
0.27109362078041443
0.23803031264870075
0.161631073876089
0.15826138628012393
0.15544941589379987
0.2592381176430625
0.25135170642338095
0.263669319543274
0.2658792765545893
0.2556024882088897
0.24433509489093613
0.24492879051420577
0.24050812252717313
0.22370588286309137
0.21315227496991898
0.20988289109931837
0.13283341458877013
0.1145691404192126
0.14052603416482606
0.15515493938942798
0.263865573646365
0.2779249141171011
0.453058543086711
0.32232924502366317
0.24157155727212865
0.2221965777457236
0.21728040187500125
0.24533721042636178
0.25059593219844634
0.24331206983017006
0.21935743620783327
0.20862873741002083
0.21053186435579274
0.21725787704389177
0.18023344327220422
0.20802902668902915
0.23237834325486564
0.25378304516299943
0.26684836875646495
0.28592387053831253
0.30234586202005503
0.316880020738735
0.3287540680873104
0.338738766469134
0.3467757282146439
0.3533777871728571
0.3588690411858202
0.346166255227842
0.2621464639184643
0.2661663789038274
0.27051166853447584
0.2742216002763678
0.27763184935777163
0.28079248998016565
0.28673354182610583
0.29178219344711126
0.29778430025450847
0.304494780053172
0.31227712319318407
0.31551356730451696
0.3185275753566676
0.3213692347590879
0.3244777949942039
0.3226790231906348
0.3260414132157078
0.3238565232611049
0.42596072713875655
0.3927033730610672
0.3846100082848836
0.39330423143932525
0.38501321289766277
0.3937568401933452
0.3960527174082089
0.36961819146857333
0.3781039346679741
0.26234142399748234
0.355693838110274
0.3525642245931725
0.33318246076542324
0.23395473415744525
0.18645517181396354
0.1814711797472267
0.1793024137804611
0.23243486004230896
0.2635722243314959
0.2601784315020533
0.32104728807678495
0.26894679919630343
0.22779734596090445
0.28505498422290654
0.3411368714337143
0.34101832882691924
0.6049260490114263
0.6021654111306644
0.5926515808276984
0.59264595562117
0.23986679851896198
0.20063208852096598
0.22075691127490835
0.29994299524538987
0.3005276638114515
0.29913567227341753
0.2883732051274184
0.23318602267252692
0.18262706084306526
0.18252098969662126
0.18199086289383873
0.1758920597334675
0.19771413505048688
0.46181832039070275
0.4970209394506013
0.5911749660478199
0.6079728250981441
0.6090382509498224
0.6117069217317637
0.6081411261770241
0.6081602861097508
0.34078318575468713
0.3495607998103371
0.29686303781154383
0.2961642852291481
0.2953553280705962
0.27930288033345135
0.2792762432344385
0.27807952700441946
0.27435417263172485
0.2142843901524729
0.21083360075556457
0.20850088832879993
0.20660191989240675
0.14077862421323328
0.07800428829031777
0.09070385537145602
0.10420415699908765
0.11986626042202281
0.1365445966165817
0.15276552153437614
0.16838046980010335
0.1819708110582531
0.19417553679621616
0.2049289807938855
0.21448284683013996
0.2241235617271125
0.23341809157830426
0.24133269849844632
0.2646434046013897
0.3398754339404174
0.34574855376614416
0.35026601834608123
0.36964922556340696
0.36188634427179067
0.33042470260967965
0.28731090153401023
0.2968568272581513
0.30528750072110356
0.30790253097047826
0.3097655860937596
0.31125996435919584
0.31232560445196983
0.30780283639470907
0.30742164932938126
0.4025564196362029
0.3806765135740413
0.30657998805587705
0.3108828950394005
0.3081855564892642
0.4113966421110037
0.4128533149878757
0.3288673839217928
0.35244905914957814
0.3862642215105088
0.35473057368600786
0.3760930912654236
0.38660388349620045
0.3598194737934232
0.36934936179078715
0.35731388205995906
0.283259942144764
0.2784980240281695
0.29616731943434355
0.3060421436533552
0.31169274910239747
0.29414309878889966
0.286166037639826
0.2958674232456333
0.30083276815357135
0.18779768003753075
0.17635329953908221
0.21792657152107542
0.28342085527646094
0.26983379176639377
0.2783330883955786
0.28406844744012666
0.2680629109561651
0.4667112144876462
0.4655729362969084
0.4662623662279796
0.4669660905039028
0.4586171303937309
0.48265412927561824
0.5259874779147742
0.2460891091250528
0.29009479748191563
0.28748785181003184
0.26749223564180735
0.2633558515048366
0.25961181709136744
0.24000310123962645
0.2368371740873258
0.24851760846118515
0.25500315981376337
0.1715393731015707
0.17365152198852923
0.17161166982888765
0.35326806625057455
0.3221789279658984
0.2701262385783373
0.24989029435603619
0.26191411814035864
0.27584584442388294
0.2516195962524467
0.26850648679875344
0.2664422381436701
0.24603851492207993
0.2576330512705054
0.260752571407159
0.23897470745603025
0.27313405343348846
0.29947232112943106
0.2208789893138285
0.22221490216642842
0.34362886902275985
0.31754844198265164
0.263699567616125
0.2727683593771757
0.2807774924710738
0.2879754262719957
0.29476829274748045
0.30108096433822024
0.30651111907005074
0.3110557586520612
0.31496130724613886
0.319693181012459
0.32436171485066045
0.32929833510336315
0.3344904939499105
0.33625214237454837
0.3409524631837302
0.424391045740544
0.4123652647822394
0.3377050259927976
0.3394833247260614
0.3409369218852341
0.34228288329851475
0.3471965955578421
0.3417467247436201
0.33783558574568506
0.3450488835447579
0.4137496455394968
0.42884729011265504
0.42508181626338815
0.40878783037311006
0.42386154132181425
0.42792559490597687
0.3973869697924295
0.3903280697459595
0.3838711288637379
0.34500382384527745
0.36126682648382
0.37991063667467406
0.3395293132729267
0.30937911781912925
0.33352003389004736
0.3201637819858645
0.28741829551546594
0.2988140507383548
0.3023920066054289
0.29480419262940843
0.2970847567964002
0.296229171719554
0.3016008082719018
0.3130201222281744
0.30417997711140066
0.29873953541119924
0.2960675763097445
0.29530756642320577
0.28527143135076527
0.2847067331653768
0.30992510238760695
0.3144286104622671
0.2962033470838255
0.3023732611890591
0.26457855619935394
0.20071489994248254
0.19210728823955942
0.19204922021175802
0.19199045549021015
0.1904598976181252
0.1877725365649657
0.1878628398702573
0.21254968239471606
0.21376310293138917
0.18994068532281894
0.18035802672845822
0.17542695840435701
0.1705771099457827
0.23838672999288668
0.2873720610500056
0.2334852960827104
0.17911491809342137
0.34258751589208253
0.22648894881183995
0.22349673614331916
0.19878827175799607
0.2956805002055686
0.29313300675048504
0.2620693532371908
0.23663807821338717
0.2301009551887346
0.24512427683577936
0.24226144717889989
0.22026481216844646
0.1640142662126508
0.10615188390936124
0.1361370728066115
0.16174043155371284
0.18198901124949857
0.20240523636182484
0.21925298821249922
0.23332809741720503
0.2474019732898725
0.354702785956873
0.33400327926622914
0.27303079708645994
0.2826980429475699
0.29112444422524025
0.29859433208520275
0.3054201885884817
0.31112274422406333
0.31498035137956193
0.3174887892145146
0.31902166898655837
0.32181922813713604
0.32263415592169714
0.33188515127116575
0.42208030524584533
0.39718956994720195
0.32367947199902075
0.32499139604131205
0.32629499867781797
0.3310227389839637
0.3172139555470444
0.4123676015145931
0.3895574817298075
0.332111181186468
0.4025934135944152
0.40433502891640816
0.29592321005609995
0.33973698195616037
0.36249679628185905
0.3157454052002748
0.33936162435813455
0.3727034871973653
0.29830457940217464
0.30012412682431405
0.28718987780426447
0.32857076821805714
0.31028403910504254
0.2873332816642415
0.2985790229382816
0.2831656297702232
0.27783506002758057
0.27686706955014245
0.2776517957114672
0.3320385793988253
0.3323144698733415
0.3422402387802869
0.3811041001043848
0.34550798635915403
0.31619381275164116
0.31661572617279693
0.3170644196210389
0.2996581943631161
0.30879208477575926
0.3094631029904016
0.20727199194787777
0.2483069577416386
0.30360809419568874
0.2942738025998136
0.2941307317074891
0.20206658184855925
0.16676603120470962
0.17665891854097382
0.1765123151576605
0.17369983313114992
0.19964489738466204
0.27340755597558514
0.3431097127935883
0.3053413301202252
0.30561398575954674
0.30479691619816884
0.3043406893718265
0.30726428627021474
0.30365570861075775
0.30363241560939297
0.303599185878552
0.3456180978201355
0.26663139851616613
0.26506334443090385
0.2452205018928575
0.25360780382573517
0.25184791790612865
0.2576549465574379
0.26641394274596386
0.23341349423453023
0.21379919059404526
0.20083813419186866
0.18746131199367685
0.17742137071145764
0.17516355656493468
0.18569666938566404
0.1953372231595062
0.20716093879006178
0.21889812451972118
0.22973048761049486
0.23978644100792088
0.2501649310529344
0.2608386134862735
0.27118471888999285
0.2810774645862172
0.2908684968888972
0.27980635120738984
0.2041984428191426
0.2134146348027166
0.22293257211443496
0.2318081138822711
0.2403646952202207
0.2485754460569716
0.25736009424081874
0.26342473782596976
0.2688329838080649
0.25793396757046594
0.25238633346351613
0.2611989981350052
0.2703308942989831
0.2933649510038962
0.35129217875352775
0.34663531825948307
0.34666252595646796
0.3204874084900172
0.27703416268618375
0.28001193881802605
0.279942186192046
0.27729657518830764
0.2946453653082949
0.2867543117647156
0.2770798113551832
0.2659977769265386
0.2838344757523266
0.2535809829838253
0.2572675596236016
0.3184321458002734
0.3214556979111926
0.3296324602356217
0.33635310790225725
0.2793655151276095
0.2703360767382609
0.2716090004268039
0.270173019940369
0.2708160774384721
0.33188691821038463
0.3295011730002425
0.33207411471756954
0.3321926651293755
0.30600012415565886
0.31332013218381166
0.20936402746855473
0.20890883769188465
0.21730904542601595
0.21860889713042161
0.2187091776651856
0.21880891148709303
0.19538981872156452
0.22085302356847888
0.30896953882290834
0.33970462241327537
0.22137280680712115
0.1827608452243833
0.1927029528398195
0.19260011749292832
0.23280050696531956
0.3017869880848285
0.3017743492258511
0.20349421339342524
0.18440207004835127
0.27413076164629074
0.2909666856987736
0.2927643660146342
0.33233658424868123
0.3286490059921901
0.328571786004589
0.32850368519878176
0.3804688963564601
0.5745185413383127
0.5645284184174084
0.28861907560966626
0.23100452557771348
0.22790312025617362
0.2297946354921741
0.22735375693820062
0.21194814003774132
0.20076419172337376
0.1967607972758741
0.21522653779457918
0.18571004716442396
0.1783471328115784
0.17469193447412962
0.17770452634845257
0.1853331288779592
0.19346656015621355
0.20092869170957123
0.20782648788114116
0.21446540738266462
0.22108652272362364
0.22730410495488035
0.1611378721602564
0.13430480569668782
0.14146081617206857
0.14894292736758682
0.15667173855646946
0.16368395984949932
0.16933499708779218
0.1741915481973753
0.178441770699421
0.18366029592444152
0.18648182216746342
0.18890468100377203
0.19096392795448552
0.19510719179650043
0.19576086977059687
0.1971849008593205
0.1990860832677191
0.2053816517548318
0.20117420476385775
0.20215511099231626
0.19728776312135818
0.3010614027143235
0.2584696627234211
0.19413935165347246
0.27127009790392104
0.2959541216125256
0.24452749882371497
0.25726235057176994
0.26318674273753484
0.27319504597826494
0.26629049457134685
0.29204668354202407
0.2973630480270044
0.2956485378951994
0.2813931677497073
0.28237253773695603
0.2900022031351306
0.2795596234711409
0.27701093023478246
0.28580037775703154
0.3060473830920367
0.33424670948892626
0.35195265695405215
0.33500278099308656
0.32500842889977677
0.30768102157960614
0.3078661004693232
0.3080697954383107
0.29948559576297146
0.2903428655168386
0.2901150064705985
0.2898906444411983
0.2896685345178392
0.28200068142033274
0.28198792963196373
0.28198251516725514
0.2819761974331169
0.2795485279696854
0.2794305786072507
0.29628140710597567
0.29737482027931844
0.27778150529977
0.2788292101808232
0.2786764967690623
0.2785262378322958
0.27673043905878814
0.29106637818647774
0.2907155967753827
0.2368856305372087
0.18662027500353112
0.1830029609845452
0.182990586688967
0.18297136952042384
0.27010202001325595
0.12988627000864233
0.11911943508148526
0.15011478080017596
0.24151190564827052
0.2744904551050073
0.21288866888596444
0.2341549835505397
0.2158769254140743
0.15213014064165056
0.10780023742282485
0.10719088386477568
0.08507094781498448
0.0782481612659026
0.08199454749176373
0.0810858027888741
0.06978043163062517
0.0679568872605564
0.14285927148553865
0.18418359244102472
0.12363640048784451
0.08766513205486696
0.09857700875093489
0.10900909964772412
0.11736963740016688
0.12308576507624149
0.12759512889626445
0.1313859544329873
0.13659810937991854
0.14208408824710853
0.14803846376290092
0.15430211454539933
0.23326713829972898
0.26808854244601105
0.21546262595696283
0.1732817956618301
0.1792067557242054
0.1807172865331735
0.18224072029423127
0.1836706938583145
0.18497933131695787
0.18102150397953456
0.17799760374731227
0.17519881877341784
0.18910428389159661
0.1830220878779172
0.17792370385933257
0.17507572084185238
0.19152535875103519
0.16659117679603883
0.4254793832266754
0.4267421456835778
0.448293027816618
0.5679660455368016
0.5801193419738173
0.5749913814682874
0.30970798794393944
0.28656127101569867
0.28617493779926434
0.292011251692402
0.28612471806033185
0.28561956473198996
0.21916122287442835
0.16941274062940698
0.20910450970225475
0.20906766679247307
0.20019885749746935
0.20897082364229091
0.19145432388563116
0.19141017976635363
0.19137590001654353
0.23867962157839437
0.31330082319957425
0.5957079164713867
0.25336134099511415
0.19200653245032012
0.17585484965007425
0.17584945657830334
0.26316931787857495
0.281363210938078
0.1825006798525894
0.1731236221510222
0.18296891717863162
0.2852130155569082
0.28756474804856214
0.28982723417738987
0.28968729639839713
0.28954400297194827
0.2876220415921697
0.28411912783780585
0.2560208610194113
0.15947456263537635
0.23629084376045686
0.28293692292882955
0.2975216842215513
0.3028676119979972
0.4780457885335407
0.2932133693974897
0.44940734464976845
0.17540963088320416
0.1617843824389107
0.16704461107304633
0.2455999705340301
0.20407368271899617
0.2693046823749485
0.26055074166327497
0.23332621372371512
0.24552056850984472
0.19383285943543568
0.1900300939634551
0.18261473923100688
0.1964664624791963
0.1817887773966215
0.20690234536302365
0.18432739671231652
0.19154626671390027
0.19823770511995445
0.22284918554317287
0.2416356750694678
0.2560323147055315
0.26875275804741744
0.28009772502852337
0.29060690437708697
0.3007143481325839
0.3094411761604522
0.316263228447512
0.32181732860807294
0.3264009464330913
0.33064488951104476
0.2983595472917948
0.3131374210454556
0.32417570956129094
0.28309608973547473
0.2572480741118951
0.2895587956063567
0.2840925491753795
0.29917522015277037
0.3155910916543335
0.3302385022370066
0.3351951481209926
0.3562024058533116
0.3407421074020739
0.31316668771176975
0.25657479570987984
0.22145528681444837
0.30221562052273165
0.28509211443220606
0.27548537907011317
0.280533265030986
0.27802902327377577
0.2851866491048823
0.28013752344971377
0.29087991914970157
0.32940289242578064
0.28444408783377023
0.2358583557969362
0.234669939020936
0.3081393396960837
0.28974223822096296
0.2970937130953843
0.33170703844935395
0.3316720254967978
0.3316777153767966
0.3313229556725392
0.31190755073927057
0.31116078004031406
0.30615582809677616
0.2879125411847188
0.1964931574435785
0.239001730300445
0.23948234730094523
0.24051019207710964
0.2868569516875193
0.26006790050566553
0.16938848579138777
0.16897155445896295
0.16877453743475485
0.16811708542185658
0.16645651723984692
0.1647952166084563
0.15933422319929938
0.15901761671578765
0.2521030303329046
0.2621979302248305
0.26039876830673475
0.2718262133079278
0.25207600011404946
0.1602853993259051
0.17358296146717966
0.17385743867472328
0.17466624815136628
0.17555465394067649
0.3407146256878796
0.2130771611733546
0.17893556167899408
0.2781475790985143
0.48360933369444903
0.3991059820168365
0.3979635950747787
0.4712234553115538
0.48110656480239017
0.47655103196951576
0.2146409013674305
0.22026843839763416
0.19221605572337508
0.16353232906407147
0.18001355056012155
0.19253011779916285
0.20419712439729965
0.21463035233123814
0.2230811449191043
0.23008424466635763
0.23678963092944236
0.2437752279537318
0.2507300937211446
0.2576625295102503
0.26165953720581003
0.27918757597392707
0.3337840153670414
0.34909870549215644
0.36125564292545326
0.3043323806582261
0.2703058638163005
0.2747305438932925
0.2788524568582797
0.27971932562246543
0.27952755575925536
0.27857746809606426
0.28032596152249545
0.2790926514457814
0.27902440395781036
0.2797664526197006
0.2833697063299608
0.28931806539262467
0.34663403566016837
0.35583377292255186
0.3191177088463137
0.2693518545886323
0.27041352597938034
0.2706011473164535
0.29331113351372207
0.29349746584764014
0.29371684181260566
0.29393367645849766
0.31990316736618624
0.3141760591395785
0.3450134078071716
0.3721739739978799
0.3808440234775318
0.3826801204367671
0.3813766761481663
0.37762255534944345
0.2865363289432168
0.259575535290707
0.25345928989680033
0.2468636368322871
0.16946284770278375
0.1672626238073185
0.16457746961291944
0.1694329501312621
0.15283436438047202
0.1517084024670105
0.1613190789847267
0.1710500479618062
0.1985474405384725
0.2654198572650632
0.276407863628722
0.2743234418736946
0.2432330206465765
0.15814282462551402
0.15930608589938142
0.1611717311516761
0.16280423011928494
0.2649860526993054
0.28778950601200265
0.28157240023696195
0.29711606312190936
0.31907215444183656
0.30244867434912226
0.29459851370712403
0.2890735511196141
0.285875845760568
0.2791767445009867
0.27801662664714627
0.28884578072290173
0.2970051120784034
0.29122578851455505
0.3136427400733309
0.4658296646527719
0.29687744578942216
0.2772946886315748
0.29251767502346926
0.2532521950401237
0.22557028871303358
0.2089823709785746
0.19911878313405884
0.19560117297483945
0.1998204369319328
0.2089755796543182
0.2156185472555755
0.21450970936961214
0.2259326660004768
0.23528442644605602
0.23712507068809494
0.24669998815230607
0.255224134125225
0.23620250269404283
0.16181145849267423
0.16642285007135632
0.17077144381157514
0.17462828463605057
0.17227602248090929
0.17785215967821563
0.18249596756600658
0.1863073594072417
0.18947518418546502
0.19238113703735002
0.19436017232777986
0.19596494832784558
0.19732457250521335
0.20047004192974785
0.20179135579851817
0.20316789182169115
0.20458036423356812
0.2077867702957058
0.20720971890610823
0.2075966486084121
0.18104745336040454
0.1959945022601244
0.23081907494372073
0.2539871751779722
0.26889759471917657
0.3024587095713678
0.26675350366860295
0.2511911045298803
0.23021475422533666
0.26052349505180755
0.2526627441578588
0.271925101683159
0.28208194822423843
0.26655821546862435
0.27094782950691515
0.282434586964019
0.2875811781406744
0.26822347260960216
0.2735536531874896
0.2837633107744937
0.27605332321922776
0.2589743156623549
0.28353720708949776
0.2646521525221163
0.26197034473187075
0.3230480669357171
0.323201350994166
0.323313683064951
0.32345669907904945
0.30574860599835985
0.3150184995358372
0.31510999716504423
0.3151537333244189
0.3053452507782259
0.30500962297814926
0.3089001493397601
0.5952795470317191
0.5862872969237304
0.5954061769682918
0.5953460997571696
0.595312542457684
0.5854215799442654
0.31795925788841883
0.3157165468269568
0.2998572539556358
0.29985005773725776
0.3021637208527291
0.3116817052517434
0.34047069574022953
0.32045538999345213
0.32263633217610327
0.30551462773928734
0.3042893741313175
0.3072163361445636
0.3036142414033623
0.30360142725924216
0.3035878416599509
0.35817983344748144
0.27176322028516847
0.2847799176393777
0.32230945713609077
0.3181379353105637
0.27639558442250173
0.2541619258425486
0.25325002578994044
0.22998450996415093
0.22876086164442058
0.21375130266463888
0.21235441985018913
0.18488757529069016
0.17737607964970262
0.0940522043772116
0.0704789584404002
0.07822187283255957
0.0872692693097516
0.09531639249295842
0.1961075399781671
0.2084478586380789
0.16163644522036022
0.12282431886718753
0.13105314879201588
0.13850261603414366
0.14496867532552601
0.15049669521603518
0.1552035721355895
0.15937952358029284
0.16246755574233823
0.1650681204683634
0.1673176176468842
0.17229337754568122
0.1762963544452785
0.18111281133801047
0.1865979170819232
0.19399359656168352
0.18256587661455112
0.17454367745970384
0.2256619804299658
0.23917037556032966
0.25577632352771784
0.2667870852562475
0.27347502720766703
0.2417477936909668
0.16400326031387746
0.2689450400371283
0.22908404078856218
0.18805110342772122
0.18691907963730808
0.18303485303322525
0.17684469198406436
0.191464540901074
0.18585172633963792
0.1795629966670218
0.1658939557889014
0.22281770850005433
0.30960144479962537
0.3133999026562635
0.24677723828390644
0.2654737654769301
0.29629512957661924
0.2932987827208814
0.3034874913198406
0.34141419943762175
0.3414725681427105
0.3415178450047565
0.341588798111161
0.341024205815413
0.3252978978484165
0.32415271923290656
0.32421500602386133
0.3144995949030772
0.31463034724461186
0.30628896262349264
0.30642992277370606
0.3000643385060327
0.2999665158007745
0.29986857319680404
0.29977359678355164
0.288930642557067
0.28873366325661387
0.28854034823271235
0.2783096331481272
0.27577325178007467
0.2781242622670094
0.27806261489354783
0.27800146942609755
0.28998263017486525
0.29105122246130316
0.30444077338200737
0.30433444331113957
0.3072705044479062
0.3036509240101082
0.30364023381752425
0.30362475158685226
0.4286802871060635
0.30820544824496926
0.2914651493157752
0.267630171812287
0.27158304859073706
0.2711885296869052
0.27133089661558835
0.2595111220106263
0.23051718225040105
0.23416725164283295
0.22848335774210976
0.21925958693007513
0.18994484631476938
0.19959416671543878
0.19827606433708847
0.1864470607794158
0.1827433789979324
0.17516171853302812
0.19131434716899123
0.2073516824237237
0.22032803770896991
0.23379706372048542
0.24575346333429599
0.25650142145056515
0.2662327884562236
0.2738178930098458
0.28036079583872286
0.2860973178198691
0.2919617487994894
0.29721208333040144
0.3023314446221242
0.29555649464995126
0.30562195857810565
0.2699015686750449
0.21253029447350638
0.21750676598031968
0.22361782468819325
0.24776207626946964
0.3210324184419897
0.32714568317248155
0.23721108394680654
0.2240952670170245
0.22577596549224868
0.22168708173544482
0.21725808205958125
0.20462897890032322
0.2154170318910265
0.21686692192983267
0.2459251801331483
0.2488015904638496
0.2679241899997015
0.25079643749976116
0.25729875190433954
0.24515414024641852
0.22564183339732993
0.19718625366408835
0.2069897304155073
0.20875822002331898
0.20582638040331402
0.19933815527933596
0.18907700202983418
0.2728924584165641
0.26936924920689587
0.21769128425038078
0.21016905149902165
0.20924554081489946
0.2183602126051159
0.21868591516874888
0.2012371668938309
0.20130556967916224
0.23381046069059794
0.31579448861945
0.30638455741769854
0.23810705361419404
0.20105651836945926
0.20116341933026646
0.19447001758638935
0.19406407690173597
0.19368412986700004
0.27033614974877324
0.2880363816869044
0.28787021244732686
0.28770381950136387
0.2247323548535026
0.198368233345445
0.20196878508605887
0.21389664477899945
0.22352737391068989
0.2638249133407838
0.2665926806716738
0.3609391215891784
0.3224404979038993
0.32540114123753444
0.30482192830938737
0.3036099093742644
0.30359560274565994
0.4305371054226053
0.2505300660412801
0.2403787540262794
0.27491539997760417
0.2998208405892377
0.30292685241470846
0.3089742716679181
0.305586416656414
0.2798604232361394
0.2814528825361079
0.2597879262881875
0.24204881620339166
0.18797148444938463
0.18033582374026344
0.1838464245620601
0.1955278858266967
0.2070550228161471
0.2226307786763765
0.23734485252022436
0.22307110446754028
0.1572337903203856
0.17009891550251058
0.18184497762370688
0.19251951003156792
0.2038411382134993
0.2142521329349699
0.22459988652829216
0.23488797615075876
0.24558869258172608
0.25576095006233296
0.2656884648716196
0.26951148072064046
0.2802607080822652
0.28662211440151886
0.29107695968767844
0.2940397273977217
0.29872862613731266
0.3725617861549395
0.39957346666515536
0.40492085784487913
0.3113210832488391
0.30461943728539653
0.30914702453059806
0.3000616125864039
0.403725987647188
0.37919747003205406
0.2886037714574084
0.3719166174040748
0.4032296269107014
0.2970044290737291
0.3519735344856652
0.35680075899274394
0.3380013844897746
0.31317338952239354
0.2887424122020236
0.176746695337275
0.17298635033031515
0.17771613532462432
0.2406692135709384
0.2991140352685792
0.3487071031186924
0.365930637416678
0.35073439826253366
0.3075791851150942
0.3249030591411216
0.3236783788684202
0.3236103651001289
0.323559043835724
0.3062645625466661
0.2540174086796069
0.20123291610854158
0.19628358889337652
0.2978141635238344
0.2978024171860418
0.2977946773289206
0.21377473853725526
0.20215557095083417
0.20326713193830565
0.2689711692251807
0.30086317634455645
0.28882100308148667
0.26025886782070967
0.21946839128522
0.2882312506455064
0.2971625302357514
0.3283520688136038
0.2897445670110046
0.2896501526273732
0.28955678611049745
0.29045742554885934
0.2959514856946112
0.2899959757414633
0.2824993314787788
0.27756220120809283
0.27512936453758563
0.27214040335679374
0.3365524896852665
0.20875429960804198
0.20023621905317832
0.20134854236690353
0.20201008915327515
0.260895424205119
0.2649642513865792
0.2596764505723045
0.1827606211706548
0.13447123627310054
0.14674715987469905
0.15806529704977249
0.16350835394553068
0.17669115302785765
0.18757751355930097
0.19667303501938108
0.2030579310445965
0.21354816779992924
0.22294167238981774
0.2315754366447675
0.23999558221938178
0.2483382833247237
0.25611686378584786
0.2633730966740958
0.27009344640767297
0.2761427584729404
0.2815919109406531
0.2865100749470932
0.2912821108037763
0.29524590944350226
0.29890459850712947
0.3023220647372494
0.30733608188896827
0.3103565318707295
0.313264714270036
0.31605446485164684
0.3201489892340402
0.32016820199389573
0.3205325961359191
0.32117744208068455
0.3217702025878842
0.3173168423544958
0.2985017295535452
0.2850599597137615
0.30609903615359946
0.3066465815252522
0.30626993044007067
0.30482703263481936
0.36132236746832025
0.39386387204494144
0.3858103032181521
0.36152260388835084
0.3275784907264135
0.29214721470162464
0.292981300584273
0.27605098537184336
0.2747794395814291
0.2878240559051244
0.32133946445377676
0.31998599452038956
0.347721984345706
0.3391647686263116
0.31388256046162333
0.3384240316205961
0.29505439188674326
0.2817143607784934
0.27549008328418795
0.2732955972739904
0.2559300958997447
0.2561218060759238
0.25340502558333966
0.26243728674501643
0.2529235680012488
0.25199091824483116
0.2528604136092951
0.2618349426265497
0.2570891841670622
0.25681337018027317
0.25719532283991975
0.258021355929724
0.24759408357473014
0.19852949158582842
0.15234369252556743
0.19231776208134718
0.25722037490001665
0.24705033144976815
0.23813046565147433
0.27294059994135733
0.29440819525204687
0.2594100088026456
0.25281896781341934
0.2504922290053525
0.2908905119933532
0.3035676120203232
0.2858040636811802
0.27559474849339155
0.4540817579073205
0.3220758254736528
0.3042305179402823
0.31711197697399723
0.33837656047549897
0.32831070080298147
0.3312887534875038
0.286175757197099
0.24853488780102526
0.2566397302839341
0.2339837539906474
0.26368154975937963
0.2736817270265767
0.2645712338603343
0.27510662744297976
0.2892745310022677
0.23768634413819742
0.281229712396987
0.31895721561201873
0.3469403627437539
0.36649516549046
0.3799334911523405
0.3888581067656756
0.3950749936191182
0.3997131201743112
0.40300694740285903
0.4052547625743762
0.40687494722949485
0.4084409083422307
0.409139625196541
0.40952583098986856
0.4091676553169757
0.3067923416108282
0.308160347618453
0.3101662850832188
0.3126095482448353
0.3166372546344806
0.31657974157269114
0.3167768365556636
0.3171764244137428
0.3179102493495147
0.31383448808455183
0.3145428862385049
0.32384639948910265
0.37215341170538874
0.38206833046177624
0.34964473988318406
0.34738957384704067
0.3559488779011932
0.27112355856477666
0.2786952659033005
0.27910186071985577
0.28661357051992487
0.27913814860563724
0.31171227981452193
0.2857472096897827
0.32473650978174085
0.33834295416789134
0.3231197231186231
0.3557512824290625
0.3572030113559142
0.6023378214059204
0.5721324977641001
0.5853685306664715
0.36921913240266374
0.33343645209884065
0.33246354087951036
0.33271988092506305
0.3109600046690928
0.3051171637309607
0.30286899093568864
0.2997928022483543
0.2959634978317056
0.3179846796641203
0.319125500895712
0.5408544955880672
0.48001339999720644
0.4811999910573985
0.4810835439940921
0.48096835083484374
0.4701212566232301
0.20255539120582502
0.18003337482417278
0.17580057993938408
0.25300631952101066
0.2775071260497635
0.22970179327660978
0.18373648236260628
0.3114610050262746
0.3171009876521384
0.31590692600205533
0.5776706912137359
0.57853002500659
0.5847798856643618
0.6136427246569919
0.2991949954377936
0.43752839539828814
0.29385264707654607
0.2883691853301002
0.2964261903738562
0.30123762730225473
0.2868780539671368
0.28650809906351055
0.28609771687243013
0.27344384690991563
0.28146462755671275
0.28860763597829625
0.29519135631249854
0.3027204956762586
0.25526689241973977
0.2003980580025396
0.29310009697144995
0.2804297213077294
0.20937327025610136
0.219419151048345
0.22759187840995324
0.23494389278257705
0.24206914393886383
0.2488169448189441
0.2553266076007803
0.26008107612936004
0.2632903473504051
0.26534559117673806
0.2666998718708477
0.2684745020131038
0.26975442902405006
0.2708731789885749
0.2717760593031519
0.27520374709590745
0.277461581287215
0.2803497184291725
0.28369198904822224
0.2879754797366253
0.28759611672464613
0.28696050210750057
0.2861563808591545
0.2929319121758062
0.3027823093597565
0.3422603208386084
0.330210930768994
0.3471050804684297
0.35381436145638395
0.31713761370530186
0.32158134818279294
0.36678490541843
0.35066014278104696
0.3649640858323613
0.3091954009447801
0.30227054090287
0.34526217746300586
0.3391496897150106
0.28873638025222903
0.29819231449185335
0.30856779007819596
0.33181124630793857
0.3336443935062626
0.3418649530555668
0.3408015373893148
0.33671946781986184
0.33649702870173737
0.2879324204271352
0.2893936576258467
0.2929226192184786
0.27815571002202816
0.17041981018441624
0.2059803611308963
0.2237309483043308
0.2270676782578666
0.21755603285697664
0.19505166542658756
0.18788553744947245
0.19659603671679804
0.23413847470915441
0.27555646860227034
0.2901906474974527
0.24355795535322397
0.17475452290433457
0.17478684111460924
0.17399328119500362
0.17311147850668865
0.17135798714603334
0.275584970680911
0.28040771819445115
0.27567897526131535
0.271192343658447
0.24664092013823247
0.1619399726316991
0.2320485759613479
0.30214516461325536
0.29886789765421284
0.30359684700086614
0.29754134340355
0.4410467246771171
0.2644121103157351
0.2536087332781544
0.23862886104527015
0.2521673692511197
0.2282081449390056
0.19929178572790449
0.19827302285867843
0.20021953578077092
0.20590211934706337
0.18547341052388372
0.18806908688722732
0.2048667739071908
0.21887951293168978
0.229802560117084
0.23843974132747994
0.2464389304316273
0.2536282108978445
0.2593198393527271
0.2639446071540659
0.18346847500628455
0.16622051795081727
0.16965804776071935
0.1727989615963862
0.17567265511586572
0.1780081799733185
0.17981462557255842
0.18121087877133385
0.18356146637514922
0.18591030710114115
0.18859164895039865
0.19151813622160369
0.19981055377352203
0.20476484705244463
0.20855296318143496
0.21147910412494583
0.2162865111890304
0.23598574939701353
0.29607599488181063
0.30649143746704977
0.2490917703185261
0.21673326811731747
0.21619196606357277
0.2181565841663204
0.23506350849627314
0.15323813370566136
0.151961634726726
0.1620300559938942
0.21377853061631288
0.3002962942604981
0.29187025957949286
0.2595881032221196
0.2905753123631499
0.22596129193383277
0.19592239128692285
0.1970366205819919
0.19822211227106876
0.20159617907986346
0.20151023059830367
0.23928068273506836
0.2657903325535846
0.2586309903882122
0.2921799622055831
0.26638712491545385
0.3230814156672551
0.34985387459612227
0.3727536010700343
0.38386664180332325
0.37858380136856856
0.6042696869162713
0.6018067429790539
0.6019951658855668
0.5926640158991974
0.5928536379604694
0.32567622911148164
0.3067731708669664
0.29636618814632104
0.1949589011158867
0.23194823240616066
0.30968330573273956
0.2994612039424778
0.299066237923309
0.29870885524674434
0.30169314397208147
0.3416794403853614
0.3452840069173682
0.609316011165325
0.5897362909968692
0.5901279898561833
0.32376911383547363
0.2909755568308701
0.2908787148243835
0.3073246101204524
0.3037146060213696
0.3037105179745641
0.30705108869230063
0.4209368119010623
0.5737459394615082
0.565086448302879
0.2918424506804925
0.26774179187557856
0.2581327021330331
0.25449883600744283
0.25325148985789453
0.22979841359559883
0.22294225595080586
0.20188925075967776
0.2131839957218635
0.19519327635158498
0.18704064229269324
0.18292819859429887
0.18059055080647504
0.1734559341603553
0.17766012330518277
0.16395824914721469
0.08333785198032212
0.08837845194275912
0.09581674021565288
0.10353132202667414
0.11026980285208947
0.11627723927047284
0.12138228547995153
0.12565648303692864
0.1292512611264067
0.13321803194302909
0.13669406976936657
0.14007457472554058
0.14334780413309384
0.15229169983984134
0.15821594187235952
0.16329667486756494
0.16777618931913252
0.17363623830190267
0.17543463131249562
0.17755577740659492
0.1798822473845114
0.18618539939336418
0.2043938658945493
0.26261012023231584
0.25346792705094684
0.24459913402982977
0.23322909932441369
0.2328422833367597
0.13418426536463468
0.14930407920035943
0.1645674840830351
0.17493571282816522
0.181495928244227
0.20587984074764853
0.21679163212558913
0.21825413417439157
0.21086726640463122
0.21222687966571194
0.29737151303887255
0.27859933036567586
0.18491265828401907
0.18135478416868409
0.46468768928435106
0.4659020816948696
0.4701753842113448
0.6152708543792013
0.6187139263394308
0.30658577297126743
0.22717961626374186
0.26279082535683823
0.3153190324498597
0.3153977578262847
0.22244980461767339
0.20042615875612518
0.20041149859587856
0.2003983711735563
0.3017246283597423
0.2995458554868737
0.29945518990036823
0.29935325345725117
0.2992438418179341
0.2785628326076408
0.27856530469501123
0.27855669832766733
0.27853950914865516
0.27590149334876757
0.27815730152653023
0.2780097902273654
0.2762610007249587
0.2699086696560172
0.2832282200400966
0.34625098609401694
0.28921591797953433
0.28950436704907667
0.2859463822464474
0.28382453481940095
0.28092256024403844
0.46055636705371733
0.23874746337295166
0.15240606635464257
0.199990381588756
0.2736211501010814
0.27832622520556866
0.283816510113847
0.2785470137818817
0.25394700134514536
0.23055180147198498
0.22602611342915108
0.2240663401144606
0.18247867554124134
0.1793607918217835
0.17982306155203828
0.11111264488077131
0.0841452467538747
0.09433456042073629
0.10351351184003467
0.11203461777914135
0.12085344123648747
0.13008196890344054
0.13925577276275
0.14841809124281674
0.1565432013667215
0.1636398402289706
0.1699063895677314
0.1706946866798517
0.17366734332216527
0.1765190874162566
0.18029070983009793
0.18192173716458734
0.18547578198410916
0.18743988890846305
0.1897192146386249
0.1922324492075328
0.18553399355616007
0.17772745621328032
0.18774900870039524
0.1969467699231808
0.2073004486589225
0.20546434746911105
0.2042194085599006
0.20335618327076962
0.2056865372934136
0.18821280674430366
0.19506122988508404
0.19317133642000633
0.21132421051312672
0.21389976168241254
0.21416393081392443
0.21261766690439143
0.2333497938009377
0.2474907812252186
0.31865261887724394
0.27140707095891103
0.19473275099144524
0.273559084359756
0.2763268871836348
0.3022377553580344
0.302950800686155
0.472641839973399
0.45669718660246517
0.4685208075168611
0.2455764936790208
0.22664593605350175
0.2268063770700167
0.22702357740649523
0.20963580026696513
0.20979344214703494
0.20996720035856184
0.21014853124768929
0.20063145095877594
0.20062830988292826
0.2006220306302026
0.2430333544381882
0.3179691233891126
0.2733323403374385
0.19410740380774635
0.1940206573308123
0.1879318177378381
0.2883375772111781
0.3050421287766217
0.229086318600495
0.19345952480498987
0.19569517579364207
0.19566334524480122
0.19564428923647526
0.238189481069789
0.3041216542408352
0.3041032517284496
0.3040791031969724
0.3070071411046433
0.30339903026028314
0.2318902615918798
0.1978342512368201
0.3381636950834665
0.17544297987013818
0.25107067924452675
0.21504531441335106
0.14182615281990157
0.2531476030148189
0.24804320804808305
0.2462401417480348
0.24869570911014194
0.22430846487660447
0.21199608206837617
0.2069133220967972
0.1997122763909522
0.18324930291417954
0.186386462171931
0.18126255163956193
0.19500200265492582
0.20263812908041942
0.1795638167599353
0.21361592859860815
0.2384624297922408
0.23439573612794307
0.25823252187595774
0.2764015801601621
0.29087380770324867
0.30358787247997004
0.31422575105149547
0.3233595548019351
0.3316690233013931
0.3362879605750725
0.2524001627011163
0.23711541394218966
0.2416815742758086
0.2445873380215847
0.2418800542084442
0.24731889740964538
0.2539878487158205
0.2564267860013935
0.2589997348425818
0.26165806364095173
0.2639588811410994
0.29816847803700197
0.3601873973405064
0.30846986589690334
0.2637338821961405
0.26218579772535344
0.2606955338346748
0.25898449260704
0.2903836089190377
0.2787556191219625
0.3534592411150701
0.3397901284479051
0.24403263241887785
0.2427898615923147
0.24570814705085028
0.2889059995827853
0.30605408345745483
0.30120884821708793
0.2873138217188824
0.2703552064808262
0.2546340376780448
0.2506371528083187
0.24568090480751129
0.26697327066705206
0.306573515560615
0.3141227147867682
0.31401414509739956
0.31393620517905463
0.29563299862127457
0.29668848904798534
0.29322471086173296
0.2925755363920823
0.2886965389775866
0.28886708040711984
0.2889058156733898
0.28894474840332257
0.2810287604228095
0.29916391342713683
0.3081219755669538
0.3078991310067336
0.28806737881056993
0.2981138809002624
0.2981011065334559
0.2981005882700099
0.29926704005439103
0.3015418094488114
0.31839822688690894
0.31951014699551633
0.30418512978462986
0.31377661344833413
0.342624502270354
0.3011397206547502
0.3070002889007031
0.30338199632157126
0.30336408282617366
0.30336403914437693
0.44820441664031563
0.26642537630471225
0.2590690870401464
0.2600081143394943
0.2514909245750066
0.22368277886562085
0.22036858085845532
0.21901231847007793
0.19087421313628766
0.20161405766928805
0.19294833184421234
0.2080779145561094
0.18103634993309783
0.19093520417937074
0.2172314515336238
0.190988512405982
0.29594097298717176
0.3341503285955579
0.34980609266614243
0.36545018737806634
0.29923326463778666
0.24730370528137594
0.20292116231787768
0.20502018954606413
0.20966321837362142
0.21513025893244464
0.220614973933639
0.2257415644068197
0.23099292641079683
0.23550271466911832
0.239657030927025
0.24347059147058683
0.2496656419872041
0.25463064280482106
0.2602338153548645
0.26634732886819573
0.27327577895429017
0.27555800676405967
0.2775794111178309
0.27941842138425943
0.2814441298775411
0.27855112370008184
0.2775504679439027
0.27787977133829544
0.27874055887349075
0.26083484523792755
0.33545941430933157
0.32048156993416543
0.25256627080144983
0.2617596497382998
0.27379117285873616
0.3372593809717437
0.38998996835798744
0.39347233602229054
0.36446662739513985
0.36573499845781254
0.2976448242614936
0.24380944904980215
0.2801868174436896
0.2885403902960208
0.30073665890117063
0.2966830726497832
0.28114221263911565
0.2774243361057015
0.3317512483499135
0.3317556203497773
0.34052997713748895
0.33164518607611604
0.30553791054692825
0.30582399472594995
0.3061484962902773
0.30650703989326705
0.2974796706958669
0.2976689451192181
0.29786525101561806
0.2980701528534504
0.2909949069477647
0.29088397042508923
0.290770553839777
0.29066062492564304
0.27907300759197595
0.2789794466714259
0.2788853067022536
0.2787906807417434
0.2761902267881182
0.2784830022281921
0.2903021601291448
0.290197101877224
0.28980899017569184
0.29062981167281127
0.28908183914677477
0.3040685635094112
0.323984052162065
0.30463078941612715
0.30341362114022496
0.3034132355808422
0.44148420703831825
0.28804711226024654
0.24979875336440235
0.2349284542920819
0.2430864093340823
0.24648956257615462
0.24724895327809396
0.24813297429464132
0.2268922445197751
0.22445489017003753
0.22277899249916222
0.22136792623213417
0.1891959352857333
0.08452305815368555
0.08716465549206423
0.09452515890834522
0.09568491850558469
0.10653051285532122
0.11568985138870343
0.12346761420117393
0.12917236948053126
0.13907874142619
0.14881240714831098
0.15833219237306922
0.16753507797479938
0.1750138297688983
0.18168571871295083
0.18768099438626476
0.19311521053944575
0.1974333190761827
0.20121617059521754
0.20458997572417184
0.24991116910502964
0.288142336378489
0.3008552791134744
0.3103732189440303
0.3196826251938069
0.2948348402991439
0.22223036811216942
0.22519282003165436
0.23434666320002795
0.22771662608388174
0.22303601012259947
0.2196649867316034
0.23057136451588228
0.23354824314288616
0.28847844339674494
0.2999889359854681
0.29957714234306076
0.2966058731856515
0.2154456011774524
0.21261170440645244
0.2845245664188289
0.2897320509125334
0.2893225530922203
0.28619715530123174
0.28142508296977903
0.2885821172291216
0.28402463267019934
0.2827598104311034
0.2777754127021382
0.27841007199114876
0.27243442639456306
0.2971343322590606
0.3502788666706945
0.3504368224123636
0.33360265734811556
0.3358917618274395
0.3313546079579041
0.2521973817664128
0.5354846648378795
0.6017921337555584
0.31649662961223063
0.29747402947962803
0.2625212962213291
0.19208875305904208
0.19411274103622236
0.19391549149546097
0.19372485177536752
0.1935376031147018
0.1827068169528611
0.1825294403768923
0.19239787121648935
0.19222939554421725
0.19342225202685295
0.19573438606396318
0.19563812680968165
0.19437164029259316
0.19258225471306026
0.272099649866979
0.27731932738161313
0.2714649632685333
0.17882809518934345
0.1730723110519221
0.1726238398288962
0.2641166451655033
0.4428925034725459
0.28644591587850604
0.25711230408266084
0.2542619499942167
0.2196373026210553
0.2184906270830261
0.2182904242134153
0.2183045177659237
0.2021685223371971
0.19230866176031808
0.1766130690890104
0.1874279078508687
0.20190896733164382
0.21470975640181658
0.22520180849177268
0.23392135523560675
0.1698693888001725
0.14727713312612475
0.15600030608001575
0.16410989325159456
0.17082049311885622
0.1766418316569871
0.18134111446506823
0.18510164463974027
0.18907984023809607
0.19300469372872017
0.19683453787887525
0.20054732881332052
0.20443363420961763
0.207641971163998
0.21060000737665574
0.21335068463887844
0.21752598708179635
0.2196066635365861
0.22153275244317633
0.22333152859544694
0.22699188100356887
0.22692299519756692
0.22737421141098527
0.2281651284116666
0.23271097052604217
0.22647296572007408
0.22257792265729726
0.22477827288733718
0.23657802805296932
0.24015367448846028
0.22609578113169773
0.20061722552104294
0.21663360474267362
0.21937606889792222
0.22003116819827634
0.22715884804330885
0.25132602529489345
0.25069045284636304
0.24623737934014459
0.24032206176709542
0.22993322844134217
0.21699240356827112
0.2054153665473472
0.19503296359538452
0.1801346168743414
0.2821607462756623
0.2940902922016006
0.30915365577167175
0.3329080706197528
0.3316925400503134
0.33166239009474957
0.2400404336863015
0.20850939202592228
0.20703962434767736
0.21658859048621718
0.22010606590602516
0.23268078761957903
0.22440337029556925
0.23313592430392274
0.4974141527931174
0.48910797155438485
0.3212144567118523
0.2988106145367373
0.29872390699530044
0.2881030592388592
0.2780993900354231
0.2881899376219225
0.2915667215149418
0.3126432592069308
0.5790292977119298
0.5763298711780501
0.5643491142486176
0.5628785338770822
0.5639932917435756
0.46652628857484524
0.18640442043620203
0.15104331732610887
0.14390379067855877
0.15858817976340905
0.26689793389903155
0.38757737346650145
0.24812526771437937
0.23277322688924748
0.23799731532136348
0.23936010246306452
0.2171542271908364
0.2045059564612454
0.20302766984824658
0.1958364859235197
0.19844881299449071
0.20722007371106588
0.2188554152718569
0.17842346590016664
0.188268108442692
0.19418399340934347
0.19654051300520156
0.2058728632382976
0.21380655364138945
0.21980821141318166
0.21267890465956935
0.1996566503883128
0.12203717555803849
0.12775820187590603
0.13267822073986812
0.13769506316078073
0.14253356050029478
0.14720925055484585
0.15178613588712137
0.15671587436367548
0.1611551092595352
0.15022728982700562
0.12762690567259957
0.12534910494910892
0.14181303380020804
0.15642054107914632
0.18469394435252798
0.26017437571199037
0.27397282275355034
0.23451977875299027
0.2411445661454538
0.2341733233407926
0.17305262719580697
0.1850981175460464
0.205091427652257
0.1854399569400872
0.18542190562916305
0.1847801053953495
0.18349454782074437
0.20907945068482917
0.24199588041760894
0.2973981707095369
0.20563083836478957
0.18851994975247008
0.16946113035758725
0.16697436018329645
0.16729208339974175
0.20955053495223164
0.5779880329136434
0.5839754894724738
0.585926801382983
0.5822812135649844
0.5831688242838274
0.5844713700532939
0.21279416106014684
0.2274647274572105
0.22757994450080707
0.26619703491544594
0.324490367705878
0.3160627356614399
0.22523177976211267
0.20235734419559653
0.20269787988641502
0.2535519945511992
0.3075138899713584
0.3075190026675402
0.3075210441928075
0.3011287561739909
0.21475722990130325
0.1953432953740068
0.1952212044826537
0.18435436734011626
0.2644111792849622
0.29067371503355854
0.28926451981345364
0.30048569255510926
0.302778367992064
0.26129629199322074
0.19703687858629118
0.19858426245306554
0.2825953864058182
0.30487521970078296
0.30466305448290126
0.30740877383917004
0.2886775922125288
0.288570779643742
0.2885527746541157
0.30444543883379543
0.32408359724321706
0.31593329382234364
0.3065357947878776
0.2766033306213913
0.2695485280871553
0.26689039563970396
0.244641306453684
0.22722057496398135
0.22540626425125349
0.22414877605551203
0.2231598620527003
0.20577983155049964
0.20125602286844968
0.1942781931235478
0.19254593342213835
0.18674653953680312
0.19203342466033635
0.18668420216053377
0.18385563201921348
0.1860105014457238
0.18039785645045098
0.17853113422234018
0.09327643481725002
0.06907241990376091
0.06798252939477269
0.06702852512644944
0.14134246017168417
0.17893698871781488
0.17374486252168034
0.18365255625437563
0.17545464177101242
0.17579025732183134
0.17507709412540598
0.08351732242504188
0.07821534138238244
0.07819381657213782
0.0816535250642458
0.09476567677321114
0.18899845777758645
0.1871093699252871
0.12158291259840884
0.11757110142019796
0.20704116077181015
0.23920703516481676
0.22870787732796027
0.23857460837815272
0.23517172659545016
0.25567345318076967
0.2643362898027336
0.2509780900846897
0.2451583867078617
0.27499575055137027
0.2663467111653467
0.2627761057408456
0.32254962968667616
0.2974777526724645
0.27727130403642436
0.2755904729966072
0.29990660817691706
0.29967187164949954
0.2853275603006916
0.27056191587371764
0.26904658289779076
0.32303648275569385
0.3231514065610265
0.3232271853780589
0.3233384146634018
0.3059623582810675
0.3061154204024404
0.30628734244849726
0.3152757457900039
0.3055581689393003
0.2968718930383953
0.2966876307181818
0.3049903193277556
0.28977603103055294
0.2900406314092738
0.2903342621718014
0.2906359038486202
0.278945849571169
0.3158086028822555
0.3168293511410617
0.31667489370155333
0.28898604351441043
0.2900885913411673
0.289988164432094
0.28988104978799495
0.28981136210263725
0.2907645285834741
0.2905861465614671
0.2905582090016123
0.292070019477231
0.2884533229173823
0.28843482522705394
0.287317422260757
0.36758821614748854
0.1640443178816003
0.1328886690874378
0.13238187628653442
0.11542216025500007
0.11436911493045311
0.13661004184937645
0.1630632431501644
0.22932336427138994
0.23275333530838094
0.21717042073519172
0.21058009551969964
0.18594612352175569
0.1917773203243964
0.18480543081433595
0.18260411729728748
0.1906692996428944
0.18323897437893336
0.10524181014659204
0.11382167649121032
0.12146509968010259
0.12413434971551918
0.13412743150905973
0.1431717417280965
0.15105971727932746
0.15775086559785242
0.16336671161343294
0.16814471655593877
0.1736140031002102
0.17903192120621222
0.18496134840424738
0.19134882811315204
0.19832311640991226
0.20248300208311715
0.20586886487585776
0.20869951028897257
0.21727257101812533
0.2209531256645307
0.22473200896711498
0.29098960410344205
0.32179982868757906
0.3244452031172316
0.2729852551118553
0.2608228454423942
0.2535042367161812
0.1606024649184452
0.1774364199719715
0.1909174826537307
0.222665263962734
0.2282530622862535
0.23084323103034965
0.23094908745507245
0.2502337408234851
0.24159813460635726
0.23890630431974372
0.27993211854529687
0.3082980173659974
0.29755005478178626
0.30660330144390613
0.306041078141584
0.27532495565650067
0.19937976574818275
0.18257557029059715
0.283621295555053
0.3321962131490743
0.3325240111317588
0.3424938428954755
0.3814134398303189
0.3453416098602118
0.31552821480499393
0.3154354065130878
0.2930373216328208
0.2584473234162671
0.305430808429399
0.3052523392211208
0.3050724565651767
0.2987879264931853
0.2987807319186868
0.2987692821199805
0.29875113949556015
0.2880126895520946
0.2979715913714718
0.2878505813007269
0.297805388463858
0.2989757230929746
0.3012684025466632
0.3011657215868158
0.30112712459332863
0.29813183086551553
0.3023710656542075
0.29507411270214995
0.30064329016630986
0.3525216042423307
0.3401350944777429
0.29659905301086426
0.29737642427143357
0.4393811330924102
0.2735480945343746
0.23845106529928384
0.22989614274420372
0.2467021944576442
0.24108008770664144
0.23824922634916412
0.26019760930270547
0.22697771382062865
0.20479469329097724
0.20130744668398087
0.20726659650622054
0.2001916397878501
0.21544336559194757
0.2259751556735198
0.2391869193841054
0.2521750814148355
0.20263959474514812
0.1696166123246072
0.17919773700224229
0.2614478933514022
0.28126190900959147
0.2821621788077009
0.28755340969493043
0.2866573910509685
0.29187413516293553
0.29552457491625694
0.2982650730289151
0.3010177462031823
0.30316543526967255
0.3053736400198835
0.3079205137061249
0.31154531821120157
0.31279571244191273
0.31369568284809
0.31443006927782724
0.3173421236091174
0.3167235572372832
0.3168442989014449
0.3175146768068368
0.3219078440868852
0.3630158325267803
0.3650933345591208
0.36195983879022886
0.3295657093699053
0.3500782158166547
0.36170852803445064
0.31823306274522417
0.35856876255388187
0.3640367601211881
0.3579750222980857
0.3622689197102242
0.32081404803953956
0.33544394457529014
0.33385791607090715
0.264450803488041
0.3043602401920433
0.32679389864042485
0.2982212284749234
0.2826325611420706
0.26344904391079405
0.2687391218189663
0.262252259186979
0.26957347859503167
0.30461462756495294
0.30607802336280826
0.3044481346046312
0.29922997136059926
0.27719392041942137
0.27109270039105016
0.2667016930696291
0.26338218584429646
0.26375251038107855
0.26346227338578354
0.2650677982973553
0.26785513491441554
0.2617830974116148
0.2599220601510973
0.25966041688003905
0.25864903442204756
0.25791114895464123
0.27072213887049357
0.2817729434362925
0.2761276297910981
0.27120356480616764
0.2708642091637294
0.26923556816622846
0.2960948340263281
0.32055708836649144
0.32187479909717537
0.5853338841195134
0.3310921973223935
0.30118658879778765
0.31553801673334275
0.3126444186862136
0.3309740362313559
0.7120323612787334
0.6285590049188752
0.5797680662035408
0.5869364854883931
0.5893254545756978
0.31927304411145196
0.2750842364256358
0.270324002945312
0.21644605270443293
0.2212151967900249
0.23062605561036284
0.23958295809008906
0.2304250139107485
0.2457459674990446
0.26311592585329946
0.2818229109466298
0.2968073707151778
0.31319871478410305
0.3268191198895388
0.3382065799087414
0.346870204545379
0.25475522100994524
0.2583093142842292
0.26513137582113444
0.2777002585696995
0.3075978719747165
0.29506636594307856
0.2685093648093693
0.27898589362890697
0.29373949224271606
0.3979740661548788
0.40173418639793024
0.30503228409258654
0.3044677609969133
0.3100772292584807
0.40799818088421086
0.3829192989762782
0.3043287400751812
0.40324515836476577
0.3934599230565977
0.4051604971800975
0.3837318108070321
0.2923010527474014
0.3079899832513997
0.3286691167896068
0.334238447129311
0.33664371301021434
0.3366008038044561
0.3989771357884815
0.4554599724016798
0.36850232541959915
0.3301462456709425
0.4333789658903446
0.41870147719222045
0.25850049111501683
0.2647383488825007
0.29088245597400286
0.3146342229314356
0.32493780123374866
0.32636668294668003
0.32130698771713717
0.3161163405294152
0.3088628207182437
0.3003627393592678
0.3236763450933761
0.32482875526821264
0.3249045052832794
0.3249969559248251
0.29796023470358385
0.2979325263789674
0.2021775226234904
0.20172645125622787
0.20153896911786287
0.20151900174738385
0.20150351193261612
0.23577953391284892
0.30063482672412567
0.30048275966047683
0.3172957238184316
0.3013978752646444
0.3006530554816195
0.2898677817503277
0.2898520335948534
0.2898492614750029
0.2862494817650718
0.3097316489007489
0.29110000095077765
0.2835735167776654
0.20930091259793665
0.17111588706577988
0.16712416480767145
0.19840315788497775
0.3101851219643408
0.30960600448323794
0.33380372354970594
0.3325117666498925
0.7118131159845418
0.36594843909369534
0.2521944452596052
0.1651889308794639
0.21428988247473932
0.27960162023433166
0.2533476068096915
0.21913871014415814
0.2288491846891621
0.21893177523398905
0.21644765720511536
0.2320602636373574
0.228030140460101
0.2559305400497439
0.2187984909958334
0.19175424941374294
0.20592638233344293
0.22109600725448245
0.2332617294747741
0.24304498556051626
0.2504343849055871
0.2578637208165651
0.26429393224281533
0.27012777227245854
0.2752838989403263
0.27948367978891353
0.2827542732772737
0.28529328622053535
0.28886137050710636
0.2924788972063222
0.29645401512640657
0.30067729155158596
0.30609300777636794
0.3090890648735434
0.31164928981147355
0.31392052719556063
0.3020412558739162
0.27490618312589515
0.270680032850264
0.28391930869209303
0.30650782710582236
0.31336617827302576
0.39316577842605954
0.3598590189448478
0.31640693956577953
0.37313934591962844
0.381057196846361
0.34438690723058846
0.3846634603900091
0.39294472243320955
0.3419225438004404
0.35069532391018354
0.3861771495633002
0.3163694905537692
0.3316329690172752
0.3395439181934857
0.31464766573324293
0.31959827091751175
0.31658975771029707
0.28895165412488993
0.2653677205286161
0.26224893472940736
0.2793088959619996
0.27508438408707564
0.3244883317814361
0.3245440611515704
0.32459949365444735
0.324688769044825
0.3072006259869229
0.307339757089028
0.3074879812590138
0.30764852208441174
0.29838181557386095
0.2983679618050756
0.2983596458646954
0.2983427253226205
0.28147619070840796
0.18113682829985805
0.20251348800812713
0.20363334690501206
0.1752846072357264
0.18478424900232118
0.18469235059594688
0.1953982566899581
0.19812963166620653
0.23451171735934065
0.30520870854673887
0.3013433569594103
0.23836927994209928
0.20289748301558272
0.20204016462687632
0.21152734025331188
0.31737472069040684
0.3155232189704468
0.315553575247705
0.3155463035255587
0.4208365907376016
0.3318868583137447
0.272217768303324
0.2629250583898864
0.2800295976631556
0.2754262499938225
0.2719882808541919
0.2715034506828395
0.2207691229130794
0.2172079916917796
0.20420835196069417
0.21244602201090845
0.18736840124081328
0.1881897068611066
0.18407743335597612
0.21004568629877388
0.2310653668100097
0.2570156742076771
0.2786218908047744
0.29684697300767454
0.309819645249386
0.31901358839464977
0.22549944301210398
0.22282768906977077
0.22610188564041986
0.22926982574905452
0.23240564909493075
0.23545661214271446
0.23939340565646666
0.2430527776002221
0.24671570656972833
0.2503762157538074
0.25525231174038465
0.2577950015466292
0.25998340571274287
0.2619150942411791
0.2658986424530007
0.2662483739561479
0.2672029917506391
0.26856801901447636
0.27379887710354434
0.2677547182030506
0.2676540199122733
0.27457035267795077
0.36210239006874295
0.34169074822902173
0.3241790267615719
0.34135667316510226
0.3597366977413858
0.36691246623827994
0.2762382373683387
0.24682854857624406
0.2992057989262391
0.29384946676597495
0.32228754905723134
0.3247995693382057
0.5865292427338203
0.5840515573676262
0.5774254377899486
0.5761232663185003
0.5731358404671254
0.2904407655319295
0.26873374208807316
0.2699086768052022
0.3247999330587708
0.32487628085808884
0.324950171721823
0.3250211680480907
0.3074641091336149
0.30754009314105274
0.3076179482285901
0.3077027207494836
0.2984908873545974
0.2985406451312315
0.29857124278655484
0.2986354237262272
0.29159764231924784
0.2914435086443325
0.29127701791124966
0.2911291876911755
0.2905102470378044
0.30739587482950703
0.2915712009529822
0.2902807274783229
0.2908244713136691
0.2932044549895882
0.3062176546916902
0.3061433713205491
0.31111315843297965
0.31229346300031413
0.3122648358635484
0.31223710233892843
0.3192285316551967
0.3156124468024405
0.3156059963948244
0.31559318263185704
0.4550467549032782
0.3048151667154864
0.2702693558710024
0.27685724784615207
0.2502656989989787
0.25269285775524486
0.2528655623235585
0.2503866790616322
0.22069844994405804
0.21898048394888922
0.2036166810620768
0.20219621904608362
0.1911067602116566
0.2054355688207242
0.21868293262592944
0.22809078789828718
0.24223952182918798
0.2559939528170372
0.16777215312650107
0.17410042934504683
0.18468998363018685
0.19489392285859414
0.20437219631547188
0.21324711256394507
0.22002774060912567
0.2248596144320245
0.22801897371409288
0.229894421672505
0.23229362060402695
0.23452225103495908
0.23697356909876133
0.23954345521082546
0.24486938337277658
0.24905719673183507
0.25383413133337607
0.2590220386848575
0.2648875042123728
0.2664534473237056
0.2775131361786742
0.35718299045997626
0.34061506757591137
0.32594264974998516
0.337430439643274
0.29961201321280384
0.3314748437811005
0.3404449295758281
0.3141467678187074
0.25933647906587903
0.2894736701657173
0.28373081542275724
0.2761116383443139
0.2672644580320619
0.27994474672341224
0.27199814478842127
0.26340257993635174
0.2541391423268853
0.2488130960716287
0.23959613148658807
0.2300499963705915
0.2202721340481624
0.21431064716256717
0.3150732214708076
0.30733838623611376
0.2876117348140408
0.33426799830706166
0.33434031647883666
0.3344245665600477
0.3345040366391992
0.30759228066208316
0.30775954122133803
0.3057164878682206
0.30810571335635806
0.29876575411720113
0.2987062050849452
0.2874365459852257
0.32217637632604135
0.3192239697908392
0.318962507674972
0.3318847937088663
0.6004787044290619
0.5872423441364026
0.5872360588021762
0.5872280379411771
0.5871988436136498
0.5871461251577821
0.5877512259027445
0.5862821341173549
0.31203180555941246
0.30257110567231826
0.2964554276350009
0.2921798103102791
0.2863080859969454
0.3031808955933707
0.303355231596789
0.2847323125187039
0.28198791400423634
0.4200960012804135
0.34563606410819225
0.29720124043801616
0.30743640636151426
0.30196033005903933
0.2811830771319075
0.29404132837792424
0.30220483460464614
0.2405753223048545
0.20703101373609373
0.23502138860060265
0.23516733299191664
0.25008137189481894
0.2766819490401787
0.2942275623763519
0.3112675623304833
0.3224978174289686
0.3354048166675155
0.34514538756363566
0.352542267114848
0.3575145998817343
0.30695476778181874
0.25694834377777304
0.23547583845236378
0.3517244834550866
0.3361977729864601
0.3447331958678018
0.35530673718330386
0.25238931754335714
0.3399154496225488
0.38382463773029285
0.33669356193937666
0.2972516512541173
0.30344553352975484
0.30811228359240705
0.31179705020936055
0.31772022155691
0.3169980383532838
0.3205678058033765
0.3227147328295947
0.32533235671473104
0.32274014554889063
0.32572795827310785
0.3238243650511427
0.33291418187496574
0.33576411110780885
0.37283177974032544
0.4027302478942816
0.42203851242216506
0.43730833978410716
0.4608428464132715
0.4781247657635566
0.4602758494620805
0.44752666893850135
0.4239110252215491
0.4321718734010503
0.44603676545371046
0.4440075564024663
0.42596872902331384
0.3327943464559242
0.3285499968459257
0.3275758581403608
0.3261718818005544
0.32441726828396167
0.17712843801664505
0.1836550122619209
0.18644166329553072
0.18466657211614507
0.1637058225264482
0.16134483417145945
0.15942584503930154
0.20327305103222698
0.33522519353413527
0.5289940484871535
0.44759632821692313
0.5001985201266128
0.5521158006194693
0.28900799908237684
0.2602462850905071
0.2524779595339932
0.24473693950388675
0.23864604825452077
0.2840044210526368
0.5592670131480878
0.5413378693831497
0.5533130737671379
0.5521525711845756
0.5528512660928219
0.5502571859126564
0.2186469829947836
0.14544360059921435
0.14326455649673575
0.1700957625823155
0.26140285127544144
0.21650543283271861
0.1535286441481183
0.3580799173674985
0.2934659779600513
0.26255740512733167
0.2966310482002902
0.32777997696470657
0.3384397078016077
0.3378110675428545
0.3762291100493964
0.40234440114372616
0.39334197467656523
0.3292791769520253
0.2827832294571808
0.2811794524274784
0.291640632322313
0.2995995172358886
0.30566001200109666
0.3108186471720183
0.31492073246480756
0.31733235120546593
0.31858904248860503
0.3204416374700701
0.32307037338603073
0.32600605526212423
0.32915901582348656
0.33231386263852475
0.3349810853259416
0.3371324682495566
0.33893830682182957
0.34240725698261193
0.3464397485423173
0.35128818428671105
0.3567713072843992
0.3627684988738124
0.3657522746419359
0.36782869727801737
0.36932472271344785
0.37274614253215155
0.37253419939554594
0.3729895518072169
0.3744544394457082
0.4071159433257096
0.4486880243521186
0.4587209487033047
0.4307294710705874
0.4588312657406132
0.46179382878760966
0.3564616278859729
0.3067882863134845
0.309212187077058
0.2844768953144581
0.28021418089245576
0.29123842176768644
0.3191328610053043
0.32185733333915756
0.3196461552447123
0.3121222677362802
0.3145260771698974
0.3099636728985675
0.3164772488801947
0.2980173034677132
0.2711601289116316
0.25123524042261813
0.24137566239494915
0.24680262458626992
0.20873005235627365
0.22313675915972067
0.22798652461712585
0.21608600695086722
0.27221186537853354
0.3064168614468231
0.30700332819884707
0.30446837076766226
0.2991595583098727
0.28705270671010086
0.2789544225081133
0.28498955381563695
0.2684057147470374
0.2740619511563824
0.3601463841959377
0.35595473749928846
0.2823700109697423
0.2773312911211153
0.287792594293378
0.2868149671972761
0.3035936616466826
0.2951859575806613
0.28847948643245513
0.3059874764333979
0.3111719202198193
0.31238809424732134
0.29768062694491787
0.29226269748683653
0.3043363923145878
0.3020684110724422
0.3014274050465062
0.31461333141318276
0.42333557082985696
0.35696557077621843
0.2723785055628278
0.25460591843915614
0.26752675158796824
0.27430653868838706
0.2992900932395256
0.3157677554278936
0.31255677898848555
0.3273351991116726
0.3320934077483658
0.3419832164404734
0.3499908364800303
0.35609285544293723
0.3598196689638981
0.3619126732345235
0.36416853893521794
0.3662449215356891
0.3673213784406769
0.36773681410309617
0.3686267480362456
0.2696322217105236
0.2664822384481417
0.26862081775920527
0.2720675851810579
0.2761781804635157
0.2806950759195324
0.28552749356438023
0.2900084140617186
0.2932681490485362
0.2958023099775997
0.2978401630909758
0.3057156137860612
0.310713770112893
0.3149503589260356
0.31862980168397786
0.32360870364581706
0.32448423336654597
0.32571383803302034
0.327225983659043
0.3294161293728907
0.32696302684711015
0.3266122720744448
0.3267727613783367
0.3344506727584518
0.32843603751972067
0.3203022875757668
0.310462406315441
0.32368401952519144
0.3142846885081983
0.3052828484738826
0.29627969822512273
0.31547051301624657
0.3394039952984795
0.37904488101402367
0.37335545252396213
0.32197265155826976
0.31623871363433886
0.3061099403822299
0.26841238977866905
0.26258295656880803
0.2625071856776229
0.2761715479587067
0.27053314678760143
0.3248805400209624
0.32496512349939444
0.2837801645966357
0.2007043377934132
0.2577059683099562
0.3077808978761096
0.3079803719525379
0.3082057220038149
0.29922274837039664
0.3085746295033915
0.30886677809949414
0.30917955367935507
0.2932581825698456
0.2933801390176282
0.2935103017251453
0.2936358249785569
0.2711821916425752
0.2708524795117105
0.2705185203309124
0.2701882713735619
0.2962119294197614
0.31291080817156275
0.3129335745240248
0.31294540095473355
0.2995740482258474
0.30027374750472574
0.29980477313594805
0.29962805310038343
0.3017528350033869
0.31609151510606665
0.3160956061124362
0.3257364504664004
0.40937073317171824
0.33507932944517094
0.3237061226982778
0.31908269010075757
0.303932242376242
0.30099040187657305
0.2966731554345007
0.29496322592715435
0.2656895835590431
0.24083440426731817
0.23740808939021674
0.527266889346324
0.49492476109505273
0.488858162447704
0.4855947894324362
0.48529092824652176
0.200731843013993
0.1858081128488197
0.1748645103748436
0.18944790989824625
0.20535922343154303
0.2216664540754525
0.2362022363633431
0.24914084400539505
0.1772928387867385
0.166992487965401
0.1777965340922365
0.21164367584901936
0.291446628127373
0.3040705539624308
0.22335163343566494
0.219396083938409
0.22894475609317763
0.2351167623495505
0.24017095272458408
0.24435097546188184
0.25110337609175715
0.2564924295226691
0.3573319437063183
0.3316811381355065
0.26768904730008397
0.26870257201495684
0.2705007485150555
0.2558475328427647
0.2563244956256319
0.20065775298538796
0.19543950379525257
0.20533320975675745
0.3012790000599098
0.3131140323124018
0.3174069704025035
0.2656361666259846
0.30897465270968183
0.30670041757547906
0.5765176200229588
0.5640691598548172
0.5694291066901342
0.5737857734321441
0.5164356665530199
0.1912916745519638
0.15575737869954315
0.15480690664995334
0.15505893793154926
0.22165690734341745
0.31580170469851154
0.31601417320243635
0.33320861819602055
0.31771304076003815
0.3086714770485292
0.3090530539624662
0.30946054266293194
0.3268709703540242
0.3184902245335985
0.30120619045341884
0.2996879722643572
0.2902828981308803
0.2825948875329444
0.2825794067221113
0.18105209113360177
0.1770249720294323
0.16443086509164495
0.23352202350100218
0.2971459357878902
0.28492787720119356
0.18565507002305742
0.1879562714217128
0.20093706971760222
0.20084277549304852
0.20573404859191327
0.20686071135578182
0.2500648879569763
0.3123473871794829
0.33631178158700226
0.24662076691271675
0.22839691264794437
0.22839805098496294
0.36442530086870684
0.27535385271669127
0.2773524402550185
0.2724275817875997
0.24926198694657364
0.20463714004014324
0.1682866477463249
0.16935593228265572
0.10355917539864046
0.09964539836197912
0.08444678880447393
0.09512853322053226
0.1007906497497221
0.1897859157570828
0.17689461028106185
0.2039091080390164
0.23422743494483667
0.25940807654996295
0.27959935643133793
0.2959753425837465
0.30803357607913573
0.3171458015165519
0.32371066820085037
0.26358216456811806
0.22744588114124778
0.23196379883373025
0.23649318416267814
0.24115649966728425
0.24546409894509977
0.2488513712140977
0.25187120650618033
0.25473826507828
0.2595079219338381
0.2625282148990637
0.26564805013088544
0.2688066307926826
0.27391660497155623
0.27532442316351796
0.2773386428139817
0.2797901268674163
0.28634846436648875
0.2988727932645952
0.36393539591197654
0.3701914116066466
0.35064017136455633
0.3669436752681812
0.30238886431161965
0.21308698629255587
0.24583351011037102
0.2899060700212483
0.31957679895591323
0.3108269338012897
0.35020858162612417
0.3356977484635669
0.34184693215654605
0.3468274661641636
0.28630476796371346
0.2832901907576522
0.2899198058855072
0.2912501517982511
0.2713511652570783
0.265992374615553
0.28567824550991094
0.3291949305651708
0.3732248938705065
0.33509250385452083
0.3355202426199086
0.33601564023790625
0.3185666306216511
0.3221183146530371
0.3440782363763919
0.34429822699255147
0.5984334595988142
0.5954449635304125
0.5951066823460764
0.5947783186765894
0.5885489114246989
0.3211643260265825
0.30205462620043383
0.30203819975835733
0.29138038363697466
0.29109984981263076
0.30162711619926813
0.30133762299650335
0.3041352821482809
0.30648665836232225
0.3064697956963871
0.3064407579185177
0.3112541193764306
0.3122477631563214
0.3122276692866958
0.31219385730246196
0.3191800888336512
0.31556134719556234
0.3155534873148378
0.31553921286956954
0.4490241412604349
0.2909569370912377
0.22726356156608737
0.22548543891020825
0.1990074200611999
0.2111561196612204
0.2231985677602953
0.23351759993865268
0.23423234450620278
0.19305136521419597
0.2129422522803198
0.20887565587697396
0.220291635058872
0.241973226403295
0.2598551539615193
0.27492164534797014
0.28833030686524447
0.30019950118730593
0.3100239430142372
0.3183730155770655
0.3255924733221923
0.3322121404860302
0.33799849630488477
0.343118706114369
0.3175779842331506
0.2445108780095821
0.24716347249539208
0.2497494992472573
0.25317107634928665
0.2563126486325025
0.2593963235439999
0.26234900100651787
0.2659405069404507
0.26689389106884653
0.26735562653999306
0.26751189680576243
0.2704842251723066
0.27045716245555246
0.2715354103169532
0.27334556790507514
0.27614738904548447
0.2745910922810809
0.27919019759070346
0.2746508581316488
0.38744458387648745
0.39116687310257886
0.31222981310634224
0.2829943061127184
0.5385151649256866
0.5161689610974428
0.4991616849276307
0.48382023600171037
0.2522287340049364
0.2650158641495089
0.2993180073226107
0.31295892411266424
0.26000082716520795
0.280345162050037
0.27581814801346405
0.2796932913361348
0.27789573045650273
0.21878356497232168
0.24460592620768112
0.2824222492714092
0.33411976525429027
0.33423830196905
0.3343144154565395
0.33438599086300114
0.20502347813938432
0.20212281627234113
0.19291040379359717
0.19309398268283823
0.18412353474176105
0.18411448307118192
0.18410307540971166
0.18408907373956632
0.1762026977158622
0.25360765420878895
0.29829005499541345
0.30199324850270043
0.2903649958282887
0.2902763649537994
0.29019166896979665
0.29010967524499576
0.29058573263143284
0.2928928504553383
0.29278884217857265
0.29268938524541677
0.29306401709888724
0.2881127351808144
0.28503109761077955
0.2821796671622223
0.27696914498457653
0.2893717722036786
0.28579619742381623
0.29636260452813373
0.4228841786877973
0.3523000871422211
0.27121768214618047
0.2743953663221481
0.29172087014245374
0.2655641643160024
0.2531496896289109
0.25593814771580514
0.2355082104900856
0.23747284063294427
0.2167381719337981
0.2327330255773472
0.21309303643433056
0.2440538292245373
0.26774660656913557
0.2930016738311747
0.3106491995726037
0.3109636541917756
0.3248598760970849
0.34214695771960607
0.35513885577154564
0.3649393032654851
0.3718852305595874
0.3769372568014052
0.38169761220295184
0.3684488928568292
0.37277453371479097
0.3830342285372583
0.3912965973613604
0.37449580211671646
0.2957699365059842
0.2989708881939291
0.303037644239308
0.3045892920050316
0.30561071655596317
0.30624726167778843
0.30831131421881663
0.3064562949391906
0.3057056291581878
0.31621247387440454
0.38715410462010574
0.3904346934733033
0.35796453746073026
0.37164831897713985
0.36672405618190895
0.21687349191173502
0.24666014301503497
0.2995718154340608
0.35582872188639225
0.37460861066909396
0.3898953723847718
0.40874980431873825
0.39769547994850885
0.3467501416528964
0.3705974986221789
0.3832173123945068
0.393631038005491
0.39011465961959657
0.38289078753182254
0.3767111751897212
0.37834555188616115
0.3641820479250982
0.5973568397998564
0.569719767801769
0.48627766195517164
0.5036229552963638
0.5122055481929605
0.6201035860885978
0.3070138319146344
0.2643754126724288
0.32553100608892205
0.32560777496143023
0.30656508434332447
0.3042213057171513
0.2579790426273875
0.183413461083961
0.1741459992963987
0.17603554352038284
0.19871555920969539
0.21781538954736568
0.5663195560661641
0.5653009139332605
0.5116982186018781
0.4690122491564565
0.1926487186340335
0.18109521672159157
0.22184247614537844
0.30572867208868487
0.30113281796036445
0.275833938876879
0.285712028603459
0.26694693972764116
0.2395733860564278
0.171465895937645
0.17126645082370826
0.17031487284827534
0.3229098100403163
0.24923125097327922
0.22344461138738828
0.3305068005624497
0.35663800312718474
0.3504423336872946
0.30474372808646966
0.2853923514409411
0.2927276795190164
0.23818620577652785
0.2061990365980073
0.2247087130784787
0.2040595131553905
0.25220893751089474
0.29444774307647376
0.3259478209621461
0.3458447922733829
0.36304381951553893
0.3743647380980155
0.3820233272879226
0.3882422394369968
0.39370111353865406
0.39816075806834145
0.40186754328143076
0.4031201147539549
0.4029654888719312
0.4022419000387473
0.40154172257686405
0.3993632632011727
0.39563288113096234
0.3743573404988357
0.2814968389157496
0.2801331294881818
0.2802957528954767
0.28197231153157837
0.2850296038395985
0.3004182104038093
0.3385105680891527
0.35685824903344
0.33684685982775847
0.3600831579747566
0.36712274040467535
0.3195578167289869
0.3361809527398754
0.3662886740419478
0.32497930102843436
0.35545182317976365
0.36836272901454054
0.33752526643875347
0.36149324599032745
0.38890731523607913
0.3361468760825605
0.6176940304228554
0.602109781192663
0.59531279627785
0.5820767872492199
0.5615165633937406
0.5670214674138772
0.5714531668530011
0.3023609532348714
0.27859151523202125
0.2361290916996709
0.17370588722277927
0.1643450762015023
0.21910558127878282
0.21918762802047392
0.261506135112763
0.3248658005764789
0.3072346669176254
0.30721291894279884
0.28345158499619594
0.20165272948866828
0.1923813795123706
0.19570930650128116
0.21743659912950156
0.21742207504705746
0.2703159979143434
0.33529708179820045
0.6377594681623651
0.6350582456736531
0.635375202641116
0.625607519105123
0.5870887972993107
0.31971755327526125
0.3034618752442535
0.3058299682147682
0.3058026930311636
0.3057794389941412
0.31088555946823315
0.31206301601249425
0.23393265199313024
0.18778361308121347
0.2438751673309742
0.2974470033929867
0.2971434837389591
0.28274913455709716
0.4298207204919254
0.3481637984191598
0.22119345930089007
0.21612771626326605
0.1551410933443591
0.17544110064037918
0.18475350082064293
0.18797476530773005
0.1891986081362441
0.19080821576818818
0.19210890135832123
0.19350740646840783
0.19673088658493712
0.2007213352701544
0.20432461254084724
0.20766759463552634
0.22475553368008847
0.286061928850753
0.306454495627607
0.30385632024816517
0.3129080268337103
0.3297252347859979
0.29537284350957604
0.24421026829171388
0.2507208800374429
0.25607162448238024
0.26080230426272955
0.2652369473223495
0.26991888145904835
0.27399710020098655
0.27788704628422106
0.28167204466897106
0.2868325984753665
0.2899215319668115
0.2920779824374077
0.1710053279537701
0.25474068057903215
0.31497928898773897
0.3568503808854304
0.3848939434308518
0.403068603997524
0.4092089477964479
0.4130295143085609
0.41525424865039634
0.4266895753991295
0.4259424702321531
0.42414319849852583
0.4211958425609962
0.4466954867934842
0.4393691460687549
0.3633298568627647
0.3214733621433518
0.3369810642795387
0.33067932654105603
0.3127935493576328
0.2728859982092879
0.26326367307958337
0.2666974902943909
0.2675742649415217
0.26697110902848187
0.25311481410948056
0.2416005921218064
0.22918711121466775
0.2163699842701766
0.23170582072640222
0.30775371347032904
0.3336334286268943
0.3241799880915609
0.2949205549329149
0.292741463616795
0.3016790347316643
0.30249319769062555
0.2743687627487441
0.2482933500359695
0.3080197585402559
0.30363638341391475
0.30147463704071154
0.3109873580575039
0.3106996894638051
0.3104160827894811
0.31774643773444483
0.29965067846102206
0.2995706041162342
0.2943536336285289
0.29160957434395557
0.28775727252261035
0.309930582154905
0.31423340593430016
0.3184886531303049
0.32026858379461554
0.2452538435067129
0.18518401324440859
0.1927993366054253
0.18846749127155582
0.2271780017180858
0.3047022343599139
0.42813242189554723
0.3682281105871832
0.3459947752946107
0.5940978671829943
0.5354523851923854
0.5301098667396112
0.5319428301450765
0.5746403534114982
0.5214873234262987
0.5097990249817717
0.4761280808846235
0.48493178648642743
0.48756000037734293
0.25466873839626436
0.264975305430784
0.28771991524631224
0.3051721536634782
0.31858548823219407
0.3283454128616975
0.33597997670072344
0.344110832303327
0.3468197452173711
0.35728995197433183
0.36708031501699345
0.36995895203542006
0.27339379926831203
0.27662464065398445
0.27894186766853046
0.28471462103952816
0.29264399799477375
0.3024625610923686
0.31385125878605796
0.32527754016248217
0.33364633916394076
0.34137718753492224
0.3487725911005836
0.3547036128263538
0.35451276728275494
0.33740672866734434
0.3241648318379374
0.33239800092920374
0.3290979874978321
0.32643487230592716
0.3281130712429559
0.34202171322553154
0.3458034054648996
0.3560131439894609
0.3570038977372067
0.3836403811467111
0.40154715867049284
0.4441793923496215
0.41870676515861144
0.4420567517994131
0.4366095118662245
0.3821604571523772
0.3942495352724914
0.4084708237281491
0.38604213140654525
0.3056477458525267
0.29595059760971376
0.29104963172657117
0.2775664866018824
0.3705851633962652
0.3122023762549113
0.3112959974152824
0.3231737298774286
0.33352747048104253
0.3324089474625782
0.29376983064644246
0.28929762016318616
0.28114052318859456
0.2651473659681535
0.25584837300084806
0.2517196575113342
0.15850014124577058
0.14338295199752024
0.14676948285983496
0.186074632201702
0.195680989768306
0.2223933184557131
0.21643027091089415
0.23815826749767088
0.2381480448977151
0.5021709258290347
0.5023809699921588
0.5047849884047391
0.23740977853814
0.21639942845945692
0.19176751455288538
0.1833722716138083
0.2607853284514391
0.2827514411137221
0.2970974926724109
0.256284860137214
0.18950441458847422
0.18977362824770205
0.3277545389351415
0.25232217114010225
0.270397389627084
0.2861385844025406
0.30925813326189666
0.32308150067901886
0.30195353230310773
0.2995439022147397
0.29147276203829375
0.23938172830236829
0.25419533978135517
0.2801248697879106
0.2436865456891623
0.2858862745766432
0.3121211297288386
0.28512036256749784
0.3191803843940461
0.3473229466319393
0.3620247731275513
0.3636143545817513
0.33542316999124394
0.3614583793710003
0.3815965264176446
0.33930367361413155
0.3679656261068707
0.38832460846883404
0.35699058713081383
0.3797792644533406
0.36367419327463557
0.36956196023640764
0.3898535214388641
0.40379041809056154
0.38410988326053197
0.40067202466226864
0.413218440167472
0.42109248389380366
0.4282735247095077
0.4299493406239959
0.42534282860808337
0.4286152957985037
0.42931158335212405
0.3231315158531874
0.3217624005481908
0.32075163510626115
0.35791593631114704
0.40929210239351604
0.40931389340410873
0.40440883616317463
0.40580689429652833
0.32333577676116193
0.31619014652834176
0.2993254648182157
0.3162010800057153
0.3109452420772214
0.3375140484685368
0.386093541492531
0.3795154919252233
0.29805119331678515
0.2980367496784051
0.3015519679269151
0.25118155948713916
0.2588933383639948
0.25097429247257735
0.25890193103322406
0.3345119886360329
0.3347469424074448
0.3349517164078416
0.32572055595308635
0.307985897237402
0.30787321559942654
0.30777848966603005
0.3170627036192309
0.30174199963845244
0.3234748173427828
0.3234619148517291
0.5874770290074478
0.5777877147744784
0.5776956970223557
0.2885171319685795
0.18551096672830933
0.19107587849145213
0.1921984258347235
0.202914189139581
0.20284731510250265
0.18641312141278862
0.1971838887315123
0.24871719350096425
0.27717187577863484
0.3495409842356953
0.274313563274357
0.2066562004568435
0.20663096195305772
0.21362632180150262
0.21001160644286185
0.25572228448775286
0.315522119365908
0.3795272080486788
0.2908267325371809
0.28236086212329525
0.2617428345695011
0.26440891734618144
0.26730735941284756
0.26817144792076897
0.2739051249903943
0.2359085611871512
0.23249398446181535
0.2035197574503749
0.20726206333834477
0.19111122319609736
0.21094958550387802
0.22368391781176217
0.13323403170563347
0.14254589311240437
0.15425198199921947
0.16417728364775927
0.17275013223891417
0.17940367442158173
0.18739788218978393
0.18899309015086022
0.19710973712237712
0.20537056214392405
0.21346540641104758
0.22128539161970293
0.22891029548425718
0.23605785174002092
0.24213320739972674
0.2477454629902829
0.25305430335824775
0.25905046539598653
0.262381225750813
0.2651366545841356
0.2675127626889457
0.2711576438568001
0.27080630572605385
0.2709665718964963
0.27162417747729134
0.2809093675839057
0.3375167808821804
0.3360404682440182
0.3303870566277113
0.31542875444943336
0.3302071291243561
0.3445092526237511
0.2969014988336658
0.3403755085463344
0.3717343341317373
0.3265390609734314
0.27190833186224433
0.2706581443430193
0.2977109979838288
0.28413913859349993
0.3135131207101465
0.36969140647931265
0.3675546647636979
0.32466004265115816
0.337052447524496
0.34123635719186407
0.34379027465755735
0.3433826405715887
0.3237545073955542
0.3191228276302331
0.35302174786982976
0.3589052763284162
0.6228953245855743
0.6025750544024571
0.33525082261680145
0.3162854087339762
0.3155338540443193
0.29753515333700964
0.29291844237827414
0.28514686970601655
0.297296858040539
0.3001793489621478
0.29544310402743684
0.3137491446692452
0.29029012551057226
0.27782549761636466
0.27138294865928325
0.2677297803784963
0.2832518078033838
0.29012620305240494
0.2828880044430911
0.2770522964811095
0.28086276804393195
0.2837031081308091
0.2822136478507932
0.2792660347848442
0.2762789686291174
0.2930673464547331
0.29828809325782
0.29674823145749984
0.29577669955789243
0.4445045751725605
0.35663254437337644
0.3001973770667871
0.31517171087832707
0.31058679073379675
0.32469924844979614
0.33650169726835666
0.3219090748832964
0.2830919380874151
0.2907609646886633
0.2879000696950208
0.29819089832524825
0.30465200944270926
0.312512189690214
0.45970754669069896
0.45472794974335295
0.45351399095821265
0.4565086200611351
0.45494903899929406
0.2074299969340165
0.2053928112308543
0.21953300136421836
0.22998573919765714
0.2375374219361186
0.2450214335489295
0.2523696663110503
0.2595840726759063
0.26076311589418827
0.26917217209512356
0.2756523005053578
0.28095251761975615
0.2853689038172589
0.29110904048304626
0.2946873828367168
0.298083968336401
0.30138280629877867
0.305549509057942
0.3052487618486843
0.30503778452554026
0.30496682908123496
0.30942952003764784
0.3751601895346063
0.3897895601209008
0.3697434075563114
0.35639713764118486
0.36864683184845765
0.3760959545449729
0.29195229817192125
0.3473326510860403
0.3691232360924928
0.5655188129209024
0.5713508422787372
0.36002769243771376
0.3685962977482113
0.38159661392497823
0.3957094871441699
0.40567274528881225
0.3709676323136328
0.3771753498819772
0.3675890854007417
0.3014574536883968
0.2721035683005666
0.2756984163742014
0.27741432052405796
0.33374347263769344
0.3337919479947271
0.33391535185251264
0.33404398051074885
0.31628997770901757
0.30680226090247437
0.306705880770461
0.306625050503319
0.2958309378457554
0.29182599048536306
0.29312671273498775
0.30539051602162753
0.29627303134463656
0.2946444231128531
0.29141399166540344
0.2874863106050752
0.2745760689061709
0.29783568015437595
0.3069162448946857
0.2821842546286273
0.2839116646169236
0.2817265136497766
0.2793177985532455
0.27913528974443025
0.27775504659274564
0.2747483628674705
0.2529500360650869
0.23590013682869876
0.15961858311303276
0.16907873519403366
0.2114533518556751
0.20211574773735072
0.43840540270420697
0.2439218658663324
0.35573653536312266
0.38563284011169646
0.37768100603155336
0.28727110976676634
0.283779138825324
0.31496597234670565
0.29597285389517775
0.25479671891959865
0.26363559989135876
0.291069194732938
0.2965627116136954
0.3230005949941038
0.3401598962131319
0.3566273775987289
0.3522942751896465
0.27448584903246803
0.28397796840057166
0.29223221247694237
0.2953435243073026
0.40102641036886566
0.372488988040351
0.3085593761417933
0.31467081672837993
0.32005165110973527
0.3257333575536834
0.33188661284353915
0.33628474919387014
0.3410628893825838
0.34474556138975376
0.35273170704029694
0.3542618414510955
0.35585678049530717
0.35781940057563244
0.3602434670776946
0.36595178067793405
0.36555349897182954
0.3657073297323365
0.3663253451126913
0.3713049695937772
0.38447552950415925
0.4489318823547887
0.4358156280000606
0.4394359918207307
0.4516808415449948
0.43102330838059255
0.4419349258667925
0.4750952721524139
0.43812832183804196
0.44073900786020664
0.4275995755227821
0.30671933933098133
0.3128497465131901
0.2867600098671075
0.30959292985937686
0.3247461839710711
0.32482098481861393
0.3120560794015887
0.30260517349875504
0.2774658226936955
0.2754991697166021
0.2744838818445387
0.27173504873661836
0.3334500359453996
0.33379808630478874
0.3337742555342153
0.33398016629254634
0.31695774165739704
0.3176893893889827
0.31852116036551337
0.3194489069028785
0.30979121383417046
0.3096886638353134
0.3095904385119832
0.3264579485200915
0.3040474792548451
0.31222685429066566
0.31179405190754506
0.3113778522964739
0.3017651448716543
0.30153489459220345
0.3013146941382115
0.301100963255221
0.28734059415979646
0.2063387290388877
0.30630192933698325
0.306279466254886
0.3109900652793856
0.2313704018891605
0.20017953761872959
0.19449478303601286
0.2504889189876829
0.31105121983853107
0.308938314524033
0.2836362320445686
0.31699899305125356
0.30785082507542744
0.27885854292252643
0.26241952387192524
0.26102901716157906
0.24655258573110525
0.20203584646989328
0.242486531473901
0.1897536504211516
0.20009370145406907
0.22877715865241754
0.2508215960213595
0.2631517862931059
0.2774640749607475
0.24129588863027496
0.19672794231964136
0.20501716176016008
0.21152717784052905
0.21632454574535606
0.22053182643911762
0.21234172619611189
0.20922097468024456
0.20927269640944807
0.21151015700647852
0.21538245104494608
0.21995431834945908
0.224830780814498
0.22986637531762014
0.23620805694027794
0.2428170195860708
0.2500358009766717
0.2577006246715988
0.26949741288259216
0.27691447480338127
0.2773845665490743
0.28386779821540264
0.2900481322106169
0.29233294321171993
0.2757085568429397
0.2904931240294709
0.35801104330146183
0.3650408155043914
0.30369010032859434
0.3143101423094681
0.351511633635896
0.30476461361977375
0.33409628283049636
0.36139498803731285
0.29695251132561495
0.2539148883884822
0.2672328188246195
0.2891585594567172
0.2726410949993811
0.27601787226262114
0.28521457215596036
0.27529766699491315
0.27544969052106455
0.27729655781475443
0.29383906464117154
0.29040607849147293
0.2879035639029765
0.2980124281099342
0.2876221809000971
0.3077491500683793
0.35097741177777186
0.6154197051249348
0.6132396640830358
0.6137542083271119
0.596748131571189
0.597392237579831
0.5980727963459759
0.33141132511100396
0.3040693100233213
0.3051364492597259
0.30625881444419667
0.3074331269775816
0.2994797527492897
0.29851820245335625
0.2975911808676684
0.30652068004603783
0.32438895366525633
0.3260734324918377
0.32656309637849407
0.3270608678396522
0.31233104487213925
0.30375319216087776
0.2626105335953119
0.3117253815427317
0.32499154289136717
0.3633667450441219
0.3621898048454226
0.345669207918059
0.3502272426803293
0.3466115750998899
0.3369643978643516
0.2984333794233953
0.27846411882200867
0.2776053253220763
0.28332408665873715
0.3219625743316258
0.3118851689862805
0.2691872049836028
0.26793502778959166
0.2653227812807321
0.2430710100693592
0.24333501134624544
0.1775557501075745
0.1580316783959113
0.39916343131915283
0.3943412012367604
0.39274270020364815
0.39157346590618786
0.3850363021917426
0.38579524851297403
0.4782224691438066
0.21825267658234057
0.18983763996764538
0.0800498494191392
0.07603378798846515
0.07325757525356448
0.07056995009883407
0.0681969562861727
0.0683847551600332
0.07691154636154338
0.08591700541070779
0.09396982225828998
0.10179318579013828
0.10937680234952762
0.11591938106326956
0.11884835635452438
0.12081479271112831
0.1223795371482766
0.1286757971456385
0.13344865015928234
0.14048991718642795
0.14925753499728323
0.1566690909595485
0.15774979464094932
0.16356500132586357
0.18741215799632166
0.2544405241511851
0.2615686109457308
0.24431217810999642
0.23748355659617365
0.18302027229669288
0.2639814341243738
0.24041704411769166
0.13834403370133408
0.16871963729132797
0.16999525274393998
0.31519080013775197
0.3121011955662231
0.3222386301926237
0.32982263438070075
0.3302838061696638
0.306103170860067
0.30650156911531773
0.31211572291006173
0.311435048757604
0.31838852672661805
0.3357197436572002
0.33588802080111574
0.35303466065751
0.34504070645422846
0.3199745356872802
0.31888295030884717
0.31900231521815514
0.32247107327211283
0.3342068714529095
0.5978035140601511
0.5947456661516766
0.5943510603480262
0.3205142550749962
0.21047160820242727
0.18559050533593655
0.18536076865535178
0.17381648332660787
0.17359651007237709
0.17348352660795338
0.18424612360527234
0.18479010706555463
0.20358940128423164
0.5040448500170404
0.6091895997533846
0.5867052887850083
0.2503069748528317
0.3121042780381235
0.32169799298590507
0.3671978164081737
0.35862985121562835
0.2484221425046923
0.27590204411038916
0.42853285208474967
0.28049123845195695
0.24334062760082534
0.19713077834066645
0.14216811492426137
0.20464685401307797
0.3030710317752311
0.30653641055598957
0.22680613033917638
0.1516198192221378
0.1364098136343616
0.11115839745912696
0.07869244354241237
0.07444382691206503
0.07642305487846611
0.08656442872907455
0.0991205799917929
0.11953660952688312
0.1413538412230234
0.16412058413587916
0.18342093496815548
0.2001406450052764
0.2143465600648157
0.22650626258545692
0.23720743801259503
0.2464241344361526
0.2542572295717661
0.26096786649893206
0.2676448742364814
0.2736281704780095
0.2795270414714122
0.28546000988616377
0.2927916552286365
0.2978578899006699
0.30250959870638355
0.30676360979632755
0.3122138377770596
0.3134500746392565
0.3149364693251539
0.31661953359476364
0.366469637362843
0.41682480689488055
0.3047703780868378
0.25270196803834627
0.24481554761994942
0.22206783402137717
0.21461224313015687
0.4516662715509715
0.4775399290315185
0.4823675416883595
0.4909290281185049
0.2395188825866486
0.3202362589579381
0.3854522767756382
0.3894960015889062
0.3252421969581308
0.303505971618608
0.3035682724672165
0.3073947064276709
0.30785362496279034
0.3051145646068806
0.311909824929744
0.560497535396702
0.6186373721316345
0.5713813266289977
0.5913041522718365
0.6108008518674254
0.6107711502372142
0.3257520682692119
0.3034565678840507
0.2893143792262277
0.28502426665852004
0.2707137906467416
0.2685827962799895
0.2652768909756204
0.26499883970293486
0.25527076923053477
0.2603159933165771
0.2568925465802836
0.2645043842409533
0.26554521818077903
0.25708103606896493
0.2550384794247294
0.24436010664971747
0.22870393341889572
0.22333158733112432
0.21907737266049804
0.22125835093691226
0.22732454862131057
0.24190690352534153
0.23923999146182978
0.23613657595771956
0.28108085547317396
0.28351163921632416
0.26243626390791513
0.2604687684419918
0.4553665076853079
0.3853145349581365
0.37554679717488076
0.41223943067223895
0.4210943218204652
0.41852728745863677
0.3859119089145415
0.3576186457806566
0.3351264190270912
0.3585433486471423
0.3746962695066327
0.3851513988876803
0.3196139847295866
0.2925687217862585
0.2971624356782418
0.3275316380730031
0.4050190212112564
0.41228322194832606
0.32627047214517346
0.31475806953651597
0.31073084298461506
0.31543733918645417
0.3190929273124082
0.32199815571615187
0.3433524379475988
0.42962160256148324
0.3869943152182905
0.331801742541145
0.33572771186298783
0.3390671075258251
0.34229851370457687
0.3455128922842245
0.3496137809193286
0.3541648232378072
0.35697947720618195
0.35987370136056046
0.3644646580655973
0.36511578567109426
0.36616051211390155
0.3675446895364132
0.3596968933374157
0.32290904663580694
0.2948532211806501
0.2745040588354496
0.27337441898979725
0.27292256516387875
0.3278718064631668
0.3820949074863574
0.41479737291265467
0.37769315676327664
0.3888429773857332
0.39276835967673956
0.3613874776315294
0.352155481808176
0.34221349588991223
0.30646226434321444
0.3292112725925389
0.33376855690861096
0.27592139977255914
0.2720699523850233
0.2668869637256805
0.2549549209160593
0.2512103579336174
0.2757539058915199
0.34274215762252763
0.3429065182077964
0.34301156908088065
0.316719746699919
0.2979241524003883
0.30731074256653584
0.3072909746482388
0.3072734233314059
0.2978399626942222
0.29766483354067197
0.29749666468671104
0.2973493523678873
0.30754577143423456
0.20474684550519823
0.2048935819108829
0.22283254027736338
0.3010506701470774
0.2556326752737803
0.21215856041036718
0.20245123481602753
0.2100742872097628
0.31095800382032734
0.27344696753637593
0.1884283624578807
0.19498767080373927
0.2891620602413138
0.24313871216921198
0.1694335116681771
0.20296657378116037
0.2125129141369695
0.30852690904255986
0.2684830357039404
0.35438916415171123
0.35090249292298575
0.2835882176945415
0.2310133408686884
0.16857591449777384
0.17707397811701778
0.1792639801317909
0.218739313675903
0.2528027074999852
0.26523691791348986
0.2696242233918603
0.16748522023450893
0.4010347479171714
0.4055578085763402
0.17570163305058245
0.2800152146663043
0.281739384074239
0.22176506081911482
0.24119882953871455
0.25745760692709924
0.26360725050081935
0.27705413114581323
0.3031235623649403
0.4015503478261709
0.3783679948690555
0.31504743261816315
0.3260503455671863
0.3376173473339857
0.34577130286970076
0.35037323778556273
0.35193391164934795
0.3514695115503255
0.3557334128178365
0.3586295649007136
0.40237997605495346
0.4287810885205285
0.36309553087770363
0.3151918678632031
0.32974128344116577
0.3480999522757545
0.3714205509537654
0.4083627349596528
0.4331722133146507
0.41219337874371903
0.4042791569767054
0.42180168679692326
0.43764625979487143
0.4126083241094171
0.4560439750512168
0.45131683103186504
0.4388451684015682
0.4446916044368566
0.4716914168532923
0.4660995453122138
0.4493326016733037
0.43816879122920305
0.4457278896750103
0.40368104452467457
0.34457402415949984
0.2685422786096115
0.18453152971026449
0.17820170943180988
0.1711520529558825
0.16468844358955217
0.32431540850917556
0.2976050619134568
0.22855387873343302
0.2192717007458239
0.20207768435792514
0.2025314108592151
0.203033062071876
0.2035766989665611
0.19409683653773255
0.20297579041665528
0.20276044482820502
0.1934520579300385
0.18614534236195115
0.18580967790267705
0.18548680338971382
0.18347017988192563
0.1905084020772064
0.20230770183384827
0.19612832614610837
0.19314665046685456
0.19083605075673443
0.26095690032130847
0.30468139799216
0.34602899879358096
0.35334896007044586
0.34108819419002023
0.29512584646569745
0.2908475634262157
0.20431215355896082
0.20106820935484912
0.20046822091272115
0.26193111327196245
0.42285026062472103
0.34565862074862086
0.17594862955473614
0.2607501786977872
0.23911590688531778
0.18044932691892895
0.18182306554958996
0.18042677167829463
0.1534353696492781
0.16414151797086365
0.17238056387331427
0.17887409906796722
0.16978170248407562
0.1867163290447237
0.20104737672759024
0.2131641889649384
0.224654970080535
0.2351263702621541
0.24377385163470955
0.25100615611073357
0.258086075785306
0.2653876319134372
0.27256174677919526
0.2796219255235922
0.287168192179468
0.2948298564453884
0.3025639296179104
0.3103633111335807
0.3173243391745571
0.3226714011046176
0.32696991696939137
0.3305358769746144
0.3352011170670129
0.3375837541754186
0.33974006009140445
0.3417604327830385
0.3459276832614887
0.34660188424467936
0.34806576641663106
0.35011121638627707
0.3544502935819885
0.37931528140658827
0.38938445382082654
0.40295145255406156
0.20875093402709496
0.23218537014565796
0.28850625075637304
0.34586319904096785
0.35772699827573107
0.3948921936072414
0.4185193268532153
0.43273858313667896
0.460509539254381
0.4616364582523525
0.4581898133001883
0.409683970221501
0.4185243217662027
0.406745106184139
0.37674630352169164
0.377745851675706
0.3727383695672928
0.3672175630820665
0.35379073862941546
0.34786779347478125
0.3070697175556389
0.3160034757405218
0.31669284569246864
0.31763808110066033
0.32407756714305547
0.3024789657220039
0.24255480653981537
0.18700563472717466
0.1759494818867043
0.17496518647497927
0.17455793562963767
0.1856557934490087
0.16829640320420977
0.16672228762347543
0.17635723159231273
0.1746563698479096
0.2788019425031248
0.28970323350620225
0.2930137511774633
0.2742876307180262
0.2933703295748732
0.29487123531563825
0.28382422831756327
0.28817006401540723
0.28075746906246624
0.2779888642341235
0.2859207485948099
0.2733335136365951
0.2874542947689267
0.3027007481984794
0.3067472468644825
0.34267797576632175
0.4706221400581177
0.39235616968609366
0.32319336867629916
0.3347737646947454
0.28003813632848934
0.280321739000511
0.3078050572394732
0.32416612117090166
0.2951789573610848
0.30453397907342294
0.328714434048039
0.3475067582249066
0.3504130912770365
0.37241492288492173
0.3901426596963182
0.4045467957200059
0.41317182091750715
0.4230678380039987
0.4294767460079958
0.43360407530882555
0.43781878132919005
0.44256264044400906
0.4474243581881647
0.44643738201354005
0.4530940488153748
0.44669550007900743
0.45505551379078435
0.46143983521634657
0.36799359350507654
0.3672064335404197
0.3710097938719269
0.3765532717258947
0.388036419795099
0.3938493245913127
0.3983288186215133
0.4018846185751105
0.406275900385776
0.4061702265123575
0.4061098972155427
0.40612609476312855
0.41064891893433403
0.4203951625024845
0.4741205219356112
0.48594501850512206
0.4848167985228494
0.4905448301827934
0.41383802310266693
0.3883405091120952
0.47497556805421426
0.48506451276410717
0.46297618976138627
0.47572136097275775
0.4732466857851842
0.4096248994259441
0.47971937581862206
0.485284374909221
0.46249313823314414
0.4455293056892264
0.30250231980750536
0.2750199467960435
0.3379987690961078
0.3179693352499326
0.277959492810299
0.302644005278021
0.3287516412495679
0.33371844102166415
0.33367532611091727
0.33247768780648
0.3110175700048507
0.3085261417736217
0.2954624811429379
0.281831630958804
0.26962212935900914
0.2670603383251877
0.2665309145418669
0.2655022965431555
0.26057408878250443
0.2566103469228515
0.24870395744137722
0.24909529440035424
0.22504764754224477
0.18677029582875024
0.15212370094198147
0.15594472695730696
0.15828327420690685
0.15900051296100534
0.17188211982741597
0.2549489747723296
0.278342910328409
0.2735941495617572
0.233476498460085
0.15989785307487744
0.17811511757934848
0.17904622921340183
0.18051382724274564
0.20397527759979686
0.4545794957524751
0.33193589459322903
0.2399845883258065
0.25098272858289267
0.3080867840102582
0.35357301088882187
0.3465877076447447
0.2638731884848546
0.25144219878749724
0.27732614471132594
0.2748799780473433
0.3038658083035753
0.30761475628997004
0.28589909491183424
0.31840387435275336
0.34528132233815056
0.3160722505736735
0.355767611695602
0.38537368686606044
0.4093618773687989
0.4267128518150917
0.4390051033910977
0.4478488372153848
0.45404909520330045
0.4591173366367658
0.4340809116245988
0.3615230944466066
0.36484106857176607
0.368712980529475
0.3721415740790222
0.3755215716679691
0.3789285103318388
0.3822861268603715
0.3844857040398042
0.3858740249619195
0.3867592565196651
0.39119629100581527
0.390075910303159
0.39067909132153456
0.39208146588929726
0.4209171926283627
0.46818976400209356
0.4724926630689777
0.444665805169238
0.4730527681173709
0.4579768700216523
0.3779919117201394
0.4457090417874357
0.48114604811411993
0.4686842312352309
0.38131607033397164
0.44378559256284483
0.48308250622801646
0.480629998641134
0.49723680112591456
0.7329096502655285
0.7198478304987902
0.6415601912756063
0.6360049502924784
0.6223750342986901
0.37414595264931805
0.3743878910650246
0.3608115347954794
0.36676019851905095
0.3159783430357844
0.31334713782197937
0.31598835548733734
0.31264246967414944
0.29140128862279774
0.288584218597502
0.30181536239553336
0.29828854678264416
0.2799626091442529
0.28998490717255904
0.2825445413816325
0.2758717037567171
0.2866389160482112
0.28063128123320125
0.2772866833142314
0.2863314789817643
0.26870214030436734
0.26373517047354966
0.3067657400276948
0.3080283248500618
0.2944674251913929
0.2934026189146715
0.29267272185716453
0.26227758283908476
0.25901273819387705
0.2696766191500112
0.2773495139960095
0.3372345517334492
0.3457458584843989
0.33532662221322257
0.32132821765531366
0.5864613463449325
0.7179708989069087
0.6288508559351148
0.5712698409675434
0.5792726525331698
0.5501816200510522
0.5610485776022186
0.5647518550169288
0.5587159827976511
0.5181973517670648
0.2533326376043361
0.24376903148552814
0.27790901060892026
0.2894277406643908
0.3029786956652137
0.3332452670327568
0.35632790324734037
0.3152997467873971
0.34069814035410084
0.37230006595441384
0.3452336056783874
0.3781346313322575
0.40313492853279614
0.3904621387767896
0.4125361516749695
0.42831731778792353
0.42071705286645555
0.4369684057577096
0.4490910808866789
0.4221278230301006
0.4384368208221999
0.44668626039497294
0.4510925488401348
0.4554222154304453
0.45683078427336216
0.4578725906786569
0.45810042496373055
0.25913216573493975
0.3047926555580866
0.3639313798744037
0.36936611851040596
0.38591969541482796
0.41252340511753055
0.4298704799503893
0.40138431462727453
0.4163934200818922
0.39764258339792957
0.34603450713400974
0.34085798638908366
0.3674978102005154
0.3751938000004281
0.3963249867947268
0.4022960457943999
0.4144532419551481
0.3932947943407719
0.4047657605482295
0.38750940220509095
0.3944553289302105
0.4065055061207227
0.41110242593773244
0.40989590116291735
0.39999393115117354
0.42142822276110564
0.4309355569096078
0.431836396515122
0.19964193075198414
0.22267031308785953
0.21828684674580084
0.21719910642757115
0.19824413267699706
0.19608984620255332
0.18377981488977294
0.18174190594363748
0.20988963510071257
0.2887248825208569
0.28629412343260324
0.2854145768702186
0.2753384586322635
0.1892019232291725
0.1898845703750183
0.18922083710806445
0.17954957349611833
0.24794061421964167
0.28705003126300105
0.2826004646757329
0.2928724369119211
0.3287231322004011
0.2185403368018896
0.17572628882867897
0.1762079660191383
0.17605914742187886
0.20440572789772252
0.27575436410691834
0.27580483813705536
0.2747233459409745
0.2978359872066351
0.3043365351866822
0.4109468609701184
0.348924851809212
0.26218158648844886
0.29387406879709516
0.33250204481702755
0.25815982174879376
0.2711727853072073
0.30582264982590496
0.26569040192487003
0.2813793196784516
0.31946801330865754
0.26029869434150094
0.23993388380866695
0.2739970621325408
0.30092678869227907
0.30650966897563303
0.3113017228564968
0.3201562038004724
0.32819897648788277
0.3356934618863664
0.3395925757512102
0.34240053277412263
0.34304534267453013
0.3363705161670889
0.23752642879388813
0.23990183345173888
0.2434698223901639
0.24798081333854488
0.2525145540722992
0.25602204207395496
0.25891896898071687
0.26137655978479213
0.2650493202950299
0.2605994377754042
0.2638318764663007
0.26633480862348086
0.2711828305996698
0.27150358952569753
0.27230313760183567
0.27348955960086163
0.2821092824594802
0.20925318931150372
0.21347084486871118
0.2013899757604433
0.2739875983102859
0.3102398029476897
0.27905912718172937
0.30780338261830015
0.3542458482071005
0.3315162661095148
0.3404547490885355
0.33061707423480147
0.3535621677493178
0.3402335160177142
0.31105621454459126
0.308344508479723
0.3078150529748216
0.31348603070426473
0.2971870195419369
0.2562246423738429
0.2615051007585989
0.2628110698669913
0.2730354410234782
0.2680441434938897
0.3254751984945269
0.31606850442487955
0.3160477067287332
0.3160093539120633
0.2982957373618189
0.29817590425682133
0.29805946481148105
0.29794506954692146
0.28896847378090607
0.28894840725309223
0.28892906575407534
0.2889114792201082
0.281315648114641
0.20306859511070707
0.1857619991394326
0.18584985935270834
0.17452252290258344
0.17365861656384207
0.17233778720974435
0.18397171477158658
0.18314679711462312
0.1842827717044475
0.24414345788625422
0.291943456156993
0.2897594426801741
0.2879017308003495
0.26577828987434143
0.18469611934556301
0.2111439164670672
0.2101756391285661
0.21008639067884674
0.21260256645771675
0.40240932526498013
0.3192310824536508
0.2548663605088946
0.2427367970755151
0.14394956065843903
0.13573647497490926
0.11565200239944039
0.11659896935034439
0.11687545155009481
0.19842041958510712
0.19215265984442406
0.19639869244707672
0.17674378162896798
0.18932265489180847
0.20611911520985945
0.21876964687652573
0.22958407204038175
0.14988935253317714
0.14022278144037004
0.1455725138833175
0.14893355201840297
0.15123763287706862
0.15288034445566936
0.15408350022840195
0.15675704471382124
0.1602563582555038
0.1643050798834931
0.16873886912091282
0.17299370080840362
0.1762493650907549
0.17899775759734732
0.18138936229613395
0.1851665697038493
0.18686924422979728
0.18852707692672332
0.19021886728184412
0.19376180177545874
0.1935286485682768
0.1943900248792144
0.21296447080816017
0.28685645087318107
0.2602084483077526
0.2119776090688872
0.2144855618821778
0.2547790021364196
0.234271153804953
0.25098437409976576
0.261875095179027
0.2412517507862075
0.24210713961780814
0.26104563367250605
0.28220906095670056
0.3066016643860354
0.29822160808575293
0.23419055876953715
0.21085601794842318
0.269894680491938
0.2706963243693047
0.28472159300975197
0.2804380336936403
0.274590242967381
0.32574228856237925
0.3188489115513085
0.3304118842830915
0.3163585561504981
0.3166003784367158
0.316851811302676
0.3171466434368344
0.2997577299775089
0.2999600423703838
0.30017515548728096
0.30039342617322523
0.2908693291502325
0.29032711502894776
0.28982254308665845
0.28934564819831093
0.2819377061855971
0.2822180331465958
0.2825173307269282
0.2828275160573656
0.2701028999929891
0.2696947991167412
0.26930585285864567
0.2966940162582722
0.2961437625766418
0.29850829818275043
0.24698433409590703
0.1877948202512213
0.20162522198812563
0.296845566644831
0.2967221141362898
0.23411308893219487
0.1957254063935116
0.17415763369003576
0.18877531504940162
0.31555707121560317
0.47587376429359524
0.29593314159869716
0.28144197785450475
0.29278069050830025
0.32596869593978495
0.28282408706338347
0.2897536004718
0.2899886600117025
0.24898580907428897
0.23101075200056112
0.22010747810279319
0.2149762121470389
0.20942128162560697
0.19718807543264083
0.18007325145940636
0.17581589881984638
0.1778459111655124
0.18737490914717242
0.1970971640429714
0.20689310295780683
0.215815014546567
0.22441464100679517
0.23197362741782207
0.23872746388698643
0.24564065944681351
0.2524056296243488
0.2590311250766346
0.21746859101348523
0.16518993605162394
0.16856372482337237
0.17091218186552756
0.1725558286090797
0.17640068404367762
0.17856444396488805
0.1811640256762034
0.18408571650137343
0.18985745458825176
0.1917620515584307
0.19455499632977624
0.19799322389983012
0.20592324400343442
0.21453324933795526
0.24612552674206079
0.25705505756526414
0.24748597046400292
0.24518503224579882
0.22676534762678693
0.239778174901294
0.1738346649547996
0.22812963943892542
0.2659291090843979
0.2554806537728535
0.32682101488638293
0.35327328401927915
0.3150720502340093
0.2830206057401439
0.30547062772565514
0.2910851698459329
0.2827876243624823
0.33721442052344763
0.29879727801901784
0.3004926369986565
0.30929951750617385
0.30282459501062486
0.3528497114157109
0.339720083269117
0.339695938412532
0.3396851808712537
0.3205633207413512
0.3208143957847879
0.32107558931812713
0.3213552552478219
0.3111607991279303
0.31115102265927913
0.32390062562278843
0.32391029717928016
0.31783845235267183
0.3181595992348908
0.31850751799115584
0.31886994695172255
0.3078560979682335
0.30722289649703416
0.3066190462740763
0.30606428933934404
0.3092341454397232
0.31149440003750534
0.32986760269783083
0.3297485533641899
0.356776062092833
0.3421834500687597
0.318656298384008
0.318623610353255
0.3245678216196177
0.320948917130093
0.3209410114446566
0.3209399785552865
0.45300031105543503
0.28459457522834875
0.28330392726736386
0.2819773753559248
0.2909862698396964
0.27749979585466683
0.24580836303733816
0.24328109365652067
0.21993014346106915
0.2187815334740414
0.21835382803555103
0.21558566012400496
0.18628979286384126
0.19136104801044299
0.18526635283784637
0.17445727750816253
0.1837786055979054
0.19373808624217703
0.20260992526879584
0.2107586409642789
0.20796570517475174
0.20837680546157122
0.21069197005359508
0.21448522358497904
0.2087729722900423
0.1569530027075365
0.21192196133420801
0.22571214196661338
0.2356557526611063
0.190968951779336
0.13997800550586623
0.1419015508784814
0.14624222348645338
0.15623780949706165
0.22512657478766065
0.2387356480639349
0.2243440416220759
0.23789447211936804
0.1911892201550811
0.2378950150281713
0.23568560857380752
0.2123010530494042
0.20358140634022925
0.21696200168465016
0.25390571333410894
0.24564646548312244
0.2660824466761805
0.28766857957165504
0.2905090910586313
0.3264333585763738
0.31068521999302445
0.2597369891180538
0.2754672126821573
0.2769323388207214
0.3011405137639432
0.29590502871502805
0.28378142346365265
0.28458170821432416
0.29136496548418855
0.29371292988948416
0.3027888462393062
0.31855833063891403
0.31781060526087557
0.31293267424884985
0.3410086738901036
0.341406566165284
0.35880081978336226
0.34352709443393326
0.3357017718421564
0.3353221432032492
0.3349538971980973
0.33112363340361206
0.3498161238646609
0.31129720350019435
0.3112792529732741
0.3112594230371398
0.30397403835535186
0.30736200946982223
0.3428508983280674
0.34290194039962285
0.34948570376966864
0.3336754909232998
0.6115731037209375
0.6088766978730985
0.6155695093961263
0.3506020221784228
0.3315075658314031
0.33150916956778653
0.34142047919063107
0.34242938469980966
0.3422424612525537
0.3516847222665896
0.3990337481105504
0.39534100050676735
0.36037441298287765
0.32177290693477995
0.3067316940251523
0.299654862297555
0.26036884422846807
0.19339791793881211
0.14936863698136124
0.14965426825972827
0.22896991600627603
0.26625004208457437
0.2403156894397868
0.24458588734413064
0.28341209450392146
0.2731176175214447
0.20369334563949915
0.1929726429328742
0.19072163419509464
0.18932176287375402
0.16771844078684012
0.07902868386544408
0.07778499880456315
0.0766170692833902
0.07491449417003901
0.0739048552007362
0.07299809888603917
0.07215775899698902
0.070983458909525
0.0699121431834278
0.06884210209655185
0.06778095710606008
0.06737649868251598
0.06836826710680008
0.0718375785787991
0.0740396275066097
0.07915296535406197
0.08197985209530874
0.08481268240469472
0.08764039973409986
0.0927714449193839
0.09357212782689182
0.09487206261059905
0.0964929309481712
0.1045151037379692
0.18258514268917267
0.20384568302246717
0.20063188630640907
0.20783051824395454
0.20198192611679844
0.21019348185786557
0.11545765233630619
0.14631310028532607
0.16152686781216102
0.14956126159363245
0.14957970611012708
0.1887793595986163
0.19065644995453174
0.19407465975340454
0.19861133147044158
0.2568660762958155
0.33652911485526615
0.5642205611313308
0.5017595335430518
0.498876052688445
0.4847692039302526
0.48531093184069707
0.21423131958346997
0.23493839849731898
0.23494734033535683
0.23494656142593598
0.23497099118421855
0.24727264807877894
0.3266838094101746
0.3269314940778117
0.2609957578446382
0.20776381253825718
0.20672666356561753
0.20690274012792023
0.20708162550205872
0.21345744003350112
0.21346813270776044
0.21348153219398103
0.21349526628200674
0.20283663609430277
0.2025162597778079
0.18708231799241143
0.2325803042374091
0.2920671482093053
0.26259330833652417
0.2733549321080684
0.31254802761173717
0.3187586617091255
0.2975251914598126
0.29741193619795653
0.29729790222767605
0.3001379859999254
0.3216311049767244
0.3214937902952339
0.32135718276799397
0.4131636243948788
0.28544510211393154
0.28327849732611265
0.2833325328539876
0.3104497937225621
0.2899081954745213
0.2525890996806866
0.27990169384511754
0.24562267296357668
0.24228865239668254
0.2409203587584293
0.24033219501856284
0.2110221963049689
0.2081068325705978
0.2030826450245487
0.20068887121923093
0.18546931101666905
0.18310423878580506
0.18124737269470254
0.17961879081557097
0.1738474024326434
0.17239273729654458
0.17607067127282408
0.18094978400653708
0.1234146519981906
0.08733659872771823
0.09374911329342547
0.10026651524388956
0.1068845736444495
0.11267884907828964
0.11811975968896091
0.12321482183774904
0.12863467243865542
0.13085666908295832
0.13247619967949079
0.1329734007158793
0.13851879801167474
0.13832057331641823
0.13952746372198077
0.1417431637419106
0.1546974684458787
0.16395279363928442
0.22817711836036322
0.21287247700275563
0.24287246407424948
0.21719574129681668
0.2198013099855681
0.2211295091455442
0.2660375824666827
0.2060591417093813
0.15229629469486614
0.16407426439169517
0.2704592353024055
0.29458383013254497
0.29279705507407855
0.2929921120314525
0.2968727761573388
0.29628915281494644
0.19411145763200902
0.19548878083789673
0.19277452873683995
0.19413509284889227
0.19550468573927304
0.2133000745557591
0.35294346541356353
0.3191874796669946
0.24747046516362206
0.24750316383499674
0.22834784177334105
0.2285762397112015
0.2288272307527167
0.31491308115171696
0.32378377258263086
0.32349392278684996
0.3232101823190307
0.3229320628584087
0.29793219494723916
0.21102400562186457
0.22066521423085783
0.2591932862936045
0.22388181071753707
0.18515335425549237
0.274638928438834
0.3056413270911539
0.327439996840949
0.3298158800704996
0.3297974791143606
0.3297846303013998
0.3398750472883425
0.31878169137597057
0.3167935905704269
0.31871691536724145
0.3246710888886079
0.3210520266229301
0.3210430554663855
0.3210391426931159
0.46128643444430484
0.32311103278031844
0.26870733389446316
0.260826592010031
0.25317312011484105
0.2524883433052279
0.30682426859507117
0.2838800982693293
0.2320653322653314
0.2117234163567128
0.19181165095477923
0.218938474930717
0.22143423869327794
0.22478814509724576
0.23387288631681724
0.24738245945631854
0.17634088583701055
0.21596959018375123
0.22619239047252432
0.2411829959577062
0.2676023902740992
0.28930585614968884
0.30553483094168044
0.31765078580573153
0.32655548200927037
0.33403191190709086
0.33948104233762316
0.34423654839934353
0.3494622141534884
0.3543670181440647
0.3594621878872622
0.364776436905437
0.3565511809843784
0.27135584709063026
0.2762164807361389
0.28109685592721995
0.28725928570854115
0.31552828678863787
0.3848255385835438
0.34512762410433645
0.37258340081570146
0.3643206112339098
0.33332414202838284
0.34635267795908775
0.37031400109125995
0.37907030975627465
0.3192220535468016
0.28222282476152655
0.31449073178158965
0.30512493798260737
0.30104022781743817
0.3128350826818252
0.31147325306050744
0.30438654413219846
0.3680345749981955
0.3101106459665547
0.21356306707930683
0.20572438930260453
0.193044278377777
0.18804173776846786
0.18864566266811494
0.18987673977598463
0.19142809251869944
0.2642442310530365
0.3394275228282833
0.33982157510869665
0.3220610727076697
0.23529808968558102
0.2158703348930698
0.21577676986903477
0.21568214303665317
0.218932992299291
0.230469280519505
0.49448138282426135
0.5904724802753751
0.5973493056921054
0.589821415034105
0.5896177413919652
0.35271550194378604
0.22784568349968198
0.21735795730827576
0.30594765866607887
0.29636659189800296
0.2002190620156068
0.20337360093017276
0.22414670789321936
0.30178736299299747
0.32956113430384015
0.3392843827248262
0.23527909371269112
0.23212521273892717
0.23389487739857
0.24414277395624384
0.24053447249438858
0.24052966524004457
0.27509562133587223
0.4901664037456434
0.3244586778532481
0.18990498875633205
0.19224416228674268
0.1807056631722013
0.2826314535413883
0.2612439012258603
0.2379673770347749
0.20967946356102157
0.1452565449113412
0.1065152737103216
0.1145363310694341
0.10849168153335477
0.12145985347934769
0.13864737414369452
0.14736938196791086
0.16352719400789242
0.17875061761106753
0.1919332969889457
0.2034489308465906
0.21286592538747626
0.22097990368148152
0.22771433130908217
0.23349323538536587
0.23833844586497868
0.24222348049126954
0.24532733145783764
0.24789783973655943
0.25027203393371256
0.25166574832843347
0.25268952095031605
0.25350626947319027
0.25736112840615016
0.25996680895288116
0.26314323108145476
0.26668535210544797
0.2705717048487439
0.26868868350218
0.26630430621612716
0.2636467592960638
0.2965187875374596
0.3615873691771725
0.28137804849050246
0.24868685570955767
0.2601801231984452
0.261160595270698
0.263246194722937
0.26596371972451405
0.299107132630724
0.2925269717715953
0.29282516062316466
0.2799281066076101
0.3013283544724277
0.2812799196584873
0.3701826010764862
0.33220236431018124
0.24672515727998653
0.33202962653491247
0.3027995251649813
0.2222084095832343
0.279130817743913
0.31652917438920564
0.32978073826737836
0.31565151342245396
0.3263332840072971
0.33962246257605583
0.33976027443793033
0.3530778243165486
0.3338853701765108
0.33405845090927366
0.32113488567414383
0.321365228517015
0.31117254553907775
0.311144014483787
0.3111332792964271
0.29836358971692023
0.2898864011120326
0.276005120066933
0.27581399272277723
0.27560436147091016
0.26088388703934573
0.2607702557327316
0.27762204687581715
0.29385108451797126
0.32727817673463083
0.34075182053391373
0.3779434110566931
0.3778235205618102
0.3877848086212272
0.38897751329531527
0.37932866881005106
0.34079074219496885
0.3497057473831396
0.3460926877512709
0.3460861868219056
0.34607687073719445
0.4779987489472116
0.31675656949608616
0.2977512900006975
0.30301704607051644
0.2899587199316801
0.2893364105012679
0.29000122880716506
0.22861027316613985
0.11381489672644296
0.1349424210045744
0.4036143318924994
0.40138040239136213
0.3811035671333187
0.41586881430881356
0.47694384616755775
0.15326643081757316
0.07953761035732339
0.09377808698060486
0.10705309819974164
0.11927515614535897
0.12827107583871455
0.12250470064363325
0.1027119461691266
0.0864801728199114
0.08804013321548118
0.08706912608854595
0.11056768507586744
0.1314877675425132
0.14837106611596573
0.16164501547177337
0.17207957526612966
0.18029015745926524
0.18463596714781685
0.2034136851842973
0.28319996825700977
0.21367100134545938
0.16858481682195844
0.16443986065016492
0.16228815093478421
0.1614598175364985
0.16395692649943477
0.16238556488164768
0.1639433958032227
0.16778361050255414
0.1883751426984312
0.20856737980968726
0.21454594195540813
0.22724948449813367
0.2593267424013529
0.2557279117921085
0.28116597585925146
0.287869887053629
0.3089173148085151
0.3042606234860454
0.30541299127786403
0.29566348831060757
0.30195928140992173
0.30302480157352196
0.32755037941840565
0.34598671739317055
0.34365872024307076
0.3436816656482297
0.3258297149497381
0.31572086815779826
0.329163176527395
0.3297251306182641
0.330319848728468
0.34409787566476846
0.3247614219328748
0.32476699742428433
0.32477136390525163
0.324766669025287
0.31431324639273656
0.3140668002017255
0.3138056314682662
0.3135432953322728
0.29262026665795704
0.2927349106669329
0.29284906673379646
0.3066570088227401
0.2945206711750098
0.31890708893095104
0.34194008486535854
0.341598101773224
0.34132324237037914
0.33391704428234603
0.29522538771965
0.3135591522221667
0.30016372556688475
0.3224002640941727
0.3387341303691857
0.603687000199775
0.5870776715548333
0.5822665091981964
0.4885353712084496
0.4770105860409369
0.4542382438530606
0.21944278593742805
0.27962569746694155
0.36061496413153804
0.3486671314133066
0.33589649465403876
0.29283046122023304
0.29030330082444605
0.22281378896583687
0.2185278931441681
0.21600835614267364
0.12498778672759465
0.09675437988146211
0.09565052726872159
0.09683865224409718
0.09599181327501369
0.08939739842190575
0.08920229532937442
0.17149855340841647
0.19486102086888912
0.18605559713448167
0.18257826880749806
0.18134419760723142
0.11156884402397198
0.07412822411939059
0.07221874277126496
0.07000221901898222
0.06760027859440143
0.07264953818707982
0.08217790851455994
0.0932003338341744
0.10535198890886124
0.11964942634395799
0.12820690658159595
0.13416803436584177
0.13834790638535702
0.14314744959427605
0.1426722352221522
0.14226252133470121
0.14210679229303338
0.14418043124925708
0.14124742113483835
0.12611276370027952
0.10104586359181814
0.11641131295578165
0.12504356814244788
0.15958699659861908
0.2163318467957171
0.22551868666992456
0.15001535856845713
0.1766180302624954
0.1591744934249004
0.19541534029376287
0.20155589783920896
0.22851838859903337
0.5012606875690707
0.5052692876973077
0.4934300809050406
0.4962876823701692
0.4989804554789076
0.33439813998310464
0.31984479001815547
0.3165716492393261
0.32073592923718314
0.3428642218214888
0.3430288798298241
0.3431920619609053
0.3433678484217627
0.32443921853895763
0.3248587310079972
0.3252944581088439
0.325743260907469
0.3151051221653819
0.31467522083554167
0.2473597395587627
0.20831159632120266
0.25916002461889004
0.32020996424212783
0.320213291062111
0.3202181696719198
0.32464010686737793
0.3242755803112037
0.32392878141657916
0.32357452098977446
0.33006357902334094
0.3322731571645616
0.3320835465480621
0.3318969586140547
0.3410185718365365
0.34134681732021954
0.3407548613053286
0.24823436449711236
0.24408185462991497
0.24047838104706137
0.24047938942874092
0.24047767390983663
0.24993511561578394
0.33665519056124915
0.258500037035394
0.19689821408071395
0.18915318592182306
0.18654551640567174
0.18466840976834958
0.18314284063999967
0.13210208430564546
0.15838233298157653
0.21522223944862323
0.16464526907959695
0.0929366655366537
0.09047716719997557
0.08874304417780753
0.0799677083280127
0.07590759048295619
0.0738638144396792
0.0735729564101557
0.07097967423021011
0.06836841156429979
0.0678831721625486
0.07485437070664429
0.08237456834213394
0.09113475984859633
0.09966754640388238
0.10798928021684408
0.11605497924789387
0.1248109276050843
0.13321324334691945
0.14162052452253066
0.14995857507575214
0.15899981644153885
0.16507074022478338
0.1707287648372551
0.1753465450252069
0.24590397624420213
0.2706579713732899
0.2853295414764211
0.193700328095025
0.2195144791711753
0.25395924899949157
0.28470814327977256
0.299861024856156
0.32335256241616606
0.3246062185616031
0.32512359363799237
0.32512412560865855
0.3284334778945498
0.32573073596553553
0.3181890201426846
0.3068254413131014
0.29350896219514816
0.21072193420090402
0.20512034956237837
0.21948819525439073
0.28407422013341993
0.2683894631155593
0.2905040782685965
0.2911596175006013
0.28824156481256463
0.28961020261223674
0.29110814490830966
0.19398611087670972
0.2336962209829234
0.23373795049818885
0.2658072117506429
0.3643926073670122
0.3433196432593099
0.2401995394274265
0.24059497133869037
0.49194252633459523
0.4924237096103328
0.31520921207787117
0.3119423793018955
0.3291473454104679
0.322900879961368
0.3364880782798658
0.31941944462097593
0.3181089356363602
0.30735291526122194
0.30692628667406424
0.30652451756909194
0.3212654595449165
0.32762554825512147
0.32977155261917684
0.3294861161951395
0.3293594168224249
0.33943005230100604
0.3405995276754044
0.35022055926912676
0.3887097022153311
0.3880005949213764
0.3459165066617644
0.34592413169374936
0.3459125590841363
0.39292450986407507
0.318696555046709
0.31634727657565825
0.3113444848042209
0.3014614088154665
0.30988197685092733
0.3066594687917934
0.2799202031387832
0.24509527634762973
0.2393255260217018
0.23009606631212406
0.22200587237355646
0.18278971060136412
0.1785820955413488
0.17576456363577841
0.17503306312538625
0.18474823498255394
0.1983089189675447
0.21205875765942978
0.22582449703905072
0.238108963925184
0.24954142713683683
0.16482454009248104
0.16366127035302486
0.173762261136879
0.1840895413312052
0.19450563124614625
0.20494775605390442
0.21489928100321798
0.22354662917622958
0.23146892696122331
0.2387197751619524
0.24604031222483727
0.24935797246858532
0.25165551663120034
0.253255638714682
0.25936318584697343
0.2594358030407233
0.2607685595769233
0.262964000529806
0.2617041425573471
0.2609877925236658
0.3409633352094091
0.33180209114975673
0.3479137081244683
0.3681110102730989
0.37348870383260824
0.37390282651827356
0.3274759441316005
0.2931029673616509
0.280621383014429
0.27346521329106055
0.3019647065592474
0.3630989327165054
0.3531705756154816
0.3601959646066356
0.3794927127429023
0.3505649710247685
0.23491122627139382
0.31295065026048147
0.3230133864925681
0.5143329910641375
0.5172109699245363
0.22575490340429438
0.24649910571266026
0.33975129594472364
0.35189598095322966
0.25128969199621076
0.23666826067886707
0.26568115103056905
0.22731279282068803
0.31895217171893164
0.3351953119956576
0.28061567897478407
0.2296482307589757
0.22964000704302653
0.2724153222543336
0.31568405310107767
0.31552820143514965
0.31538158793800936
0.3050221803854011
0.30499300518873074
0.3219398986262299
0.30397392224283565
0.23943263858130073
0.20635590330432468
0.2051294803390354
0.2050973275627314
0.18796353936567908
0.18456550915079425
0.1801062223224081
0.17504685726956176
0.18314287096640464
0.2557097604033846
0.25796671808072424
0.25343317106514435
0.2893821322131385
0.2091518875502045
0.1666461834194529
0.1913798922278205
0.20184291125960663
0.23532708576428463
0.18457349099869544
0.14376276075893088
0.12856650527121496
0.13275005216098396
0.12671364612796798
0.1521093025721616
0.16758150483606143
0.18716826011640464
0.18123078245855206
0.1841094972877986
0.1885532949890295
0.2111237516900533
0.28500374520156285
0.33743246638359914
0.33247562455433466
0.2270075730280978
0.22645878240951772
0.2290628509372764
0.2325637828565992
0.2361463202760254
0.2395443501635793
0.24275976199469967
0.2474978104797436
0.2525880330251575
0.25832690749189435
0.26454558603149797
0.2714358280243169
0.27519418831227366
0.2783627558087644
0.2804867050854488
0.2705529070259152
0.24254897887168497
0.24085628403622159
0.2562542370537286
0.2919888002086253
0.30371773520350875
0.2935171159713344
0.24226980723896413
0.2673829843005487
0.26124739899692856
0.2700002396397642
0.29122129195546437
0.25928202344269025
0.23676143592998375
0.24688500124674795
0.2773594326569433
0.3580770735673524
0.3910968735867978
0.3654358088525409
0.3730819281839064
0.3788114969248601
0.3751210570894664
0.2631741651256132
0.24034019943850937
0.21816829324919604
0.1981552727438447
0.17520811192057917
0.1639589882304785
0.21977667573037593
0.2199494266004623
0.21992922438403362
0.3404267934628994
0.3495250366087496
0.3627942719343096
0.529487691016762
0.5190056782677588
0.5089209245774555
0.5777000846555995
0.6274359850302033
0.6275546612674039
0.24965961605292927
0.21205043013653957
0.2107534817715985
0.21064814237106155
0.20013621744927382
0.24361393349163982
0.3053272282312336
0.3051819118233428
0.3084594283306379
0.3204601703668554
0.3944261962194845
0.3675034654771593
0.33534521856537824
0.33652823214508165
0.3195378462119807
0.3405921316374801
0.33387151431258283
0.36876265352520193
0.33387701975113104
0.2953520866489366
0.428810397368227
0.29620259327361337
0.24709410515586291
0.2558286156079666
0.23101002707817786
0.2268061388487997
0.2268061388487997
0.23249082754841882
0.21381804042509064
0.21980983967945958
0.23743868960937328
0.25103121664204736
0.21957289886325207
0.15289988636009158
0.26792569143789363
0.2418676034162108
0.16959227690742792
0.16985153803347391
0.1861185995347361
0.20364338473852125
0.273523949083333
0.2871232331969511
0.25913843795304686
0.28519058733302566
0.3036108948414133
0.29518016926714474
0.2259008941524865
0.23489559760868997
0.2434429768158619
0.25160084853602666
0.2596824983666337
0.2769629882141465
0.3357396264891041
0.3610602436312496
0.38146950131001967
0.3799201978296393
0.3066616729735075
0.31293854327686255
0.31737967259466876
0.32077401285741414
0.32852962991065626
0.32710128605479294
0.34933757595230897
0.3552114038764248
0.42346285876201833
0.4092837087846996
0.33715210401423606
0.31935533190938264
0.31761686941263306
0.3032483072838201
0.3134792143389093
0.28775981954297797
0.3234763251687048
0.3375294755380691
0.319322227564753
0.3238748955522351
0.3244107779175707
0.2917124859922692
0.29925450823051397
0.3014835519855919
0.30045742394864383
0.30009116303318545
0.3108889766615905
0.30674732862708665
0.3535161540650867
0.3542485322054584
0.3550809761326543
0.3560061429584052
0.33690869641760174
0.33717692146184236
0.33744647294103663
0.33771912973068846
0.23998167241924667
0.28776272923676605
0.3276446987623471
0.3278053578666025
0.3212668065805555
0.29011672011687206
0.2635757358378663
0.24010630286593512
0.18931009734893808
0.18879102574890483
0.21220425670257326
0.27819410032795666
0.28896692626939047
0.2734157807092233
0.335631796846148
0.37055913869879836
0.3416505284327166
0.3071133134133235
0.2363235604916943
0.2358610105285607
0.24463133873738116
0.24089179521375034
0.3228417806150852
0.3461880438419604
0.40109805243789715
0.3279919114313275
0.30270816551770524
0.29490629749010494
0.2560691731081372
0.26158487161743543
0.25346332121464926
0.24957035945298908
0.23158774396668763
0.22538976176027423
0.2282239593803658
0.22251951385924887
0.19239650225979985
0.18954922714647435
0.11030819286364794
0.08108608759478617
0.12008262527575964
0.2401870055611131
0.21234780894187524
0.18706350009144113
0.17979038993000265
0.1758902160412935
0.1731096511220214
0.17920364408288986
0.187214228786606
0.19440354633950638
0.20081434463285283
0.2065596856982537
0.2153039209875034
0.2254958906835398
0.237153355073496
0.2499331677123536
0.2623813278762045
0.2710338081828299
0.27834093145822414
0.21885154131310997
0.18720679504469626
0.19080882302668092
0.19481216895399026
0.19902737050788363
0.20390477519725622
0.2026575521977701
0.2083969410522665
0.18718199033073069
0.27827353990926035
0.31946918320098217
0.2638424922570281
0.280463768144106
0.30527145596029226
0.3010209839760556
0.3164070025532415
0.3176454798280237
0.363050570637761
0.32820962548357535
0.28724983700369333
0.30121273705500196
0.278112458336117
0.27210829123489455
0.2810406036483369
0.27831122273535486
0.2728660382565227
0.2728700609543018
0.2705503960197609
0.25928101232491446
0.32589770619025205
0.32588651174633465
0.3258458724800764
0.32582947335046264
0.3064610651167229
0.30641237903994045
0.3194857540464492
0.3194569482703687
0.3092415264092388
0.3092242237905382
0.30921252775748087
0.3092013879089943
0.31538971487184
0.3152180011080476
0.3150555706374283
0.31490513320555213
0.18485700600537555
0.2572946688242136
0.289422231634707
0.2894244532787896
0.27078526651293133
0.284252074050572
0.28016896431999627
0.27565190374348575
0.29700337322633624
0.27411931867014416
0.3186142763235948
0.31612550583576854
0.3061901435144916
0.3042645412066594
0.2307588038390539
0.20703078503717912
0.42203248380213615
0.3505111725094424
0.28531728740167756
0.28948132507688373
0.28085037698155657
0.29410067063171114
0.2847372360764116
0.2946518935630188
0.28797786187908453
0.2521503232105273
0.2736631427234909
0.2763473525628472
0.1837446028600174
0.19800510797544968
0.21414901014055268
0.22733785698170633
0.24038928434164888
0.25335487169843635
0.26520862832208936
0.2763113598103884
0.2841748957424368
0.2899044579496744
0.2935407569940647
0.2957845695964684
0.29823986452449547
0.30071209263741044
0.3031946694351728
0.3057146979535905
0.3086035713265372
0.31083836020525696
0.3128468724822122
0.3147507454405371
0.31953964089514997
0.3223985576773625
0.3258405119135305
0.33340490690837765
0.34281277116902953
0.34704015152628087
0.3510942370425225
0.3550672159714055
0.3594754028165027
0.3574730566864853
0.35687376339199234
0.35728013061476915
0.37025197533252807
0.3710098423975423
0.37151912199248116
0.3714284095493995
0.39385981816158033
0.3890486311916402
0.382250014545271
0.37459097983168493
0.39450092876256554
0.39750437538558087
0.3681333644710507
0.32079235988859606
0.30179149327561244
0.26448876842326313
0.2425888279289793
0.23665820767737217
0.22728633217688815
0.2190258791833927
0.2088347640532253
0.19675378169336455
0.20869933025888132
0.21453472139623328
0.31812773127502725
0.325148211530071
0.31931325178191416
0.3197403477654865
0.3071256026182412
0.3076415326671312
0.29779138720146403
0.3233141681352254
0.3105712145599945
0.31057532310640773
0.30305003527159885
0.30287240433144885
0.28897149852930676
0.3057343500198557
0.2917297814951162
0.30545810482596003
0.30527768523725524
0.3051005094821796
0.3178052931891284
0.3489456030710953
0.2918991257633905
0.2898182865860437
0.31137400857846675
0.3354519205754236
0.3221443351164123
0.221889241381564
0.24056900839807666
0.31772961098534347
0.3454450365537391
0.345437504363598
0.45537389187370036
0.40998942454469445
0.3546860964213366
0.2897484740210452
0.29167378821937745
0.28642607316194024
0.5535047487930073
0.5599590803109332
0.5076249473143599
0.5029071231735903
0.22868847747565293
0.20811612365195714
0.20985781895760885
0.2266508853542184
0.1917327781425858
0.15180478020565277
0.15816389910456113
0.19780879269578516
0.27837245022513135
0.29182961758410725
0.22689952549272369
0.2245202963959761
0.2361511655520353
0.244408125225032
0.24796353204147767
0.2495621168310856
0.24943417707041418
0.2483087439940336
0.24975265253407825
0.25171964308664263
0.2541179153235991
0.25670697029357425
0.2586652883686715
0.2569773218700532
0.25449684024158187
0.2517266431953695
0.25403174790540467
0.25366191021737405
0.25480113794495646
0.2569821788844512
0.2584153417226507
0.2528923071077794
0.2485109061959833
0.2450404842190825
0.26932085936054306
0.2568620387044192
0.24691922741531627
0.2501672114111285
0.27925605878517246
0.30700788871494084
0.27837314784351386
0.29448907833243126
0.34252553321835777
0.3257353060975837
0.3273351132388633
0.25828367265312263
0.23226352216837487
0.2252993315578317
0.1869170492098943
0.18808491214119158
0.18543523974556111
0.1870093623806099
0.18892395444002233
0.19115610611055378
0.22279961847601568
0.223229963833939
0.22369588618808758
0.2241932367505919
0.20487827009974863
0.2218416072926427
0.21920376163150176
0.23110376996139825
0.20801598230388918
0.21785956058512726
0.3287799205713754
0.3527268910979481
0.30712081706038047
0.30736113051499664
0.3212941829807126
0.29436402498743525
0.2047996135070174
0.20397276635757972
0.20318206480168824
0.20242075603672183
0.283051218347357
0.3132305477770481
0.33151769957333505
0.331291146751875
0.3408444723921756
0.34150009262501224
0.35796193806961774
0.34179246056310125
0.34928901466307866
0.3454627069379518
0.3452649716065549
0.3450848395898961
0.32121197279664626
0.30737840438818165
0.26780273662414866
0.2649046932113274
0.27068037631523495
0.26320104768954294
0.2570612410923068
0.25411040815092256
0.19695739521928932
0.1927457601684982
0.18984070522471133
0.18894776536616317
0.1856343497245712
0.18291125761339214
0.1812480997110802
0.1800851510969929
0.1767381746888447
0.17527122113720595
0.17397699982604875
0.17291681672777862
0.1747197488678365
0.17525448309475697
0.17480083289110057
0.08622264266428026
0.06677065316042413
0.0756539635473696
0.08735574148578566
0.10163510838196921
0.11505380292667448
0.1269291124696864
0.13797489099869165
0.148370091165524
0.15880233464658844
0.16590494921393248
0.17210638115895763
0.17761351856362426
0.1717376733956264
0.1502126659837104
0.1367312116944805
0.14100714899730668
0.1661143892257678
0.17557870254294444
0.19192707519823776
0.20611304856937063
0.22985468100215756
0.23919465598919262
0.24683408573642973
0.25275241465976256
0.28866724580834585
0.2799717483912335
0.2702289787286187
0.23749154908308426
0.2520785525537224
0.2596187918167012
0.2763357628973136
0.2763956345643517
0.2808128887700355
0.28286866585797615
0.2856198177272232
0.22955316172490248
0.20741470746413987
0.30432692914453247
0.2672244367402347
0.2433234506593499
0.3524048460380144
0.3512480544088194
0.351303423958527
0.3383284322736313
0.31944452247093363
0.3199224501147732
0.3204495006417955
0.32101806931261884
0.3109453744014106
0.3110762131910036
0.32396709950876046
0.3368594511141514
0.2687692304105515
0.21076134307192823
0.21011479815748194
0.22655112827375004
0.502890237617526
0.5725100961054552
0.6056514509456601
0.6056446908414735
0.6123155763393789
0.34732468079519974
0.32819250442994136
0.32817269698266344
0.3255930041730155
0.3648252908943522
0.3521392618844464
0.30319859671066635
0.31520736201459487
0.3440357061889725
0.31940876602163104
0.31941696806729786
0.4182114686546912
0.3342289847149421
0.3213994422924633
0.31012190379049437
0.2552732546511245
0.252584060756957
0.25501358689347936
0.2544637847963552
0.21433561798733225
0.19410984004522513
0.2114548645812679
0.23408068412767974
0.24976999786768897
0.27159322648657885
0.28626961795202316
0.30511027315607
0.32454446811555476
0.33853737402122847
0.2583549174513187
0.2946858209356559
0.3255553505322255
0.2995119268666873
0.3377528611597476
0.3664899959142898
0.33349407746778814
0.3641576953043204
0.3916159459546664
0.4109557754520979
0.4244814053477543
0.43278806916579987
0.43830550100473076
0.44171607732166124
0.37368280793958136
0.3369775421619515
0.3391698249162756
0.3423740018177683
0.37687101320381333
0.44636460036721703
0.45362645637789667
0.37733193609029614
0.3686071547531818
0.36745049897834015
0.426427355521516
0.4330599979122944
0.41227236612412155
0.42378468025679517
0.4312353390233376
0.4126510153663542
0.4447159443994192
0.3962867108157605
0.32286785610674523
0.3649384919558794
0.38258527021890276
0.33250681138173127
0.36290592328513877
0.38010415731327635
0.362036465172655
0.3613727996880305
0.3397997236584342
0.31601011142403046
0.32052736703139884
0.3140515311875968
0.30416311659569756
0.2912463927139585
0.34558741654751085
0.3510510682535002
0.3510295198556134
0.3606136020266156
0.37974319760529335
0.3798928497575601
0.3706932782165655
0.3326489958637368
0.32173444230927045
0.32138884964097825
0.32105389933327694
0.295760288409231
0.20744482541363488
0.22315881637824467
0.3062972455885949
0.2583333794928759
0.21198536383422564
0.27881757220702996
0.2943411263582588
0.29042937268200225
0.3245834611552564
0.32013603974227184
0.317058539965483
0.3118382195002196
0.31566790406567796
0.3121098447353612
0.3184209780778223
0.3310902487675478
0.28897257325520925
0.32905448545903815
0.2799218735088325
0.19105999810962992
0.3428934322154044
0.2665165542092925
0.23967418755608672
0.2422406522081531
0.24675894634179657
0.2502310066148343
0.31099955452992356
0.33433837768612695
0.5543696883618374
0.4470376694311347
0.20162579210758977
0.20455141238259067
0.2047914904720733
0.2420427330013078
0.30865438719040283
0.3385443427345561
0.33025066916732704
0.3653678728925238
0.3892070835890528
0.4091994363368146
0.3438207613442832
0.3320015789025568
0.3425928082003785
0.3522289780333023
0.3602631522827756
0.3664839274567835
0.3710193964021817
0.3743718215997475
0.37800250278176006
0.3812623678184665
0.38473688410685664
0.38846696971878536
0.39478508337648327
0.39939972281534486
0.40428626412386853
0.4094127978836556
0.42032122113134923
0.4251579823884459
0.42904185652528454
0.4322491101780147
0.43397853721560087
0.4278333326143309
0.42192349599385176
0.4215477368279003
0.42849628564229875
0.42140395432720285
0.44403528350595556
0.4983879136826735
0.5352992968780307
0.4978364452678379
0.5123557719690899
0.490503399589798
0.4699343720766944
0.3960588993715293
0.36044602908881385
0.3574230969931248
0.3532371163278128
0.33762799635687346
0.316547400679619
0.2953578682518362
0.2730331058639095
0.25477177129975076
0.24075729681296623
0.31983756500412597
0.28396378812903217
0.22601107550630503
0.228466141369339
0.21549826993709004
0.19434964859174508
0.19693464863499227
0.22072255806806979
0.2825100071893807
0.5855972194338569
0.5830579142249641
0.5831615860513506
0.5518045720827767
0.4690973822267112
0.4687585505521786
0.2146003437973583
0.21469373698778182
0.2828038283259338
0.23418242466564038
0.2141581930412863
0.2792827023881051
0.2704550647618382
0.2666660253427998
0.2630100877453577
0.2603205877150463
0.19864047191282747
0.17228640346911608
0.21442917907864759
0.27561953025191144
0.2909798021325666
0.32178989530012764
0.3230116811298236
0.3250883500597183
0.46219967564105846
0.3011947581099933
0.3298067992574028
0.2453722046114259
0.23773748396423042
0.31919666331090807
0.32141526948801863
0.2910993962148043
0.1777988958579405
0.28142016067470915
0.306197314553692
0.3160512846108043
0.30233814142578735
0.22361640228848537
0.22456967251334914
0.21338607818947636
0.23431212596208878
0.2590806948327002
0.27980583439714407
0.2972814174063435
0.31177523776916355
0.3241219752134955
0.3344947511404751
0.3436132446289119
0.35052174829986016
0.3547854607697688
0.35728370870269965
0.35860765215718116
0.3614479487663142
0.365271033480268
0.36992710127646694
0.3751997782788838
0.38209227399838275
0.38664554124725076
0.39096170460960883
0.395176394472662
0.4016404154934462
0.4036672749394181
0.43885864813071046
0.4747832841249211
0.49473965972464345
0.4483914991884769
0.3981099194538526
0.42697499544689094
0.42533183730719454
0.45072388952687076
0.46951718627125716
0.4806874192473237
0.4886736450441218
0.4979842741237682
0.4876099468390504
0.3897923230221889
0.48584203279959126
0.47769719809872463
0.3680104652860458
0.40176814730649957
0.4223201283631077
0.4025455881936665
0.40712412884467
0.406281792403995
0.3987431487931809
0.3909967459619562
0.3805945099474657
0.3683023523389098
0.29969502416813065
0.2419924405208122
0.24370466262858417
0.246185945317294
0.22478515580959002
0.22437565905701098
0.2447334617397403
0.22919539632857466
0.21772809406916305
0.218028373463097
0.21834283120327722
0.21867263193330638
0.21218888321501045
0.24276227176728682
0.2365422860926815
0.27376114696886766
0.33186549865174386
0.3214084099318792
0.24360623027447859
0.21508051171445283
0.2190189843879403
0.22055839817512862
0.2409224373988908
0.32168299220683283
0.3282427502602029
0.3287507184899281
0.32474037132828976
0.3178683989974952
0.33270977280979525
0.3354854847147365
0.33794676389495854
0.33791435540814857
0.44739941506979
0.3666984421601843
0.2959723378304928
0.2207147388902892
0.15102531437977548
0.1254036389075182
0.1433941920141096
0.1561566935332477
0.16069804826776765
0.18505695663220817
0.24420754874261158
0.27459411838485315
0.29949014489326925
0.23655582623403534
0.22961910039864425
0.24164410196877034
0.2533454255789779
0.2648241693755384
0.2750568955510883
0.2844530469255545
0.29356556496391084
0.30289214968704326
0.3119957143825213
0.32094855368300595
0.32751031717915846
0.3323073664703599
0.3360472465833412
0.33932441929779344
0.34280698713521135
0.3453365172275759
0.34727677444964905
0.34874490553991544
0.352084793120729
0.3535006153915837
0.3551302807148383
0.35691865809994006
0.36083444138922105
0.3602254884264116
0.3616550753820554
0.38992783363806083
0.4457822889394765
0.448409444538396
0.41457175001377616
0.3625992010893448
0.38929314695045786
0.3966127003043588
0.476938534256901
0.48347752226601254
0.44213931809651136
0.39761294941442216
0.3867731264831627
0.3735084882812533
0.38706434932162714
0.37898153153308245
0.3751453270547754
0.41744982120074414
0.3416973162662553
0.266674168937912
0.2505242580651529
0.23823233793202633
0.282461598368276
0.28006104512713237
0.2973977408573748
0.30452908886779434
0.3328873014115644
0.3364950301766684
0.33855819657696296
0.3385329760172532
0.3159881410478552
0.30916561866506154
0.3071323462395243
0.30448221491755373
0.30658076761320174
0.29088275670661456
0.28912533548808905
0.2733423250530288
0.17431597166854973
0.17212121058002247
0.1695307038575791
0.16688725916342226
0.22804366311730945
0.2771972683480447
0.2645473520830372
0.25830910183093736
0.24995939744963805
0.2480493655835246
0.24522533869153415
0.24294845922208938
0.26867837620649243
0.26618962383277933
0.26382024182004177
0.16675925110735204
0.22865075839805177
0.20895642085113364
0.21146381600036004
0.18829347313030023
0.3838829287119145
0.39435302489102503
0.3368609233045645
0.3177475471587974
0.3270527562238806
0.3304466581504558
0.32556568345742026
0.28781819374131123
0.2862995680607921
0.28769751543807937
0.3083823660821171
0.3250216762891227
0.33380021149141087
0.34757987182784056
0.35748672876549653
0.4087799835091197
0.4699662090335984
0.4262738789919197
0.3757262944226045
0.37799370373245395
0.3770586310763271
0.3798569593777979
0.3807394114157636
0.3814501109553506
0.3830900899944358
0.38634229111564283
0.3899383478879681
0.3937583350387751
0.397571754063927
0.40080341988076024
0.40348676628207014
0.40582456629888924
0.4086929467124063
0.40850993314496187
0.3912383883678039
0.3622512535573637
0.3614087775886698
0.3726226065823639
0.3780110443793056
0.4623796010532832
0.497802133409407
0.4996724863843303
0.4279354285479788
0.3966675717922283
0.40558064497948004
0.41231719998682514
0.4354626213217365
0.4212789702667809
0.5216723262760388
0.49340808733296715
0.43326366263647337
0.48530987839869627
0.5039805836829925
0.49878667482009803
0.49981817092800174
0.41438217181005627
0.4786973462719953
0.47763849293013133
0.4449557792308894
0.4587929903577802
0.4696574737867094
0.47070196551024873
0.4375162063117524
0.3649593791190856
0.18680832673754802
0.19038414064053547
0.19413025700135533
0.19207920448829935
0.17025849190794415
0.1674113290693372
0.1857519192595938
0.26925596685652514
0.22695357353304496
0.15037327519909519
0.16567776868823808
0.17199123845748807
0.19053254300935998
0.19186219760420462
0.4610158572332764
0.4840864609698883
0.4536588722091355
0.4313354806621439
0.4271894966273583
0.42400529159812794
0.5189199545695335
0.2546601471756956
0.22401228001726908
0.21814594405014856
0.20852728059415868
0.2096539683378076
0.2096539683378076
0.23194575564568898
0.2694350941324877
0.2592417725899393
0.1698047290685787
0.17272389185266962
0.37051091173753437
0.42567504205862694
0.3964166046749935
0.3831571141959221
0.405499121733094
0.4122526722454994
0.41027705893719596
0.4045110386878938
0.43002225006847145
0.47696168162219177
0.48115603374219873
0.3783495252540792
0.3737991743469316
0.37759067351059006
0.37424179654522083
0.37135978089455224
0.36497131755028106
0.37024678691219476
0.37491732279713724
0.379101492256343
0.3811966235066589
0.38330328372923794
0.3783180748712659
0.4770987586364958
0.44952607604611233
0.3819096702956645
0.3841362445192189
0.3849378415983796
0.38535226125342525
0.38459989929875005
0.3832443547650691
0.37564646290533493
0.37980037956781854
0.3826364144660041
0.38682869985591484
0.39200446196817035
0.44259656052909985
0.4450302843005711
0.4711146799727976
0.44590525203227005
0.47657923606734504
0.48076868045096416
0.4364955500519911
0.4172959340767628
0.41265812685400743
0.3747626109783074
0.4115734564749022
0.42375759144719527
0.4662458372100502
0.45864027286404163
0.4574272751555057
0.4548986259774923
0.4887958475598358
0.4963419992004802
0.5002659732838718
0.4894991849783816
0.4948690162626864
0.4921186530654863
0.485605887509698
0.47597624695051965
0.37771476301254675
0.35108863080525293
0.3624241459151556
0.350609286025298
0.2194011913795288
0.3236230547128762
0.37966670242461864
0.41816230087067824
0.3891929177227857
0.3507517891823973
0.35075743648248303
0.3296963526366867
0.32194669680742216
0.31628192781373826
0.2962723581249767
0.28170459303557294
0.2673543476146124
0.2612118491374373
0.2560648297706917
0.25174038666223586
0.23662486680987058
0.23514781949436087
0.28210930722738586
0.2640046438309446
0.25096149477526897
0.24686679409463763
0.24263735961682345
0.2393383884895627
0.26244291718675494
0.2673063836431935
0.267340808358947
0.26750609114040497
0.2963790879134631
0.34017407063033167
0.3438979418444695
0.3083546591398921
0.37864260303418107
0.3069874712245471
0.2568794963082877
0.2790412162107954
0.36474371769322256
0.3789312347201598
0.33524367005869016
0.2736810868070467
0.23755861325868305
0.2533190797638799
0.2663364823145877
0.2773734817551346
0.2769723399881722
0.3158197674297595
0.3986537251597179
0.36271846795883694
0.3116892939517129
0.32060041021962243
0.32527526000357865
0.3316003070495022
0.337362935519254
0.34314047647766494
0.3486238664551212
0.35398252496135113
0.3589929492750909
0.3635020944369759
0.36769694740167974
0.3717989831034492
0.37764562194197004
0.38394952426049
0.39099059493674954
0.39859595790074187
0.40697275412608985
0.4122635120781487
0.4166948676562649
0.4206142491075155
0.4262300378769958
0.42719939022241266
0.42851303531184826
0.4301158033091398
0.43819947824004357
0.4320407082379248
0.436338461557083
0.5212376320254628
0.5076194361377916
0.4140193368751133
0.4116432799578341
0.40666714290602934
0.46976408065841985
0.47060331478658074
0.47283178145669386
0.4168851912996668
0.4685380594388962
0.49609268645758553
0.5005461695358947
0.4978776122871125
0.49370399271026816
0.48031560438466586
0.3875045829037857
0.3440279811246243
0.371503113708526
0.38168961081336844
0.3688187402250378
0.35113525074120117
0.34084472897722845
0.3422244844603575
0.3478945207644344
0.34541382026530987
0.32463438954709817
0.2895142611783083
0.21971413623463007
0.21878268148995475
0.20787588189990763
0.2080012075959055
0.20841332251032005
0.27941170332603343
0.29417232349629646
0.28997380105079557
0.3291328570054157
0.287911118901939
0.21590691369351978
0.21167794422457573
0.20928607868629512
0.2718708256443504
0.3165130679806146
0.3140978920337435
0.3214756668686485
0.25589754690893335
0.26582644022615315
0.2649562310378138
0.2636867579753752
0.32173432492410026
0.3814679996671503
0.3378832020735068
0.33422856541747437
0.33163283466837185
0.3757374368190529
0.2592561661652227
0.21444285261847867
0.2256370245135775
0.23958130259012397
0.24828106184218426
0.2574874782250229
0.308782123349586
0.27348074882560947
0.28589806749678437
0.3107599176338613
0.3100559900718422
0.31652995699377634
0.34101956355434476
0.30775448467311356
0.32753578098334873
0.3517114845982668
0.2916975096624021
0.33439666129732526
0.36543211503016787
0.38838377608876534
0.4046493796111867
0.4153707940799341
0.42295764925698703
0.4268203926241784
0.33266184597158666
0.3352375894730443
0.3463984029223226
0.35474588048779265
0.3597695487938814
0.36228834019626005
0.36319208508481016
0.36599919926691804
0.4139513541119853
0.455460501334513
0.46280268820244486
0.4497315255042634
0.42099391333583663
0.36109582817537533
0.37149372476968195
0.4553615964526883
0.4591459566164678
0.38892554190222134
0.36981274303566986
0.37777216339677683
0.3721918869941001
0.380026526858504
0.38332360730700027
0.4555521796468728
0.4302885670592096
0.3184649222302004
0.3296309747246506
0.3725424018168932
0.36019098693875135
0.3780683475976527
0.36328370554198103
0.34526755416780236
0.34733447783970084
0.33795340484641045
0.296387771875731
0.2825498893955317
0.2800175413025235
0.283932896419117
0.2799687398581504
0.32574739082960963
0.3257574812700876
0.3257819441911681
0.3259609786256066
0.32391343035922426
0.30849542885331666
0.3207487649268826
0.32112346441105977
0.31082573900309873
0.3107314089844191
0.3106371103668295
0.32329516219771626
0.3166904085560095
0.31648752470282654
0.31628217820728416
0.29738633752987526
0.19857849977478736
0.2658391242301828
0.3052424670299806
0.3011478835582603
0.29820984201257206
0.3014735913593896
0.27439660754536066
0.2790095920332646
0.2760588893969638
0.24348240559512255
0.2379149692605798
0.22858182934941945
0.23477325489392528
0.2227496284869841
0.15704526556205764
0.15621116555464018
0.3636752026994627
0.2533807784211421
0.23751503396350568
0.2723258710564622
0.2750237019031564
0.30859490468534395
0.3563507778081649
0.3240329027467808
0.2961178679170632
0.29204821482712356
0.3071696415418743
0.31783391391380494
0.3134614085928057
0.3304044404092083
0.34380782921858544
0.3544762680269221
0.36185154111128537
0.3175924889104199
0.27288017796944536
0.2815411592793835
0.2886645396774072
0.2949098672699011
0.30008675681697655
0.3045222977904741
0.30822208720513133
0.3109740688995526
0.31289568547264274
0.31424214278085677
0.3125804009514945
0.308387925981793
0.4034110509693077
0.3791665957645803
0.31353443851864743
0.31795051104588606
0.32133801945930823
0.33057051633008777
0.3605309034815265
0.3487794190837362
0.31874737841390793
0.27925880800855163
0.3054632624005413
0.3099661688213386
0.3135539830933633
0.3298432860135452
0.3941135818953153
0.4238109052292785
0.4096631008140872
0.35873637004148134
0.41822481852962723
0.4310115962913579
0.39108512929614864
0.39595489689849284
0.4359811972355995
0.29470159105047844
0.296659602558191
0.31105892703157884
0.32710291593984975
0.30672214207360876
0.30698453321965435
0.3132789821516398
0.3626365676780518
0.35764186377084706
0.3929338582836717
0.391402806397196
0.4038430962226686
0.3652668313267695
0.3617063695579903
0.3870615542033066
0.35807647011765775
0.3195435800471658
0.3196004449055231
0.3198063994607384
0.2971589127266987
0.29748806784483656
0.29783552858446666
0.31097422117304613
0.3203066694327449
0.3212381358237576
0.3209773213401337
0.32073056791710414
0.29178471384634924
0.2903400775260496
0.29017551496332356
0.29014945981729384
0.30853889410865987
0.2923964143445634
0.29208728544048707
0.28497004717827573
0.30604931967390137
0.306138300908892
0.2998425256009814
0.29479688915156504
0.33649652822602233
0.3370005426352827
0.3159534528685507
0.2333432771466332
0.32456677829057606
0.2501399456790035
0.19091496579422085
0.26782198174451344
0.24960172622858265
0.2780396065194668
0.29705239815427775
0.30968228390052055
0.31005561466014153
0.2992452715216338
0.2969805272982228
0.3070684934614589
0.306594336116204
0.31907561477787677
0.23460748289847547
0.22873873696419067
0.23546547216223143
0.24307035012880882
0.25050791541541334
0.25791001036966765
0.26475405929869994
0.27134944133419175
0.27727465537078905
0.28271580399345264
0.2873740398354866
0.29114853930863976
0.2942053876195311
0.29679262604851964
0.2998336585618869
0.3117578292412345
0.392203514876627
0.38858039215712115
0.30475189756628174
0.3089545179055435
0.31155045821826105
0.31380879931185496
0.3201600203460755
0.32027242085106744
0.3214739005550798
0.3234829150337508
0.33030575214569075
0.3308538092446008
0.3298185196327581
0.368981184642695
0.4079653842112127
0.40187205310928586
0.39086546441080594
0.3714531853436083
0.31463919430967524
0.3247925191183291
0.36409258888189555
0.3775338673045373
0.27899854586802875
0.28359280837201956
0.31880832925686325
0.337741659777556
0.3586049260164323
0.35415403172186694
0.34404996029193985
0.33189755339256977
0.29883572395347846
0.29884680495913124
0.33236167621339013
0.31953879753119147
0.3702862050105539
0.3533519851104057
0.339122695138878
0.33923985417416747
0.31994969945137014
0.31999745439295413
0.27016357013978043
0.2145713853608568
0.20472358619714118
0.20509288638885734
0.2054878578506508
0.20591542315359934
0.21227257820980958
0.2259596639281515
0.212250494676953
0.21223536675773366
0.21896854358713563
0.3123179907441397
0.34102193760644095
0.3241790814737341
0.32767102642159507
0.3308580536948881
0.2745061206066277
0.20756823004474162
0.21205829031313891
0.21283066975541215
0.21267777423481043
0.20720417214328446
0.21808871442442138
0.27596099423074094
0.3687591096958615
0.35911923595348394
0.4235208799209692
0.3604852453535757
0.19298906094475698
0.4519314201625398
0.5189356338626624
0.5482958757630908
0.5350680565749106
0.5281957415387148
0.5019051740646613
0.22724326254976376
0.19223053485781805
0.2085777899626575
0.11689014505317127
0.13006411678073085
0.14769230750951493
0.15611930225512602
0.17100423668235454
0.1843719575969652
0.19538905353441324
0.2045656838127395
0.2122129843236229
0.21854597385032642
0.2238357433232562
0.2283591976690699
0.23301949515939666
0.23816374688159267
0.24324217154008107
0.24822419850214114
0.2533985650108292
0.31141828624765117
0.38055403761835344
0.5849220621226012
0.5024696754021728
0.495596300991755
0.4910476900869393
0.48814161289192876
0.48888405264632934
0.4890090492106052
0.24355430872674558
0.2455885788959863
0.26481692091780856
0.27598057271224846
0.286333657100126
0.3248819831623341
0.36640741088267614
0.34324354579583466
0.28975683506674005
0.28430736065565887
0.2916070437566619
0.24006714094184248
0.1525971747822394
0.1411021352286925
0.15284194480105426
0.15253729388431356
0.1455009627309598
0.1516175964297308
0.1762392817514211
0.17711656155392946
0.17984564715557436
0.20065565801040647
0.274492581172592
0.23055008066121999
0.1698751853943218
0.1772433859601027
0.16569108789917064
0.19817883472280162
0.28347516289647096
0.280663997251362
0.28484153823916136
0.32734976089828166
0.3404492596098664
0.29159323403384924
0.20239730025040342
0.2023732024735009
0.20235215132077874
0.20233087168179975
0.19255382489575695
0.19262421296220542
0.19269731645237406
0.19277131700924632
0.18409300129135717
0.18357777203623288
0.1790826928286441
0.1745603939606958
0.13966369363313572
0.13486513862991603
0.19254701615559186
0.2432642977347736
0.23478309256275892
0.2528045874426059
0.27816832430312766
0.24846523672861454
0.26039614671357575
0.27283701385319403
0.24052072888612064
0.23149846737347865
0.29435999507484534
0.29808073170842264
0.298937465397058
0.2707208165098421
0.44499859451294066
0.27063894401579064
0.31353766330218097
0.31454021877192206
0.274588386888925
0.29563148473467044
0.27612351359736226
0.29138935002703253
0.3004656492527731
0.3142668860921725
0.3232744570656838
0.32906452710615025
0.32957600180105867
0.33747071936937445
0.2518579205235955
0.24243488894184403
0.24438404632307234
0.24945357639617174
0.2531508258113718
0.255916224924434
0.25653831990230774
0.2585308798511577
0.259540173949091
0.2598108314036495
0.26016500213868254
0.2623463888854804
0.2648240911151447
0.2675050961001246
0.2705667921229503
0.27295610505953133
0.2751626661773051
0.2772859109017266
0.27579512644467385
0.28044766243736174
0.2850932171907185
0.3541480223225577
0.3765920874921624
0.36603644331421625
0.33936292600125284
0.36703826972853926
0.39092808255435596
0.36448326149625604
0.3780778454771208
0.38621848941684306
0.40369246024825234
0.36420668639349263
0.3712197743277223
0.3728724843341635
0.3547474913361753
0.36666872413554435
0.35629771534186644
0.31837511344558966
0.34937993840693554
0.3369502301610755
0.31035688421946483
0.32250051022190007
0.28950240787130876
0.3082115215575186
0.30611265723415143
0.293030465556112
0.2886821928283191
0.2807465485040076
0.2780826219426764
0.27772982990887035
0.34082505893766785
0.3406042280325198
0.35349120531638534
0.3532386000582871
0.32046570845448646
0.3201677510454555
0.3067839401300969
0.30288561649397855
0.25639012577628206
0.1796313395196533
0.1769381502307387
0.18867869986951388
0.2873916994761101
0.25102408313936253
0.20487864325968924
0.24651000766688283
0.24693638247876437
0.28261559175205314
0.30456034155516254
0.20034773662400246
0.17996100599919454
0.15474448329843735
0.14862482751447847
0.12202113342018484
0.1648484523955949
0.1703892447172197
0.32574305743580373
0.2671706656910028
0.21960870252329923
0.219165864979779
0.2197190707815609
0.2970185970161403
0.42619932260332904
0.2733499290687076
0.2829448321366174
0.32935521499345327
0.3504852733911683
0.31827662564484444
0.3318488173942253
0.33557052506125506
0.29041120381495183
0.30113646133561606
0.3052035385383211
0.3195717528493821
0.3171173464948772
0.33481162839371476
0.3482862763311984
0.3587663101367486
0.31870824058875913
0.26876237919583656
0.276692094548175
0.28279013164041333
0.28824133537017416
0.2936811953471602
0.29877935266202105
0.30368409576687
0.3080049275135593
0.3117362058782438
0.3150953193042596
0.3182840747929022
0.32210193754951927
0.32550207733726066
0.3289168138966367
0.33238261490773974
0.33805102153118166
0.34183320697710073
0.3457585571566241
0.34980166907329363
0.3558791220978528
0.3581291810683245
0.44230710500917825
0.42954662687884304
0.38480176678425343
0.4315022763524574
0.45092628709593685
0.410228569476388
0.4315452700436643
0.44343769351549744
0.39280761652858226
0.3916549453359158
0.40371967041077594
0.36220600911558737
0.3747366250932185
0.3441329404875178
0.3356127453395398
0.3598619986197575
0.37415683500279295
0.3749857541046399
0.3746843853507185
0.35577629182352133
0.3493373940513891
0.33958286127063536
0.32293376534833157
0.3132415312016659
0.34207164060321305
0.34811850064975686
0.3777590033038766
0.3394078394752641
0.339535409220543
0.3396722850060066
0.3203051404922724
0.32027326476785756
0.33336291672997076
0.3333476252204186
0.3100318851057048
0.3100108174617609
0.3099820600279077
0.24714223349762096
0.23870502370610264
0.3170382937864765
0.31355661805360613
0.31564440080747275
0.32041674290843003
0.3203990476325321
0.32038838784497015
0.32038398560594966
0.2946280583519577
0.28694660080106205
0.2858560628502589
0.28273864007418575
0.2833336692451761
0.28162323561946534
0.3074004180928443
0.3175986152134054
0.33414867946450444
0.3319494035592991
0.33211099412434597
0.3335693439462157
0.453601611927718
0.3584401448713455
0.3043434577956237
0.35175632251795874
0.30972357063207423
0.29498141191454025
0.309621343132925
0.31841135451977914
0.31160807798489326
0.3098236936315346
0.22466212347442294
0.23073186243999413
0.22685678822642608
0.2386313031310036
0.24411940677461763
0.2825543908408775
0.3552424537302949
0.36935629227084477
0.30078928489757784
0.28354807051343034
0.28890338518776787
0.2951585795810835
0.30040742457342123
0.3050826069487714
0.3102401105630997
0.31743532937074753
0.3249981792436573
0.33284429654292524
0.33980655154807393
0.3452766500874309
0.35000209796743953
0.3543020140518437
0.3600008062047682
0.36258149003714846
0.3647252373805206
0.3668264859837961
0.367590105490928
0.40371183613953043
0.4310088237434032
0.3745771472024753
0.4199845929711561
0.44322656765431767
0.42258292194665903
0.43533549393087206
0.46540227425906955
0.45630545754323515
0.4245496969028268
0.3870583734230725
0.40805239279357725
0.3522421931013247
0.34556340755348247
0.34393961122885114
0.32535113400658133
0.5831174307144782
0.5854499411456349
0.5982142104316517
0.5983881591585231
0.6000062659793034
0.6114681510160271
0.6061972415823417
0.6014070436850358
0.5872334517915867
0.5879112426552038
0.6048455090002044
0.6393790072817994
0.34952532327213437
0.24749334291207262
0.2475487986558748
0.22807541688947675
0.22796204912391482
0.22785242422070084
0.22774434068101257
0.2171109517240618
0.21702188259208005
0.22114463626735362
0.2687687096499169
0.33407986504220877
0.2707774355979688
0.1977254147358791
0.1964371926926162
0.1997788062483357
0.2167183675126239
0.21791768389504731
0.20094824501567593
0.2030128913597537
0.22436166395540952
0.30891742223061636
0.3035176224596214
0.25725754431311404
0.19405527077796125
0.18967495242170673
0.18659679409498053
0.22678061346342454
0.3068044524617283
0.26005351881686206
0.19786709210811884
0.3641535477096006
0.3794542310846796
0.31217173754228694
0.3086878018138192
0.19282209905490494
0.1945995253231999
0.1994209519739507
0.1996566266685868
0.16211523013436785
0.18231022786743642
0.19840595742480574
0.21125800920257204
0.25058816869049183
0.33457531270687674
0.2999503959133474
0.24613005726045112
0.3774956551857063
0.3675380336748371
0.3201725043400127
0.3368584270888424
0.3499356620118866
0.36061137571553675
0.3518135762267336
0.34801085033312906
0.3484396602782958
0.3517141642476105
0.35683976975795273
0.36311883220416274
0.36801834106365783
0.3869497091101437
0.39839411904819294
0.40445787902317637
0.40943374162157303
0.4107673851427066
0.4114532687847407
0.4118553988141425
0.4207221470711459
0.42583270134018714
0.43194989244749654
0.4387659835809547
0.4433336522766926
0.4391906989153866
0.43385795801775223
0.4271288746909624
0.41606755584541466
0.38126270198952145
0.3446543083903213
0.32202076383753175
0.33760773358475493
0.3505732394735411
0.351565923939014
0.34400707229253413
0.36605433753609534
0.35141692096172406
0.3344488664606785
0.31609570997354247
0.31085761193180267
0.2899018035748311
0.27059182153167827
0.252133830110778
0.2157990763842233
0.17622731923879337
0.19906828560202944
0.20545342903317046
0.2521058279458074
0.25222350605524124
0.23917473654184138
0.239257132067465
0.295650663616458
0.32155665691645946
0.3222026400016648
0.32289963772341795
0.3126945705769122
0.3126983268874605
0.31269777191871606
0.312696636103836
0.3009535708541124
0.1988818223727658
0.21538481922466743
0.19916354127070646
0.18606733966393021
0.18593504598994112
0.2656941455256632
0.3063374768894792
0.32748889457539865
0.32929678975794013
0.3277959576297368
0.2636619874806713
0.2354187432095258
0.2672890605776009
0.22705586404537131
0.22628303010728135
0.2420127135882848
0.33614652509760495
0.3456264544548429
0.3456124068756064
0.44592244291675825
0.3550340861564366
0.29119081310984807
0.27029608937591787
0.2615468566360261
0.26587014457157443
0.2736749764510724
0.25996869640528725
0.22144211930850713
0.23492697048002387
0.20461687061062922
0.23212066749657953
0.24531676099746744
0.2690132336082849
0.28745432442951263
0.30190149752351364
0.3018717279411996
0.3063131763406192
0.31293117348378835
0.3212808796472436
0.2777740666646674
0.2281339443189221
0.2322417796190728
0.23516686934694886
0.23914965826806592
0.24391113166884196
0.24938009972085853
0.2554004365226009
0.26092214431427685
0.26512974512938514
0.2686789995270555
0.2718463532851408
0.2771126568388709
0.28058152406764386
0.28426040442132616
0.288078585511633
0.2971802348402489
0.30988359236797886
0.3822628923110032
0.3831112144918945
0.29574908710298276
0.3757359092998523
0.35847842719869527
0.24895797840643663
0.24556299049687988
0.2049256529848122
0.18753529701799
0.19644408276451844
0.22531848168499877
0.22706620654649662
0.21250255646782537
0.1967806362414554
0.2045304316773312
0.18842703012896742
0.27872958076339854
0.30021173131261764
0.30866963356806515
0.33918989934454363
0.34415115021246473
0.6113971345509179
0.6067311828154278
0.6116946619700792
0.615144045859624
0.6197131215960139
0.6447122870215839
0.6448427271443424
0.37760569039021624
0.3586472945053313
0.33854835300909425
0.3377810746158763
0.33706282671514703
0.33640217071490186
0.3273084442819248
0.32827599756507647
0.3293355470243048
0.33048398034058046
0.3263455358866452
0.3292658871532032
0.2855168188771839
0.24464492310502015
0.2569601437266624
0.5665191601176776
0.6064311887647357
0.3388126610328786
0.3301452654862562
0.30707866267902856
0.23729956671718003
0.2251158040005891
0.23334684448241677
0.23442762344707654
0.23430863219116144
0.2859277455451066
0.33472696436959154
0.3308885203087158
0.2648996458503062
0.25379956572044043
0.20199260173737596
0.21210681662935313
0.20331929277314717
0.20603741956059898
0.1824376632858171
0.18172158969779176
0.18148285648437465
0.18142554610405437
0.14524856210012585
0.2695488893469319
0.2541202269219134
0.24455972607188323
0.20469348375855018
0.1901706879646982
0.18564129950961183
0.18233307358437456
0.17814065841057203
0.17647874467683722
0.17517370144590572
0.17402833504528362
0.1741641339562924
0.18193698895176047
0.16265805481585796
0.09554192651050918
0.1066075679456095
0.11759585025654394
0.12837297639030218
0.1389318259883394
0.14907885711361424
0.15807491695054787
0.16648027767980023
0.17438024851965123
0.18346115160290155
0.19002163940768563
0.19626659874188557
0.20223542960119012
0.21264626798764427
0.23334293753142066
0.28741505613174695
0.3117763436357169
0.3352431667987398
0.3013746553078436
0.3164529024590609
0.32673790779575396
0.32027518412794365
0.30108071631380723
0.21312514091777687
0.1949481196046875
0.2832511972942147
0.2566614780536595
0.260139162677942
0.25711133933268365
0.3115228990513358
0.30503225374960014
0.30348280817501677
0.30690530332300425
0.3090451084517134
0.221224711771572
0.2055750655512398
0.20741160540855824
0.20205902597251335
0.20292933709032734
0.20446992486417426
0.25674287345584434
0.35515762425499575
0.35493426658778227
0.2762923020933278
0.22135593323906988
0.2163094353658778
0.21675824533544472
0.2432201596825992
0.3234017858431005
0.32683749711195925
0.3129151271562137
0.29900551450758467
0.30545069848380896
0.216295642975168
0.21598414873889993
0.23265316124032326
0.21662297647990858
0.2108868124117713
0.21074437202086335
0.2808689194631092
0.31601703088771554
0.3270008301859085
0.35416642755064665
0.35413573005548366
0.32787428243931704
0.36271733937475087
0.3626723614198934
0.3651707736683708
0.3747016036396899
0.3422868911845685
0.29566551422716214
0.29199974315894905
0.24680834537168497
0.3561368375513148
0.2674946542210482
0.16565767041045726
0.1846582460562396
0.1744139940778847
0.1628840744156581
0.15428565406393246
0.1684174498174087
0.24907583234747377
0.20251021402714933
0.13221655279047978
0.16360307439170513
0.2310407861810342
0.250443189948858
0.26766315285682896
0.26841880525862083
0.19077928637639102
0.20209990595750468
0.21096024390500323
0.21807073746873357
0.2244601645432552
0.23078570667761747
0.2367476375603671
0.24251913356664467
0.24725954200114297
0.2509037082078676
0.2535896322419152
0.2555718964653723
0.26008827491911196
0.2659532558826099
0.2733516711062312
0.28189320946270835
0.2905952596183699
0.2955966948029767
0.2990811193363715
0.30142196181916875
0.3067268801091715
0.3085083636165189
0.31157987170314416
0.315544829322589
0.32376769258108934
0.34343585346001804
0.3824602563544603
0.38547253138018533
0.3366061884648481
0.298707401323014
0.30455577250794896
0.2889346858283989
0.32029346633158695
0.31358556421777245
0.31003565323157184
0.2643551754255567
0.3073870793979781
0.5774446551615584
0.5780152803579232
0.5921957920767933
0.5932169143313305
0.6195435962537882
0.6105724178300641
0.6012218773738346
0.3227740631880349
0.30779865758290603
0.3037070099578308
0.2868014646440086
0.3282263219907246
0.32905975481641225
0.3299971048594948
0.33104266789925163
0.31196063453505746
0.32173763464083743
0.3603978611048679
0.3509254956535902
0.22572367731105486
0.21054000207242127
0.21038696819320157
0.21023284282939572
0.20376590553791304
0.2028821700191654
0.21902813977573482
0.20251912767477448
0.193358262078994
0.19318595010901723
0.1930144389476483
0.2227871594208642
0.3028523348618598
0.28334614865907704
0.19915318673730256
0.1991036100330316
0.20297362622703177
0.20289664069280525
0.2327387317227513
0.22994980396453404
0.32661313511325374
0.37604184009887853
0.37729232489785747
0.37734508434279346
0.43817169571743514
0.33595200594503716
0.3260655272706797
0.336569088717893
0.31612076709236336
0.3088164247326189
0.3033470154636239
0.3019257112705862
0.2700325396485314
0.26813621585679775
0.2565706882027831
0.21823728313983753
0.18688484577718875
0.18140201637015635
0.18775373454544425
0.202829590391833
0.2195626224231789
0.23792705715056486
0.2561017792680785
0.21253509861134728
0.22210247159767355
0.282369806795068
0.30085810790681444
0.3158882963551136
0.2916903084438331
0.23902115274052022
0.2532748980035689
0.2619998368898408
0.27356514538933746
0.2801619946766609
0.28375355939716324
0.2855682623499142
0.2905035722891153
0.2943828976285937
0.29900477146396387
0.30408009274424735
0.3115894883782239
0.31505105115342597
0.31933791933970485
0.3243272816739912
0.36413595548511946
0.43513260671844084
0.42431044966842224
0.3205665130042071
0.5654227211851377
0.5385575550384526
0.5165030948119552
0.2489069939171916
0.2580293081761122
0.24495200952949156
0.2859160235768393
0.30156398415285873
0.2953032488663598
0.29064812367857695
0.27716020745766085
0.2897290839015448
0.2963925633783232
0.271623453622886
0.2682349290330136
0.27535694845127334
0.2513284453291973
0.24930286619265962
0.250536514968013
0.24993306344449442
0.31228379810714957
0.3398100487199733
0.3397726206412084
0.3397170629531122
0.32042728752085403
0.3203770168216064
0.30657255291135216
0.2927808090163822
0.2833005705238441
0.28305987580029207
0.2770989159193229
0.27437910372911956
0.2605837467970568
0.27433483164870864
0.27143154456002505
0.30573613871634303
0.28006046805948287
0.280813562724515
0.3022476742372372
0.3038879612927258
0.2252207048774258
0.20038769485802954
0.16996244006615602
0.16651027335081697
0.16497951841505845
0.16217153021105524
0.225666500264591
0.24867651309681665
0.3453640326016283
0.34188903177523666
0.3414421395419371
0.3501320162199372
0.4472360192199123
0.36978307319866976
0.3036419444428463
0.3406288331301612
0.32727577053009566
0.256032173770807
0.2563860796241581
0.26048315264177296
0.272044008919176
0.35881826765728597
0.31554481399088935
0.2567124953862908
0.24513323945248333
0.25876782110161517
0.26725621478375666
0.28130146677707074
0.29018630271020357
0.304699649127748
0.31476636900683125
0.3259287305416938
0.3319206248711754
0.33729907474886434
0.33960322126811454
0.34164146024543957
0.34460190196405077
0.3932176745313988
0.4305256277058451
0.4331415567824548
0.44806744386454533
0.4578589057983093
0.4637002251120283
0.46664670718298773
0.4140418787010098
0.36574220828025134
0.3666915477281427
0.3676143397912881
0.37427092496796077
0.37508231559838084
0.37782032036212276
0.38203034281986525
0.3887671633221974
0.3820684585034286
0.37593663891408474
0.36983260252309264
0.37584670722066416
0.3803196033439908
0.4235005494482585
0.41296092704095894
0.3843294139445952
0.38943910522048947
0.36250613498205714
0.33728738975027556
0.3615553681264697
0.35617525951621837
0.3159378908240584
0.3055301231208553
0.3015482632965588
0.2999947251833892
0.28862298571844014
0.32814715585654297
0.5948540208495381
0.5962471028120482
0.6033511882021729
0.6009045237597235
0.6584432741322741
0.6593756502009642
0.6590796256847762
0.39142754956717485
0.33604882621137705
0.3348034076480594
0.33476487987817377
0.33473131999940103
0.3245615633417491
0.3379364668351851
0.3377551686362108
0.35456670547097346
0.33985761726584807
0.2313741639657696
0.2301289739115662
0.33389810909474665
0.3345828483609879
0.33456045689483344
0.3345335834512844
0.334507392851917
0.3463673683484003
0.3405544128882452
0.3213990335516679
0.3090801899693858
0.31198431293538875
0.31264301136984257
0.3616966820083912
0.3699082668771984
0.3807404542542251
0.37717612154300884
0.3601867790795502
0.35899462976553453
0.4364909950743045
0.3514971575874576
0.32628137389290873
0.3168263446442436
0.30908022194485185
0.31702075536137875
0.32731984246111856
0.3280326839033593
0.2777582747767747
0.24981737758961764
0.2609355234140067
0.2940375464651312
0.3105095597610272
0.3536510883964513
0.38652742700688725
0.41168071417431734
0.41538227864815136
0.419180977459106
0.42305376662410127
0.42676062103682405
0.4326558761422576
0.39552183197676644
0.3447140615398476
0.35519376594827573
0.364648770424185
0.3726580389166029
0.3792822604804791
0.3849824385676107
0.39041083970508794
0.3947987854476287
0.3988631658360253
0.40264365529475177
0.4116285916595416
0.4167880013123394
0.4205184438026194
0.4232098880359643
0.4283767038109184
0.4255555431730809
0.4265330924719916
0.4262514819111301
0.4353460748498478
0.4232147741360144
0.41305294403216114
0.40376708147827545
0.40942941912926856
0.24978181289765314
0.2689276339783636
0.31437988149706253
0.3787283659153655
0.2821459703956318
0.28128777530153765
0.2588807400602987
0.2957387536950049
0.27583178193272406
0.25348172403530456
0.2785538570646244
0.3171852559277297
0.32648586131797835
0.3121977730329111
0.28523438276358354
0.3047275892653944
0.31265292924195104
0.3481397538884578
0.3074801779443001
0.34003672764221865
0.34009658823348254
0.35390484852048276
0.3401609151775556
0.33473313110783404
0.3348094031910061
0.34864601944036094
0.3487344386085968
0.324903838457309
0.32480607873712225
0.3246965646321101
0.3245918849522024
0.32088215308255386
0.32086433565360445
0.3224056408834767
0.32361448672183596
0.3157177526200632
0.31560166387015925
0.315487039070926
0.29840538212307177
0.2773741719844156
0.30451558450425203
0.299407821827473
0.2918942682217231
0.2875507608039603
0.2954369893230929
0.33252335076042105
0.29255086725743207
0.3163180439904926
0.33028241305678
0.33031764956173976
0.35126044164496434
0.4372141366418666
0.3581016214122309
0.2931629336249633
0.2818363043139721
0.25753940220757143
0.26009832036626884
0.2615219834540423
0.2775196360914194
0.2634703650463196
0.28801602640990104
0.30737158337849124
0.32279267457742106
0.33276103362074977
0.34994428907679487
0.3611446582878647
0.37732158403327665
0.329399283571373
0.31280544773223334
0.33095853864924296
0.3419407956398675
0.3534828737152416
0.36027049248573173
0.37638291038162824
0.371957260466458
0.37117602702980124
0.37210848996854573
0.3741106136242161
0.3768000228049503
0.38006747811253455
0.4015778652732744
0.4159560113951155
0.42530773873408695
0.4333293551945391
0.43731732409285345
0.44033306217294516
0.4266307955825662
0.4233709428402115
0.3695083947550989
0.4064662190433348
0.4452573110788943
0.4576753753479751
0.45554748464225814
0.4679552067562092
0.47451082976000303
0.48924180737031286
0.4854106191106774
0.47581209900683413
0.46227676159203906
0.47023814299415556
0.4492609923916555
0.42679943235497453
0.41812180339503896
0.4250599702983914
0.41508021875130446
0.30778261097565685
0.31089428761808796
0.32301995560047125
0.30386769823844495
0.2989436337550878
0.2967253846612943
0.30184697875249045
0.2836159377886318
0.2977471217107103
0.28391612986443915
0.3399811626825082
0.3405648624750244
0.3412220380005188
0.32042868778117006
0.21685137319489597
0.21653385033955067
0.21621694236580855
0.21591689224549218
0.20619451214827428
0.20626866031281843
0.27652395303985483
0.31194382737042725
0.3060926875304406
0.29544514467790406
0.21531677378066497
0.21500691717032677
0.18845017217691784
0.22701554721166398
0.20928028413686706
0.2085991345906634
0.2826457120923229
0.3133778413820288
0.31365400935181953
0.30818340076121153
0.34033029965560085
0.33921169354743347
0.3051769748791076
0.3017585975720096
0.24875877202319072
0.29558472205502156
0.3579588946564698
0.3548555263463371
0.4126161978536229
0.3477997756761082
0.3069761026672193
0.27656101568677216
0.30514381959294673
0.32414473333950355
0.2721011421308223
0.26204470367857075
0.26491834816215065
0.32243874844560083
0.3301550492049386
0.31820858937867663
0.3381422452205427
0.3636903380793665
0.38577320416611377
0.3239916960884647
0.2930225229738961
0.2950774037355345
0.29698919026519693
0.29914247276516953
0.3028540226000245
0.30791940738241075
0.31348770346253196
0.31931435775780787
0.32641565094516495
0.33416471129371633
0.3424094820418369
0.3510663762412199
0.3597845015506806
0.36752755225443073
0.37476748507086943
0.3816632122909472
0.38926990270287837
0.3938689069777117
0.39770748741744155
0.40103970955239776
0.40650553344500684
0.4076007494413363
0.4144259486793596
0.3988041455663871
0.42822071144960633
0.45361264660747186
0.4775634955315533
0.415192219426035
0.45682101947651377
0.4576967151481717
0.37850170076373635
0.3852247659258876
0.4019185308244743
0.32199137435573644
0.2974229534324654
0.2808199029271052
0.295086634464285
0.3046223573018098
0.30454929106506756
0.27809039462634155
0.29678099413185954
0.3034820346487432
0.3146943131750038
0.3095859380567002
0.30326912202228845
0.3037584428446729
0.30534804455769454
0.29142603252884625
0.3399723011800441
0.339968044769225
0.33991802085209655
0.339878751310238
0.3343374921730538
0.3342943035634415
0.32050761777167674
0.334251321460815
0.3243586519789694
0.26262797121198916
0.2371788732421494
0.23728889990871394
0.2489310071934131
0.3177802942482389
0.3361286471853198
0.3530227211399673
0.353109756260905
0.33605774258675647
0.33476383279348915
0.33463726918352044
0.35169506006696777
0.3540434151608433
0.3539971463586442
0.3539366210408659
0.3667238099373502
0.3775458539818547
0.4160124211120779
0.4159931853912787
0.41060576866589044
0.39735907676962484
0.3588616033191382
0.3588690410991775
0.448999361133235
0.29076101139388943
0.2593705592906017
0.24129639934368893
0.22208977601072138
0.2307011559857387
0.22310012214695468
0.1977035323527861
0.20084805845974948
0.1922008357449741
0.20185570378717715
0.2135791271709748
0.21878068639119969
0.23023475036151048
0.23875241127368968
0.2449202636502595
0.27102841048601667
0.29630443008222146
0.31485676581543964
0.3286290991878734
0.34038944187702597
0.351171541560405
0.3609544976558852
0.283789831672664
0.27396523091042346
0.28335096278225536
0.2926657837634332
0.30199837193919854
0.30969421074982745
0.3151853828794395
0.3193109415338465
0.3225699008377873
0.3274042007371797
0.3301054724724379
0.3328750419963688
0.3357540336354904
0.3438998539670992
0.3501263992379198
0.35877223886042
0.3691857536868587
0.3653393101178246
0.3590200270245697
0.4411597934269817
0.4232318600000203
0.35436040071798663
0.40873458211318064
0.4247676574465746
0.4346510560189803
0.4548432891105648
0.3808422065907192
0.3673845584337917
0.334937703718456
0.31092670480821744
0.3005246094707393
0.3381021863123747
0.3692056252375227
0.3431441403803441
0.2347527369837782
0.21792603495422255
0.20291244945051615
0.21285338498693332
0.32037866696694606
0.6009486855672723
0.6096632879840966
0.6393016317911685
0.6392302142734231
0.6391393575803719
0.37174322385110187
0.3334878626971088
0.3335875502239935
0.3337164020472901
0.33387307655759507
0.32380079511469206
0.3236987880679912
0.3405565040703999
0.3382820420121472
0.3351999234176974
0.3351913939390984
0.33517560944815383
0.33515858387886954
0.3151557756540615
0.3149933950138952
0.3150020927763668
0.3337726551255822
0.3508720312511708
0.3628727626968429
0.3916941772121845
0.3531517448613487
0.3589761547725853
0.35433456882842385
0.3499662151848119
0.3469538605196518
0.35051726061837707
0.35152502193509017
0.34879459534536156
0.34610792178519795
0.4376468753144384
0.3686992831063816
0.30690523512631385
0.3078276177249437
0.3161145640593695
0.3556284224222079
0.34186625713791474
0.31875134697205015
0.31078957568980325
0.3481271059691399
0.318176002939209
0.3169065067074118
0.4988040213744406
0.5374066585253685
0.599485570570961
0.6133696666519327
0.34583700855176913
0.25493147281247586
0.27237622226515923
0.2908833787130505
0.30562435374492164
0.3202611317624408
0.332632275066405
0.3431637908607077
0.35474713579952305
0.36845777682812314
0.38335277044008476
0.3992208345893259
0.41436589068118007
0.42820400082198057
0.4347886141947325
0.448363360319969
0.4608418836943526
0.46890005192619905
0.47486011377065257
0.4792698566910627
0.48405883712180414
0.4831826184014419
0.4817356404444742
0.5563988807482487
0.5717201819678205
0.563939162298049
0.5743161526270668
0.5835025450227056
0.6030849913931486
0.5565240615978054
0.493859873497723
0.48479256061266096
0.49557604163482455
0.4777952064862775
0.44526430354440355
0.4041082223601214
0.4255756154290874
0.40727039749137117
0.409770840299985
0.4153678827958714
0.41967112641200083
0.36568875423381264
0.34243999138345105
0.35452972793837856
0.3548030609707031
0.35169248648566115
0.35263450013481873
0.3376567166956211
0.31018195543590643
0.24042687195907597
0.24070848425481672
0.2418359688877467
0.2040144456589376
0.19970177451091994
0.19772632653853983
0.19610962548088
0.1687464059808271
0.16622026655443714
0.16448442020390802
0.18746782883955126
0.18491083044730444
0.28816548726746294
0.3057700805854191
0.30091369817721936
0.22615243680681277
0.19219038166910343
0.19053194360660863
0.2850321224912921
0.3051879550766035
0.30020619752074146
0.2971420638833502
0.2970317220594065
0.29822787354053915
0.3315750669197157
0.3160124703253951
0.26615104202371787
0.2975260400580696
0.29640190198681643
0.29662180090326223
0.30094234809684467
0.4890961497450959
0.41313650894933274
0.6032966059924219
0.5894124180632476
0.5850169058783624
0.5861798042655618
0.5980521643917086
0.6008320935436327
0.3468162352307245
0.35137579758143056
0.3405636179985435
0.37036940495173937
0.38976932639351797
0.41181304745944325
0.42765148934610825
0.38573061007666665
0.41365987984579605
0.43566527415221773
0.41870240075610377
0.45488456857932635
0.4861892497421409
0.5115476343114093
0.530881467639503
0.5457773042846629
0.5564462929921242
0.5641648696569429
0.5697173330922948
0.5738294988084476
0.49121985978188554
0.4807046409584713
0.4887387682509126
0.49790197364927363
0.5061695145013727
0.5096129065220023
0.5106115146420959
0.5100769647257171
0.5151616054895555
0.5193210106781202
0.5270253886800181
0.5372454968237819
0.5432543126813628
0.53837591843585
0.5309847418585056
0.5211017034809169
0.525414392792972
0.5000621722891714
0.4903642933789432
0.48442617848291325
0.5023658456533456
0.45684354463690235
0.4399184190847159
0.6499056890254403
0.618033998990152
0.6059875617248721
0.5843186189921192
0.5830560883539944
0.585740759159868
0.592294631089646
0.5985399828583602
0.5945087839273379
0.3184662312250239
0.29938241831858536
0.30040542204602805
0.300511638534389
0.3526236681961328
0.3526956763045273
0.25597855724563984
0.24723209469095406
0.20039243762659212
0.2003457274991353
0.20030303560471668
0.2002657349927987
0.18737328048278912
0.27109377946121727
0.3057636609064565
0.30122463454252507
0.2928802792936686
0.29083013265406715
0.2751012468280723
0.28722231931429454
0.2859334719386463
0.2798920744104075
0.3059421342465473
0.3060264451947735
0.3469789016033266
0.39380535543783746
0.3673322203254771
0.3497210682703734
0.3111247183312016
0.3078136878017805
0.30945776941041864
0.2323179328129688
0.2368908140517037
0.237325664452179
0.3211650474563324
0.35094630470966537
0.43664816126035094
0.34811033364244487
0.3534508348303723
0.3556897837794671
0.5513097466475239
0.5446798553933466
0.540999735229831
0.540063621594672
0.5287309918763277
0.508929646165382
0.5229477605271922
0.5270356017882883
0.4948203759566503
0.26821324004553404
0.2929907702562171
0.3007644965768112
0.3592505814359007
0.4029929912817622
0.44743407757674397
0.4827614050020091
0.5082232772756314
0.48777840782566384
0.431147800676387
0.4399752785045862
0.4506795779127282
0.4633421058910799
0.47772829764610475
0.49345479921786944
0.5062172380438733
0.515607981668894
0.5230007180215858
0.5296057799948872
0.5375432682965335
0.5429860441318256
0.5481354858966487
0.5531516026038981
0.5597823895944697
0.5616256402619543
0.563821940633731
0.5499301892882642
0.5281665019034683
0.5279217231674508
0.605194218993194
0.6016740808380775
0.5217522356723717
0.6199115707034566
0.6308008361243927
0.5167933273407009
0.5174529143027525
0.5086334068615659
0.5032197402115292
0.4822172106119766
0.4836865350478125
0.4609062784537719
0.43500483714292243
0.407576997582037
0.3828459856787235
0.444837405164159
0.44996414273763047
0.36401125905928616
0.2799974872213603
0.2663837036335431
0.25161663803221723
0.2353713003072324
0.21493376566471462
0.2287513284547894
0.24984216213595997
0.23405932331255144
0.22731827240726876
0.22729640468255957
0.24424651492483312
0.24545556606487737
0.23556426769325303
0.23566529932124697
0.28045851625003476
0.3232286729532406
0.2650303127196693
0.20943830441960598
0.2151087954950913
0.21636971456109153
0.22739067657023967
0.22739750629230737
0.20631554051393552
0.19866037328175082
0.2916675865944291
0.31140012138180007
0.3078028776461024
0.329398015052584
0.33797723771002275
0.3744197155195621
0.37446878013149987
0.3743425138742826
0.34789084046761204
0.2707044745962124
0.32027821580291677
0.35924994078411854
0.4101648556850267
0.339746821901129
0.29983049038103315
0.31575495924598573
0.3179948606390058
0.33075468556158205
0.2522273339627622
0.3485269162688712
0.3282728584192487
0.32880390090707323
0.3568532608074685
0.37819963418913727
0.37158309167252607
0.4013836365871485
0.38424833028490163
0.34276331748793315
0.34496627260273566
0.3397675119341592
0.3425504544329664
0.34526355231822525
0.3503884053083432
0.36058822024979265
0.3728997702376724
0.3867629777065149
0.39771465999644795
0.40744740013544517
0.4146581367942202
0.4202041425244402
0.42643557738126403
0.4327064397712703
0.43946191432507814
0.44653478610408875
0.4539613977040768
0.45798276760669626
0.5387309235319556
0.5551704380018642
0.5656419475989576
0.5712170180239563
0.4754677352376347
0.47619422284969337
0.4855962504406354
0.4886000135026037
0.5349685594945545
0.5464099771542519
0.5857645721110933
0.5418313228160858
0.5431431311363122
0.524128773163595
0.5231674852654137
0.5276137426936715
0.5280951388225206
0.5008241374690044
0.48139895477875194
0.4349983753938394
0.42764526082582915
0.5140891805729443
0.4977321794884239
0.4851834218984792
0.49670345899410706
0.41208094168754394
0.425686082611921
0.4278165266058332
0.3978743081977957
0.3975837392361361
0.312460106904452
0.31668226664468746
0.3137544916779562
0.31272378114999894
0.3032961210376827
0.3038567037944677
0.29619002224849944
0.29277537741761045
0.2723698958860566
0.2650154273500397
0.2668196634222101
0.2868686596646586
0.2570428260694238
0.2730463915893738
0.26921974041934404
0.26690237725000593
0.2586385921643281
0.16237977549271265
0.15156558634394338
0.15042448117663143
0.19832196174876845
0.2857573089866501
0.2837901277939143
0.2926042755583875
0.29335025669905
0.32644277068018623
0.26503687834984885
0.2523380533756402
0.29064955093521866
0.31593578955590274
0.3260379790947739
0.33619572897743666
0.4611357668363523
0.28311263529568725
0.33501662653835834
0.36987356288010564
0.37268099600243676
0.4384446916267589
0.4354998241544259
0.3408766638652215
0.3276271853995334
0.36860085860842023
0.39868545713316317
0.4205049285804509
0.42623679103947654
0.4424239112882693
0.4537105515784412
0.45791013652317314
0.4853130350752076
0.5133762490676729
0.5383938737224125
0.5613584902109868
0.5326043401717195
0.4892725545012828
0.5026404421328012
0.5104579725311914
0.5219358475614325
0.5296010954498207
0.5145530932442234
0.505191990316434
0.5011785088830992
0.5004078072276565
0.5020238519939453
0.5050570340532257
0.5059096497789259
0.5054198208125878
0.5056771424389844
0.4706308523763678
0.494157956736583
0.5407288623638277
0.5749147898803726
0.5978941603475318
0.613624134199194
0.6126697372860729
0.5950868591539129
0.566181648866005
0.5586057370467412
0.5367266465318863
0.5154107525971083
0.4882616259292766
0.3859090109156679
0.42172497317149105
0.4653632799725775
0.45733480715018904
0.4617872527470474
0.3526821000125912
0.34155372685361735
0.3471276150909914
0.3579885291693116
0.36061049630157666
0.359612993131514
0.39534032969545596
0.4199016683468467
0.41899958482660804
0.3998728638700668
0.36146302818454207
0.3132203359431463
0.3149513132809961
0.31816028140178876
0.32242735011464485
0.22404655895254044
0.19726707385580855
0.19710921187303662
0.21377366002312587
0.27572121048636195
0.2734473519169335
0.22359860935816384
0.17780275202046697
0.214224004420206
0.25095237814739735
0.2861502295710072
0.2787021937918582
0.20880435806129613
0.20589273900599764
0.20800266788300661
0.20656582548647948
0.24346163748988808
0.2209446070735513
0.31993581799578835
0.3548294763235553
0.3759055226370658
0.336814499890808
0.3067949824153062
0.26547455368500006
0.31814161303805555
0.3764362272119752
0.3762093520255067
0.37145619047866596
0.45305468057693854
0.3653652310769353
0.3010745718876205
0.29998025495013586
0.27284211341288506
0.2717510259672981
0.2718102536428773
0.2555353087062642
0.2402424367247822
0.28990546685881136
0.32231079245498107
0.3585109358214782
0.282205930305584
0.3200343121244336
0.35296650105164024
0.3818902462123905
0.38404360366908985
0.38479986011261685
0.38475795778405547
0.3843572193105177
0.3886753313661809
0.39744444461739314
0.40946623417809136
0.42379156754625985
0.43695409419876924
0.4481862855408303
0.45751066694392367
0.46554089024896983
0.47407490716146417
0.4823772868038288
0.49092650054710096
0.4996556885824204
0.508381651919267
0.513251295697126
0.5165974609677196
0.5189978902607985
0.5244517189345792
0.5264253026613397
0.529635517872689
0.5337344848266791
0.5404995748773183
0.52943842872298
0.5238171976200949
0.5092547758666333
0.519932554043618
0.513461017827915
0.509406208202923
0.5064366056328461
0.5241944904738444
0.5062318752163237
0.5048835431186884
0.48976383020013364
0.5225033527515491
0.5313163202162395
0.5182672533507268
0.46256393458251877
0.46346364278028884
0.4584229601112133
0.4172207993242631
0.4175686104336279
0.41026123912745904
0.359046094329424
0.36109690172949027
0.35752050484626186
0.3441268400547131
0.3458051350089703
0.3427732492354214
0.2577340976834191
0.21494089637698624
0.21323411389158672
0.21245880181640317
0.21291498705953651
0.20070475347455946
0.1992534572044697
0.19829055869023912
0.19756748045983766
0.19326093001402528
0.1921729034561767
0.2821319048670814
0.30014653338410074
0.29172372573310384
0.2893204239834772
0.31219815320560956
0.2945918367589292
0.29580931975437585
0.29290954153332355
0.29183259169165904
0.2770935734586095
0.22194051688379385
0.26720019481535984
0.33044199096596655
0.35322797659316985
0.3634151667870561
0.6307465442802499
0.5756705608608831
0.5235604084985415
0.623107712263209
0.5679727463875668
0.5887498040276785
0.3547035632591743
0.2632913473342119
0.2912318348914815
0.33667313116592723
0.3735709535309357
0.3598674922101798
0.3883196841174407
0.37158543893604334
0.3225197944112734
0.32711253320066985
0.34535946158605185
0.4511831031548149
0.43336615843557225
0.38453792454335095
0.40534418408367007
0.4174123853852247
0.4237374633322652
0.43288956937850714
0.4463038039458344
0.4756989946351965
0.53511332137652
0.5516038304218949
0.5647484993740576
0.5730569968695408
0.4746922443160956
0.4802126635646752
0.48499039663278454
0.4898019728018
0.49470106948118864
0.500205389525992
0.5024719362360516
0.4871254407095007
0.4598022397495735
0.44521235093732164
0.4317563262623326
0.425224094778993
0.4234329339881853
0.42941675729111545
0.4381047941721954
0.465552492847484
0.5019667737419263
0.4940259583247701
0.47529224479413296
0.4790666514810821
0.4748734404847683
0.4628835677164126
0.48692864785667267
0.5739603464229843
0.5202455779046121
0.5511677889736499
0.5463630598339962
0.4944345824820288
0.49812537256129163
0.49899288588313667
0.430293525585515
0.40866324586811065
0.4100179051510722
0.37304655984940105
0.3852755025466933
0.3892376989915661
0.38672394213605044
0.3113910690502846
0.32903529228841943
0.32488671418665493
0.326360220640794
0.3052094342998764
0.30770178697535594
0.32960442159294373
0.3290235126713122
0.5704013342815869
0.49959292638729175
0.4760576903343676
0.4755322502841826
0.46944053500662564
0.46868942079551057
0.48184872996180805
0.5725983871361475
0.2930052090570688
0.18570580248219173
0.20453997792339998
0.20324843410564244
0.3094860595805674
0.3377403336135503
0.32815959867071304
0.3258853738564368
0.35388202319603235
0.3748543601969919
0.32675077064216623
0.30070909576572935
0.2986152105189572
0.3045527020394176
0.3476835054084836
0.300499814349013
0.4498196703951301
0.3717855858359444
0.37691607075487327
0.42060901671827383
0.39571934870265807
0.4304959568908555
0.4383596717357413
0.40771656485714486
0.44131045048021006
0.47057565281045277
0.49339927498070985
0.5056753095705925
0.5175091832829327
0.515345554567389
0.5108492537898008
0.5140717858776388
0.5187117821963936
0.5241767785994226
0.530732630468245
0.4892537904441211
0.5093683527311123
0.5266414668556838
0.54166866203896
0.5541448378364664
0.5077172717757349
0.46898273499713683
0.4779651077749698
0.4867499038569507
0.4926453992284787
0.4950725518467934
0.4949870392765756
0.49332725667129684
0.4962373002623941
0.4998427115827589
0.5059956075224366
0.5138569320291979
0.527509494444443
0.5347592849336928
0.5406728667818612
0.5457957184049689
0.549208492149859
0.5448123332381978
0.5406345445917442
0.5362698550192083
0.5511207923117781
0.5632938897940052
0.5610396515902288
0.5775350727449379
0.608395351559061
0.5511193231231927
0.5553806349718191
0.5532997151634852
0.5575216898490151
0.5560997039120095
0.5359719600454247
0.4699159170784425
0.46695460141037476
0.4806494228890899
0.4094114610539226
0.4349803910999415
0.43410376711233334
0.4186320017935844
0.422723646333059
0.42061356868812777
0.29467388342002665
0.305582942427952
0.33086890046820666
0.32754221990401056
0.30891183013281986
0.33101975074944473
0.32908314244285786
0.5966375302211655
0.5816537847705596
0.5150924697707644
0.48251666600337545
0.522807438734269
0.507339162381024
0.46470290088095995
0.478753884680929
0.5651275729096407
0.49092902338377004
0.15373254869083172
0.1533384014187002
0.1512828749880671
0.17145092845616178
0.19868448900263996
0.20920878955323624
0.2406545205439037
0.21251872771195465
0.2355591290908065
0.3269728771807128
0.6184209438907005
0.6200180460297334
0.3474630365357952
0.3290316026035607
0.3255766984843576
0.48689972444516283
0.2492324948361366
0.32664767041911
0.3971431128265579
0.41677186169949576
0.47333571284011927
0.47423075206405535
0.4983562731742472
0.5081190648928587
0.5190247895614335
0.5243878447753799
0.5268630694924562
0.5208626838039678
0.4897761749293101
0.5126387290132108
0.5303362973024393
0.5399809315498211
0.49322171851001817
0.4626915901118168
0.468948929993194
0.479692010477982
0.4876730998668807
0.4930037408559678
0.49642323020732126
0.5015957409342139
0.5083933760919439
0.5168237572349568
0.5264623271081345
0.5347812121263165
0.5406322018240023
0.5448111199697767
0.6183302431359432
0.6500073947577115
0.6537990791154671
0.565828750390004
0.5509720964465903
0.5517926309201545
0.5468443366656884
0.5415648937290845
0.5363488201727408
0.5329286454518557
0.5243864722079185
0.5182457832302492
0.5132966893462032
0.5214983593542357
0.5179310500548752
0.5052937906425569
0.48687122798017923
0.5584615302294127
0.5299791004190249
0.4834029677116553
0.4860494971391734
0.5138549426889443
0.47697059602971215
0.5074972347336423
0.5366603585608272
0.534256064804603
0.552700587388759
0.5798758600132461
0.5250348080555084
0.5128282062782891
0.4720064249294414
0.4129448973137231
0.4305823829076388
0.2933747749752595
0.3006455406816445
0.3138440700925011
0.3138685554331732
0.3059097615375253
0.2860955675606717
0.2679247848698178
0.2670221100081933
0.2547538924857745
0.2525236405712269
0.2753846049216029
0.25454546879279955
0.2599058912480818
0.25862413685546354
0.2587099862671136
0.2563029060803128
0.2309359318387633
0.22907577157186834
0.22455012112685577
0.22215282858250335
0.2134345011178401
0.21583540565008247
0.24063139911096262
0.24063139911096262
0.2445429053958174
0.27497966066301505
0.27497966066301505
0.27497966066301505
0.2707795041181615
0.27589388371512497
0.2778855176825266
0.27792622827747465
0.514789728064187
0.3450442058662813
0.39458752817273884
0.43486360126080786
0.45353170480522026
0.4706238071990761
0.47270733374768364
0.46588915187679875
0.43837130477394076
0.4350308304408884
0.4562357041649646
0.5343055536360408
0.4931936639895891
0.4480203734069713
0.4564438735382002
0.4623848494003745
0.46601517580178803
0.5014670116202025
0.566551292965875
0.5776665380978242
0.586092837652708
0.5025102076931061
0.49746046482182776
0.5047009965027996
0.5126494780994169
0.522278247221026
0.5325018603762123
0.5433259080544445
0.552055163883459
0.558370833356253
0.5625801963129958
0.565516874550319
0.568100346351292
0.566832222870138
0.5641773797902269
0.5607437090285141
0.5601619436688762
0.5557959782722002
0.5357747590474166
0.521840085468029
0.5386705590547696
0.5569660462161794
0.5953040390764662
0.6069880255006794
0.5773100656572759
0.5838548409894486
0.6037809087766276
0.5642271943207717
0.5973498641688212
0.594266711888717
0.53988911733318
0.5425968577490036
0.5587865484124552
0.5763887278946326
0.5798019903649542
0.571431117193545
0.5514400255269826
0.4284293247402675
0.42041373454084935
0.4087882120899686
0.3947076585309153
0.3699549834461561
0.3487373750915904
0.3306521602445826
0.21553483780438604
0.22648130333532812
0.23120032463411966
0.23130200477988425
0.21032156599550852
0.20695713130554433
0.20369385236510382
0.2005968209856303
0.28409981318015465
0.295767314249741
0.2817900751514653
0.27866394130129907
0.27027268690657785
0.2743978011406141
0.25434025435917784
0.24653944946509884
0.2539376811105893
0.2552948162648857
0.27592444900911356
0.2871625548909637
0.33588671041482626
0.33180529808662423
0.3173968790342269
0.28486278310620733
0.3190693256107735
0.3189511063596001
0.3179044646083896
0.3183627138944753
0.3279129938316264
0.3314922503570515
0.3307615440623647
0.3285036990191953
0.46815482707506156
0.19839683662453086
0.2778020290137444
0.3032816979678634
0.310170329220177
0.40681134537333363
0.4092440586547232
0.4221094601898231
0.44260429703930687
0.4773816744663216
0.5116139934927373
0.48282195283806073
0.49635718253278216
0.5177423003097256
0.4905493349496001
0.5242709035584531
0.7603613962428059
0.751539997949762
0.7516841266310794
0.7543806641510705
0.7431386247079664
0.7495331663199504
0.761623173524038
0.4845675948662338
0.424749070551956
0.4412940647200654
0.4507238022225304
0.45613716228743983
0.46174012608432685
0.46817405217793623
0.4762183277011932
0.48519530998468097
0.495196848096828
0.5015190545611196
0.5070456970141247
0.5122293059026745
0.5221576034348278
0.5261294065021658
0.5315058467039802
0.5379642795835253
0.534141710352195
0.5154009326497914
0.5402608134733626
0.5629241932687824
0.5387538038235201
0.5589387512252407
0.5711080691431389
0.5030370631350307
0.5292116074402407
0.5084053324331056
0.49843923714479815
0.4805229092176875
0.5028557333147823
0.45985983551628656
0.40307236831283566
0.29557113245118927
0.26130301056174154
0.2367706281128682
0.24121633922176086
0.30000442840757435
0.2967464235158572
0.33779694722435427
0.32157780936095115
0.31814785923578764
0.3042270376894205
0.31862990691448645
0.3133482303246998
0.2608706512220724
0.1840567633806917
0.19764656040528486
0.1971058686411231
0.19543864063455468
0.18329884369736602
0.19705202585785217
0.19662225640492564
0.19586311419010527
0.19332186037422203
0.1919148370759846
0.19050965779195958
0.1890724752992787
0.18490914585894563
0.3148280928310495
0.3306754717656731
0.34558401606404565
0.35592048539133503
0.6318632928054578
0.6349945906455406
0.6730844537405513
0.6976777879541874
0.6611709151235363
0.636647758718303
0.3571411110464102
0.3105788901804316
0.30669221534841673
0.30549958927185517
0.3040775974322008
0.43612743668040815
0.36610429088052987
0.3338809772113218
0.3505751753876732
0.36970237400059136
0.35774664007119955
0.2966096070044928
0.3026801415429233
0.2967420778779101
0.30047510747531486
0.2926457380164744
0.30911417081470993
0.36062406110003326
0.3858296083424473
0.3134500315059314
0.3523540170803227
0.38830699278310243
0.4160788854861175
0.4353864743190676
0.44865511027285926
0.45723763292074937
0.46287903871566466
0.4268780885454863
0.3634599841759011
0.3659224451861621
0.3679486132816915
0.36957606632651924
0.37098947703145363
0.37281578665791043
0.37394313242879224
0.37487755426937963
0.3757727509703175
0.37895001101054687
0.3964855529415274
0.45911729730040446
0.4700729802110812
0.43905398042274185
0.3780340314790395
0.3811062695668226
0.37217648798676456
0.4780374167105485
0.44557995211198154
0.3682395441092724
0.44249907336981364
0.46077616469312976
0.3775335245411421
0.37251366940023906
0.36444611289487094
0.42268733001762965
0.4506567884241967
0.46838641367862155
0.4766065985440022
0.5174308358421874
0.5257199511182192
0.7852248408044787
0.7744144340377982
0.7539476190737937
0.7472343412086633
0.7402771079845678
0.485192777334162
0.4745665574497582
0.47646656079441907
0.4769260187547661
0.4691995780382864
0.29006776100006304
0.3177744624729129
0.2543512630456325
0.21008875308311162
0.18226548911906407
0.1881156558478033
0.2266752708227502
0.255028115372285
0.3217262800480258
0.31929818976621466
0.3231780745094568
0.18940446066273983
0.20069999181979167
0.17636110421581802
0.170400496370625
0.14954590151448094
0.13984244876481702
0.14288562577605904
0.14028958213991305
0.24331094939720246
0.2490799103083182
0.24554110575154206
0.27142744905008465
0.18894725967850215
0.17231941774338397
0.17231471497568326
0.17156341488650237
0.20426955907779196
0.21371050480014217
0.2148307085183245
0.2476755181010524
0.3307689183971873
0.46121382051195514
0.20872074975091054
0.3423658713770795
0.3954469072201255
0.41309405531618176
0.42094371913179546
0.4151797936331685
0.43424596922650077
0.3595803626474056
0.3979532303906875
0.3991320304299836
0.42215372356412534
0.41536152519143105
0.43487098688775466
0.4476612032445155
0.45593651489491704
0.4594147627246989
0.4624110947782244
0.46605917561644744
0.46783141034306447
0.4682426518494945
0.46791899823301575
0.46674795832158766
0.4258134150520272
0.3596807714354442
0.3609965281504364
0.36341992465763123
0.36682918020033395
0.3699996734408093
0.37218701981620267
0.37415227763884845
0.3761594459085662
0.379745782476726
0.38075895069353144
0.38130845697859383
0.3816032799526433
0.3834485770720849
0.380563698499361
0.3780149488238453
0.37761508321744247
0.385468727112233
0.37390094353610964
0.3956895740106877
0.42950417041367533
0.4248460333987698
0.35585086679549194
0.3129101863675385
0.31386314039673396
0.326884334794841
0.32204475344522715
0.3064911882041174
0.27580233675191357
0.3828529414196397
0.34800338359479654
0.28617868230201887
0.2966501822394058
0.2953783730066886
0.30606756788990314
0.2984176367726255
0.29715532646793413
0.3513795407015205
0.3141857777873133
0.29443365110949676
0.30142501467501154
0.3537395016064212
0.35373767785538435
0.3536760937684366
0.37057984223949514
0.33550616333082484
0.33427847214485495
0.33425432495559243
0.32046496017982534
0.31063803421373254
0.3106083994752091
0.29327304549593447
0.28696208215264596
0.29201055269346726
0.3067069978454978
0.305001439306267
0.30581663857375285
0.30001476153163903
0.3182390792005874
0.3238631910009931
0.31770544574913606
0.32789430863496727
0.351100034392061
0.3356296761392372
0.33420917953325896
0.3457416072359714
0.3368245408499877
0.33797519983403185
0.34634677471420156
0.34079637696681514
0.3381501625893852
0.35063794141234017
0.35828651888483726
0.7752824340537385
0.6842549647731537
0.6356685640663828
0.5876087352050949
0.5415272247358601
0.3068112248332046
0.3142432730421862
0.2558907284085068
0.28468285295331947
0.31604248450743766
0.32156165128498176
0.34938242018129906
0.361883350068688
0.3764672337602147
0.38630196355145185
0.39304699955229444
0.3934631958864717
0.3927872367226244
0.39707261251266757
0.3986442431989842
0.4009694666939461
0.40440277659573237
0.40857541302437334
0.41336309213353734
0.41413007178256805
0.31870197883868595
0.32414233901074585
0.32975230595815325
0.33465150394851373
0.34970887277695534
0.41742759092233045
0.4298030705093039
0.4132113372426787
0.4291281102437102
0.4360089063361695
0.34165827853970077
0.350085574378338
0.34991833813879947
0.35341183321894354
0.35575811463642104
0.36222239951472207
0.35673432934823557
0.3905343184902198
0.4468107754622889
0.4705649395641624
0.3915485545875106
0.35066149909841604
0.3435744956538023
0.36332983445089917
0.3581788314046748
0.34780709606409815
0.3457435948916498
0.3755474793076868
0.36860361726641927
0.3621482290406469
0.35615107612944485
0.3552294939321539
0.35126041266725855
0.3977358644401606
0.4398983669671605
0.43766359886967743
0.4171934508352391
0.3326839875015982
0.34134806463274037
0.2504490346160745
0.5312097423763761
0.5290728114946338
0.6234046311228653
0.6196388753117399
0.6075433657420526
0.3308880595255023
0.30559969401649417
0.29178025501663907
0.28907154002091134
0.16839542707274993
0.1630674552502666
0.15534188775421104
0.17234738707616584
0.25895994591259885
0.26172117923812693
0.2524926905384075
0.2864318145221104
0.2640442089457037
0.2536877913293039
0.2796237530724147
0.2994060541431631
0.3551705810581836
0.32076987324103245
0.34363528057303067
0.3315398968714108
0.35200732741354596
0.37224589297833877
0.3696649577401189
0.37205649897864274
0.37779037031981505
0.3772842084157402
0.45622870105914853
0.38940532874341555
0.34267237982865706
0.31327110721121837
0.2939019944746549
0.2882709341532555
0.2776527601206195
0.2731867343638972
0.2505114748515672
0.27839509684245045
0.29192984760671964
0.33867123983135716
0.32866536905007177
0.2517309091362327
0.29267883898017005
0.32287613439899954
0.3265919751934705
0.3508869632571229
0.3674626906810678
0.3385729699695038
0.3570709211468394
0.37085972095334346
0.32578338543199953
0.33276815817288286
0.35470958539236513
0.37205447477872555
0.3846911260449663
0.3745385855512671
0.2958517258471695
0.3020537986601137
0.3078811643187056
0.3137502380071734
0.3188646421499923
0.31997585954219887
0.31385989855935337
0.3148789632874229
0.31890794358476143
0.3192656941991669
0.3224010498965132
0.3778948064480324
0.41597466531544713
0.41560226429133557
0.3968167736841832
0.3533971107575391
0.32071613345909317
0.3215632352915447
0.3185791639063177
0.31214557094406387
0.34428260270058103
0.3355847234472468
0.38634315598557817
0.3741032037180763
0.3450917737950962
0.3372794838672689
0.32161169653000266
0.29528128424159295
0.28353214803575005
0.292187325278333
0.29677843367362594
0.29822470213791563
0.2949774563858777
0.28487773983562326
0.2816331424663592
0.279190932694992
0.34025974201685916
0.340280930305176
0.34025267174923196
0.3402101683037081
0.3209270258072731
0.32092615897775156
0.32090490351593487
0.3208747601076565
0.3110437013408623
0.2729715131273409
0.2655844473224094
0.2606625171194876
0.24700579428104122
0.26938999791265145
0.27252547639464914
0.299686423156996
0.29291979850490524
0.31320578240110625
0.31269014123665073
0.31101243097075487
0.32199347526056327
0.3219349987317939
0.32230564494913316
0.32022093142266794
0.31021230250616105
0.29578388554264445
0.3320436968361917
0.32637603696602857
0.35519293455316187
0.3458486914970671
0.34652017553342385
0.3453198679049266
0.4601129715606008
0.37469751578617
0.3475381613546294
0.36446115637898274
0.39670949637007813
0.4269956968376923
0.4441330669230336
0.4470593365637398
0.444467124260853
0.4497343633643919
0.4251102368829128
0.4411802069687085
0.37691008669818227
0.3612289259641153
0.3708048927712776
0.378726690775284
0.3854868566341505
0.39106252762347943
0.39448627307026496
0.3964642670871779
0.3988030039792161
0.40203235588449054
0.4057898054969809
0.4099702449248857
0.4147383481434416
0.41937344106675967
0.42377226771176785
0.4280632061473469
0.4324359590072752
0.4359524154557572
0.4392639714277734
0.4426361449822666
0.44744769668823564
0.4496811723951161
0.4514944569283332
0.45310651140312763
0.45725872251627253
0.4573730339752223
0.44168978471164094
0.415261688980499
0.42321956563888785
0.27462293655732567
0.3144865165729944
0.3755030062658027
0.4532142643093414
0.4316401380871357
0.46547729453745734
0.48225754718423886
0.49161011022608325
0.49479472048409595
0.46811843458427427
0.4642035574077912
0.4918692306372631
0.46801034146532966
0.4690128775994303
0.4283876836191016
0.41151493473282275
0.41477817811585077
0.36987241277573113
0.3644050970163603
0.3801340981849821
0.33765815911835684
0.34092173824941935
0.3506616454078812
0.3079744458140201
0.31678808901703864
0.340418057480985
0.34443854838663707
0.3389512333051315
0.32197564262488804
0.31774591042192296
0.31420362203453345
0.30192758503214767
0.2991767833094855
0.2971165764326275
0.2954827274554925
0.2897696345048871
0.3170863150154174
0.3166520715215128
0.3355956038190922
0.3041417514271926
0.296826702318902
0.31410875745054634
0.31769832315117635
0.2845989224988496
0.2461849559643042
0.5137124472659861
0.23824844504636364
0.22508108534898133
0.3041387689199986
0.2655173639960598
0.3026152206119781
0.3518050456276691
0.35409364349146877
0.35568519266620485
0.35567624296535194
0.48919045240125003
0.16224346262050643
0.2683676935830928
0.327292643332252
0.4208767556623002
0.39520361971480433
0.3108328039050446
0.30104132174093845
0.33033254038497656
0.38547209749650324
0.3997522513179015
0.41719678655321074
0.4272592933815589
0.4426293353247691
0.4485049475986512
0.39819704218669216
0.362514735619276
0.3732648217443437
0.382062479783571
0.3894516945370926
0.3940190559359802
0.4014011625333189
0.40787127657480565
0.4137376413131818
0.4196963610590439
0.4253621071804861
0.43077759309813207
0.4360940927135672
0.4420521432710458
0.4476024093359605
0.44733270355267135
0.4551650134954659
0.4634171052925216
0.4683168715776236
0.4720853219518111
0.47539855617628696
0.48036352826304635
0.4772105085723414
0.4754757040238799
0.4730589124860524
0.47995470522596884
0.5265272285405264
0.4835397818310989
0.534008466761358
0.5749165151072254
0.5871300591260158
0.5711116300808903
0.5374245188025223
0.5563000899040883
0.5535200926197925
0.5422864195945306
0.4575995977617277
0.4029361915016762
0.3779292398516401
0.3977855680206814
0.45086104129008725
0.4504574426177959
0.4436985244646648
0.4235358903019496
0.31082394861714646
0.29326987698083323
0.29088464073690484
0.28509747783145306
0.27534037493671043
0.21696346872935382
0.23633875778843644
0.27205360872535006
0.31671073966525776
0.31889084317791894
0.2697810548014263
0.18189735868578458
0.18013894710040698
0.19350981917165572
0.23477400728244327
0.22497858191879744
0.2887676447315696
0.28082361623604
0.2898986338219273
0.29736610507260874
0.29356357798727306
0.30831724701921104
0.3089315517153392
0.29592490231786694
0.2893669654407133
0.2923321055423363
0.3198261798810653
0.31982707839517427
0.3209794747535918
0.3311518007592383
0.3300254317580984
0.32930588753178963
0.3290797387442964
0.3467779051673061
0.3809260596216136
0.3407632005663173
0.3392050597376087
0.43847473355295286
0.3493559695008965
0.3167830436808488
0.373339310988577
0.3928060666869863
0.4121432505893081
0.4094207361490793
0.41852883594324913
0.417494593590302
0.40352209484735857
0.3146951706424096
0.31903220541801613
0.3200550987705992
0.21252236587319348
0.30282892038278814
0.3648655188824432
0.4096176423271441
0.4414485993748686
0.461203689276048
0.474130966419777
0.481886444286134
0.4864799209691337
0.4888099283681143
0.4899857583101802
0.4916737227266056
0.4935590006301658
0.4955175159687568
0.438407413891025
0.3947724145667328
0.39727182144372347
0.4001713048428496
0.40364781430397156
0.4087242248107095
0.41131805635078206
0.41358058557666627
0.41595441323789273
0.42240201297218033
0.4228467447123313
0.4287454602007115
0.4346839481086622
0.44081601518509944
0.4315131355895679
0.42312105782094633
0.40724497163664
0.4074186667658278
0.40181236596073655
0.397017438203208
0.3925689027628841
0.414914081275446
0.4129868275578656
0.411592944832797
0.4104326340063716
0.44061728736068134
0.4335351595870808
0.4744405533174805
0.5074193218210041
0.5007098880964397
0.4791544702443783
0.46166513945074406
0.4645633870643262
0.46198911814311994
0.46055863206362135
0.45867174428034946
0.4574843245623823
0.319035259342585
0.28444315734041814
0.2841371778260421
0.2703033325570953
0.22974452114214652
0.23493274765177938
0.2325600552265185
0.2705428477656904
0.5876373443679769
0.5350360551265855
0.47537613258924616
0.47399889918632515
0.4698262403889026
0.46935085119084846
0.19602723308379014
0.22652859290082017
0.2758430347593401
0.27377799449914464
0.19982841034780602
0.1660087143050725
0.17222667680039358
0.228681447002531
0.33142637168721617
0.2918836339995316
0.24433292878205498
0.2950963946797813
0.2952298622026282
0.28652109888813826
0.2121296715887837
0.1882509406633267
0.2892003566575884
0.32976600568428527
0.46732526621206816
0.17417122434431292
0.2950282791393533
0.3390405433270604
0.31988789552397345
0.3706854560191614
0.44443484933041094
0.4490373184857055
0.3680715319033014
0.3383943147364722
0.3360613964715001
0.33284553745621925
0.3248915268509787
0.422410592946673
0.39612708283317316
0.3195223057903573
0.3203306711296202
0.3272835230430714
0.3325084561216307
0.3366253508272419
0.3402201417844505
0.34366517037857053
0.3466956580405197
0.3495526802400652
0.35219578433996035
0.35421732258055183
0.3557237985089423
0.3569796304607757
0.3584476536421295
0.3591218289601164
0.3595301979754817
0.35982927448162566
0.3617274860001006
0.3612755055457294
0.36066505358222833
0.36001569923674864
0.36183343906387944
0.35941299122365333
0.357548125811473
0.3561237938879945
0.36150880356025655
0.38072193844255214
0.4122071283375003
0.42686335361544364
0.40159463309986587
0.41877547982259544
0.4289629655262682
0.40320776464241626
0.45262131774107744
0.45627809651233747
0.4021841206484092
0.4105959793166332
0.4416791997673048
0.3903217737037089
0.41052571501376106
0.40722998681300243
0.3789234066847862
0.3691881320713006
0.34136984572062773
0.3452749513872513
0.3401016826133732
0.327026915136945
0.3029208208056132
0.27980649445047356
0.3538456630899867
0.27692067624827876
0.23459550924439637
0.23456788287655997
0.21528273549437899
0.21526332483862975
0.21523860617189702
0.25372421652276844
0.3109398900561376
0.2423501576191534
0.20348240717724822
0.18040465304280415
0.1694044841104322
0.18561484611411738
0.27227666061650596
0.26700193779547005
0.20814880402376743
0.15862676923986382
0.29700658149736126
0.241610186817021
0.16452484265788805
0.1786735990458623
0.3001171297424261
0.31219796506211234
0.3088169541084028
0.305144774216958
0.3145509992871328
0.34005891316625375
0.34371751165371534
0.3555876480919486
0.3475038363045714
0.3431344122288815
0.4170140347057811
0.28998218517433816
0.32868065441867067
0.35234089422242365
0.35425376569496886
0.3498465260572251
0.34759179194084633
0.3350098796767072
0.33373680448375304
0.34582424536943873
0.31333178235793435
0.34185232764724066
0.32479914319689424
0.34611307203143
0.37043083016392647
0.38655269950984544
0.3975736950106547
0.4148821197099806
0.43069029480965715
0.432940552571795
0.34927440809349997
0.3624210708192762
0.43170307604727726
0.43621760651858243
0.4206915704066858
0.42836809720464725
0.4333565679553205
0.3512159174580183
0.3360984264721452
0.34185560598439246
0.34823446953523823
0.3551946879209281
0.36086624312223065
0.37428523063714575
0.3854737314222493
0.4129149068849709
0.407929540110318
0.39724390359429096
0.41974002608609695
0.43435620329457175
0.45243405844182427
0.45826258092413885
0.4641095385419388
0.4267938017291986
0.459449475198701
0.4577802063152655
0.41962175136408064
0.4432903364486208
0.4805030120322479
0.4614384826554771
0.4688206816055051
0.44346027998307985
0.45227595256069925
0.402683642448432
0.37524666791416356
0.38238191029537943
0.3851446066777856
0.3973024410529126
0.3921167907763876
0.38427643290532343
0.3728002025505204
0.36373249963006854
0.3274834900596248
0.2395651365111727
0.3573208549397893
0.3923215344213807
0.353799913280551
0.2884430972632975
0.223668980260398
0.2226490188228319
0.320690755664642
0.32431563858516504
0.30710628192496775
0.3025171963148459
0.2995993338109009
0.3118963021855882
0.30613430759148047
0.29799226464708456
0.2997603714479564
0.2914956500629389
0.24072517852326553
0.23940579654994176
0.23479002453829356
0.2263944214111446
0.24341836730555502
0.24657886091838901
0.243003590147259
0.24303960851540102
0.2445429053958174
0.2482639161929286
0.27869414103407053
0.29571213667793794
0.2890730977809563
0.3123725825403055
0.31642907980882745
0.3184538294162631
0.4818848866102459
0.4375654168546414
0.4557338399498044
0.5116625874629346
0.5178098118863974
0.5379637843900806
0.545704718277877
0.547619681827897
0.4584328677251827
0.42997732473148836
0.4250236138902276
0.4195493027530232
0.4024752029684806
0.40830665497474655
0.41195538261682235
0.41403928725186967
0.41398120830085344
0.41700501660118633
0.41854825225216674
0.41728798693646085
0.4182484185668982
0.45698865841184005
0.48041628284127025
0.4931279039762684
0.4983374287868794
0.4655982273957491
0.4446017025795711
0.43236560146511493
0.4277018059656177
0.42627082619392437
0.4265497454600479
0.42778170255986286
0.4348241066561319
0.43862997394458425
0.4415936226235778
0.4439944028618427
0.44424407028852847
0.4377516951312157
0.4325836351917326
0.4616389887076424
0.50827260301027
0.5362523342330819
0.3469064599465527
0.3502957991898413
0.42048525537105236
0.49053514393079695
0.5265370304588763
0.5129090532026058
0.5724314085304544
0.5770031813245139
0.5312100262201461
0.5316679797227553
0.5446351433060114
0.5453769109460611
0.5272039808992794
0.5053328626155349
0.4895970107676808
0.47301212911322
0.4548857523430496
0.45044926594825696
0.4412243636872737
0.43374306236299703
0.4081082780822595
0.39233293562472904
0.30766688789388774
0.3233598809829828
0.3307349258631185
0.33065704295717724
0.3064655959729962
0.30431967684130623
0.29982326703862683
0.29479669891671395
0.28175169227782276
0.19029196150961394
0.18950497155097815
0.1901891408605563
0.18731463772118304
0.18426057260621753
0.1808849660738862
0.21820168528128178
0.30403767780336377
0.236101551098336
0.1718680631181388
0.1687658138241556
0.21766105306895558
0.30719598737286574
0.2727914525733719
0.1967818628646784
0.2524496919896234
0.31248575605005335
0.31936454919290086
0.3598524648591942
0.37455626120271646
0.33722176512385554
0.29638977964128677
0.3075784401838194
0.44158705170233853
0.2800185919833293
0.3652470063072092
0.4527708625340396
0.46019968261751165
0.465896623695351
0.49399999726739435
0.5082554269366901
0.48736058168072155
0.49455026375132194
0.48759178375671597
0.45754641592302264
0.4563771940657163
0.47105543080792167
0.45374732981144733
0.4704123186119482
0.4873489189085018
0.5056100983094176
0.518996873592183
0.5287205321854102
0.5358861996208703
0.5420155832150566
0.4901792301576368
0.4457828820564813
0.4466769814576221
0.4444342876376696
0.4397147158458204
0.43351716765810466
0.4307761212772619
0.43009368553618116
0.4315536022497066
0.4344887142858396
0.43931465005754317
0.4409636914034997
0.44196321835010616
0.4426159540325109
0.44879886443383554
0.4516412826683367
0.4565753925413561
0.46315552882956074
0.47395645363105127
0.4843105407120609
0.502723007183891
0.512463537717542
0.4876634795200777
0.4763338439208685
0.49386968785966445
0.5036183242005062
0.5063692894439349
0.5112180286560942
0.512604308664468
0.42577147792663367
0.4839710839639797
0.5074645897069654
0.3588768129536744
0.3407512336943296
0.36565470303272857
0.36395992861642423
0.387172608071135
0.4181656587885317
0.41283128614457915
0.44991176058965604
0.4410342329860742
0.42833154138534224
0.36659599611174065
0.3797535170363647
0.3559818949445856
0.3748771640486537
0.3720035053544523
0.3810851791504308
0.3810931622395392
0.3722806217012134
0.33406936878115845
0.3030651746842348
0.30357674198836143
0.29694884157470947
0.311670839632647
0.3117040626025389
0.3147051347329702
0.34272457437342496
0.340453724668655
0.6299267584181322
0.6308933162622926
0.631033099813698
0.6373637745435056
0.611547359976847
0.6024303374925086
0.32974868698047355
0.30742088918509075
0.30464511772473535
0.3031366456053119
0.30252917253605155
0.34834802480510463
0.37386357368359174
0.3619883069508671
0.35815456323063627
0.4696172452624992
0.30296333306795076
0.4256982733980286
0.42368410092294717
0.46280538952136113
0.48443147814603327
0.5115723585090882
0.5259936909071425
0.5280079150581113
0.5354161400672761
0.5285964443269526
0.538121918442738
0.5302630837411488
0.5459384672820876
0.5582941290338379
0.5559043051794489
0.46785731396721575
0.4752188538628634
0.48045716887971435
0.4845106765496917
0.4870991144767309
0.49193702295827846
0.4937529734779626
0.49983216854665025
0.5059176892205149
0.5114793032884279
0.5166146996513219
0.515712608321496
0.5211589292124942
0.5239326977143602
0.5252983133683738
0.5258492489512412
0.5301468255190305
0.5332367696866251
0.5374145377942481
0.5423919226706173
0.551003792271704
0.5544953770502944
0.5586436333850564
0.5633905958127596
0.569629022679579
0.5675341790257565
0.5497664301260898
0.521695464838611
0.5544621547690736
0.6018655392454506
0.5054286997310323
0.4690335286423808
0.49833347155672314
0.47621023827898384
0.4675968290893171
0.4555638576195276
0.47115175878754867
0.4653154779044944
0.50766933557912
0.521737570621462
0.5150214092011726
0.5198567023424762
0.5237808022983299
0.4591610488832077
0.4776497039758946
0.4802073867346908
0.46050500282924106
0.4218002708779276
0.36735072231873395
0.356211918133469
0.35143342843536085
0.23455885304367222
0.19655155674527172
0.19368216228209506
0.19157746847069443
0.18877347778762277
0.17596796117233895
0.21344098829409258
0.27580223763864886
0.22582819532875426
0.15608693900831633
0.1782440543160972
0.26919323169022996
0.28777899045812466
0.27482343670277465
0.30139369916410547
0.32600773260109933
0.3163196325669433
0.23333009112801523
0.20763155860613725
0.3072300329777467
0.3443704325615245
0.3545772354765803
0.3530611335217317
0.3548143682342056
0.35633688608147956
0.35684394758747495
0.35663061470609814
0.3575438754193101
0.3575331737407152
0.4910417645472191
0.27371792802209927
0.31700182539901467
0.3698610024105675
0.360942206278531
0.41227929131268126
0.5082943120116413
0.7517017357235645
0.7320588626942194
0.7028383003410735
0.38004972552382216
0.369035816338737
0.38883284304359134
0.4133185997448045
0.4272828936573381
0.4479317152902907
0.46344418949969113
0.4755062672803493
0.49676962654542683
0.586138585906115
0.5684935602228738
0.49221752547597225
0.49595589100430926
0.49887489028907855
0.5021768807331088
0.5054384102868444
0.5086354753447566
0.5120231387585625
0.5168089578181204
0.5216624309704512
0.5271764304485143
0.5332576128163887
0.5395545676872743
0.5412018994408705
0.5241815461651247
0.5112852971546095
0.5279494681500565
0.5496978943483775
0.6070958249790303
0.6086627999920016
0.6043408972722994
0.619860248349475
0.6274550836216458
0.5353659636101734
0.5651458352407966
0.5542363248722384
0.5431462934988113
0.5398817860412448
0.547711883785142
0.782864245516535
0.7859352456406066
0.8054881983322005
0.8124349006190423
0.5440890148078569
0.5227850147833709
0.49801333409256743
0.39927064244324806
0.4093450376405014
0.4131544644827851
0.41175213891786494
0.4522497246256515
0.4668130175751484
0.46866721785816956
0.44883476483957047
0.3713193006572327
0.4326547874049318
0.43108799749018484
0.4279020031131564
0.39181554221005144
0.348334659916952
0.3433816976399417
0.3391746611595349
0.3232766644796859
0.3199731651754851
0.32774325175457975
0.36921786881994095
0.3637674077840952
0.3614505033706717
0.3476934172589324
0.21681738395219402
0.18742742395652243
0.18513764723804624
0.18317913847684697
0.18129770873075166
0.27544216713690495
0.29386937961480597
0.35375179042148064
0.35902760705519204
0.3736330790825542
0.37397350037483834
0.3748767434606352
0.2621633047340271
0.2442582337873792
0.2442420119002223
0.25291805192310485
0.3514902892380489
0.49943619933245087
0.2139269751401186
0.34995763854634077
0.4037967050488942
0.5109809027596918
0.4792309567005869
0.46105586520695374
0.4935994333179846
0.5089168576692001
0.5225335737413893
0.5307625805678401
0.5359794641140337
0.535846285040003
0.5434057210445902
0.5489127411028396
0.5532606760859403
0.5154396589841724
0.5002051019392522
0.5042380883791256
0.5410726911112984
0.5512253843899649
0.5641061054565567
0.5723959909703523
0.4739743003415823
0.47439959740496057
0.47675697346237417
0.47910787962736756
0.48167195295898674
0.4836124914872032
0.4838245861719412
0.4831581721697536
0.4821392714027652
0.4862693423104337
0.4849857445336022
0.48461611797478604
0.4849734216466222
0.4918534112760516
0.4921074116268702
0.49062815643072716
0.49688961025156453
0.5095344700461881
0.5233653193812587
0.572990662745559
0.5763424930523865
0.5480705150535865
0.5614080968047905
0.5461910203016243
0.49045342221076255
0.5336001094964169
0.5512287175053783
0.5206358209344428
0.5403318870279058
0.5894198991003885
0.5802830759991258
0.584726512163372
0.5658845291638988
0.5666663174812437
0.4916192838585996
0.46816897258405804
0.470618293355101
0.47969479465276516
0.4714533024571162
0.4569135182237975
0.46006742251085186
0.2170817821627799
0.22178536857721434
0.33895179165042677
0.3561921785607046
0.3268109598794504
0.2993960047112411
0.294408467040143
0.29105687909986777
0.27625720356330064
0.22351518518383856
0.16529152666344987
0.1643835355382533
0.1803302498944731
0.18132225679047306
0.1818948743371661
0.1822667258059545
0.17814335187911115
0.22620804452582566
0.2845011615385789
0.2357894069312662
0.18289062284378468
0.18529152737602708
0.18529152737602708
0.23087130361886482
0.3352738872296167
0.33647433949573785
0.3391139156085483
0.34610190641429045
0.3467460751260105
0.3047166687898773
0.30044815530575353
0.3106652675079302
0.5200698953857622
0.5039836121583822
0.4624879862307589
0.5397906311657608
0.5916856808985931
0.6218663253418368
0.6206723148727312
0.6261922567138477
0.616263821415778
0.6243317595606478
0.6274258956052513
0.6275531436836737
0.6282506033009004
0.5673391193394235
0.5256233925578752
0.52770135560759
0.5384610187893316
0.5498533843843806
0.5599487010753718
0.5693139355214458
0.5758347555257004
0.5802574849632565
0.5826724386891914
0.5784038482886814
0.5732952549690169
0.5607965561572102
0.5512740866852688
0.5416195357028993
0.5346895809574888
0.5284658710548471
0.5231253901946571
0.5185024651951955
0.5175596584094653
0.5153116331481584
0.5161239865866074
0.5143090282073322
0.5178476955049088
0.5133668842543454
0.5503783183313776
0.6049250702417621
0.6081014998631381
0.4952365084705809
0.49277783240372597
0.4849403205179878
0.5762658763154533
0.5586827004738674
0.5023405429298816
0.5270569009969925
0.556627575447691
0.5171049561514431
0.521349418706961
0.545028852218577
0.4618879235494632
0.4662143440544666
0.5154767016727136
0.5484075809907772
0.5418726364529421
0.5599878003840607
0.5705718091873524
0.5112737589944507
0.529851299612805
0.4916546593329984
0.498446967551449
0.5179677341631677
0.36166348737563314
0.3615582150688751
0.35691148034590064
0.36211414495245675
0.3283519276132486
0.32591728437630685
0.3319206177103534
0.32262851992881425
0.32951823039410066
0.34135183850209627
0.33633318531616707
0.3088829926345369
0.2977353104636591
0.29491927151825703
0.2697000802624165
0.24240347434974654
0.2825798157503969
0.2977590154551082
0.2936015526106766
0.31566190203611555
0.348879358775937
0.3476954279935455
0.3328970843559292
0.29524151515372044
0.29886729642387044
0.3000677486899916
0.3000677486899916
0.3000677486899916
0.2919381621546097
0.29590427570689104
0.30291680848396324
0.2981140601704177
0.5483373690956005
0.5492009376323124
0.568259776619146
0.6013191886474885
0.6326675658215883
0.5734002939024249
0.5842907943979639
0.5308926204792696
0.5067857627000933
0.5394912582036424
0.5439714854864285
0.5187104079215487
0.5330559303876832
0.5492717301247806
0.5553070449910772
0.5898878617258813
0.5893485112752623
0.591287815428218
0.5873663082395104
0.5893007764079797
0.5921179367739497
0.5965030152163705
0.602124048987591
0.6089064028721506
0.6148381139325954
0.618905120373665
0.6212140016791963
0.5553707976006583
0.518344021461911
0.5186793449601697
0.5187390391621637
0.5187806653248092
0.5229899457644347
0.5281692991818496
0.6051268713302581
0.6118820987943914
0.5702929920823733
0.587800128706484
0.5994980409798295
0.5825931459555241
0.6083501479045389
0.5332835382635667
0.4819940724430222
0.5070090645124149
0.5296079111183677
0.5322825484409228
0.4592094942150295
0.4517649983051797
0.48051998293518994
0.4699460790985045
0.46086400238931025
0.45965802018397817
0.4600217034213382
0.5245760629487813
0.4872237212888091
0.43839775777021034
0.368353419052726
0.3571167428929347
0.3812236118348556
0.42167455310892443
0.4076444746137159
0.3871696631718734
0.3591897379283461
0.2489480910575085
0.24990941964372473
0.25700437170431484
0.2585876478234029
0.2596168324581358
0.23309099611140835
0.23132252269638276
0.23019159707901687
0.22864127914395152
0.27194066257363875
0.3415080336057736
0.34141203240643564
0.3392975947896617
0.33517896833216493
0.24277583247293666
0.22538162600924613
0.22483703530508514
0.21800995975171325
0.30927677206669135
0.32794964927837905
0.32325298595882623
0.3243249067330571
0.32197970711457313
0.319588442006269
0.34786717745244
0.3557379424427694
0.3568322628566625
0.3301262723700036
0.3239689551049262
0.326514878613398
0.32558520662026846
0.32505996963997474
0.23926411192149913
0.3549020874188276
0.1676805574380361
0.2866524171148325
0.32112689951151663
0.3588517866747129
0.3709350470883572
0.3749762115340045
0.3741466629641171
0.35130335986200606
0.35951162458189284
0.3638464006313376
0.365537707549201
0.3538497072356586
0.3709217574708501
0.38667522627270334
0.40119865895952267
0.41082748976029193
0.4222211162393097
0.43061144259161166
0.4368974538688033
0.4431171632678019
0.45317677547485274
0.46167816312619986
0.4754092344775678
0.4859988236528079
0.493400474123076
0.49823758999788714
0.5016393522745369
0.5052295666696672
0.5079943607312347
0.5105257625139313
0.5129476089605958
0.5172020909781176
0.5185598079964046
0.519593503014593
0.5205196469053347
0.5334557350520076
0.5652869834813704
0.6032645815286832
0.6262857421762771
0.652736700074197
0.6437246716071008
0.5442672411086422
0.5417082198244865
0.5502829696403087
0.5337533733441946
0.5251025873003957
0.5147392252761562
0.5332949372806949
0.5180209811030142
0.5015516340278028
0.484960611678717
0.5082194679916346
0.4865150153358361
0.4594361146103742
0.43373626375878294
0.4136483103673945
0.3899637153575662
0.3823409771122551
0.43836230615425475
0.44988571050103326
0.41291841480389735
0.36356672983002475
0.3640397359754527
0.31434350940367345
0.2982531343412064
0.29600936739017325
0.28021014104789876
0.25593866468932835
0.2501313610116243
0.2478512598152811
0.2489280277935985
0.3628612883986714
0.3665879737906952
0.6344677279105995
0.628401623061942
0.32690314621213373
0.3087664640793235
0.32548756865635387
0.3230630110409515
0.3198877555418323
0.3163211059761224
0.31312890343324556
0.28048475521225547
0.2088787631729864
0.2101462648170512
0.27175697841292856
0.4041349929635625
0.413979538485898
0.4044160711375911
0.36408402470454776
0.3774749438117693
0.3968391257077892
0.3965762563630957
0.6744043792504592
0.6641343345167128
0.747395573877673
0.6742354023036738
0.6175478554057714
0.6402576867391931
0.3762884960414763
0.36799795510805444
0.3218728000617468
0.3519346804868831
0.3483339228578644
0.3666221494796747
0.386482422131126
0.41858955533012704
0.438804632883707
0.46111147703787114
0.4564622076893758
0.38052279290327035
0.39474802127359393
0.4083849215825556
0.4202963482384411
0.431158562591784
0.4406508046728694
0.44941468916646277
0.4570937830697354
0.4641251327227408
0.4725732659810827
0.4819676295521209
0.49218440210522296
0.5030992611333529
0.5124167591076204
0.5189169231686325
0.5234492231140719
0.5269261520952863
0.5330851916564918
0.5372289548970177
0.5418006186357983
0.546731965221799
0.5515874530337469
0.5481178424137932
0.5426577912969376
0.5362465293512308
0.5419171208337935
0.5591884163943478
0.6072206831936947
0.5992709586783372
0.6061011029511968
0.6236266365873684
0.6341480704454593
0.5881770675881968
0.6219505273163302
0.6278101761258462
0.5586639619279049
0.5380706287821931
0.5691663122915699
0.5193956612557794
0.5166771903048544
0.5168971082502613
0.5191427221570983
0.52723172877519
0.5290690310572065
0.5133338819607068
0.4066703550786183
0.39016600005177327
0.4687073458243267
0.4220762771239769
0.22247536049900252
0.33728785604140654
0.3332361007001995
0.3302825897027295
0.24329993619452536
0.19635928991258003
0.19523410920397707
0.19388467616816338
0.180429096101479
0.20064942297501565
0.20075216154179656
0.20018608951001773
0.19440561758816252
0.2429554138953965
0.29664775222154605
0.295857706873784
0.3130172295719444
0.3155187228452278
0.20356103876448367
0.17786906429462293
0.17393605214260313
0.17133815358736768
0.16803859228900414
0.12894921216566685
0.12052051810071296
0.12172097036683414
0.12172097036683414
0.19453415197832669
0.33551521216813324
0.3586705967438212
0.3607143603287165
0.35981379097881233
0.4977948072933229
0.3801561625667538
0.3214990954560731
0.37118867726551025
0.4026145122450293
0.35415357325232055
0.3895083132442574
0.3797411487664843
0.4047857639725541
0.42198029741929755
0.43511629263976426
0.4591436579434946
0.4701620370597314
0.5013108875264755
0.5324519139399557
0.5187471655024712
0.5359189404119737
0.5480797521582617
0.5607639425532394
0.5681837630210772
0.5455282648421113
0.475106066414474
0.4817250853534508
0.48844991879072913
0.49477986876718777
0.500070459208476
0.5044394117301706
0.5083010968266034
0.5147129722860665
0.5221829286657835
0.5310403792764449
0.5409507172994238
0.5517888670279719
0.5585606351113217
0.5638800843427113
0.5683563386401072
0.5760528131563348
0.5786068294522094
0.5853016906381345
0.5863201798917036
0.5990082307281462
0.5832808788865731
0.5946500363800576
0.6311388387584446
0.6541579842055816
0.5971822758405183
0.6027959744788104
0.6051674759292854
0.6116898720295391
0.6201973263359079
0.6321696332368026
0.6148050872220527
0.6304569070782361
0.6316948131448799
0.5362587879385027
0.5264721238888761
0.5301535514760357
0.528181354890509
0.5263162555093819
0.5192602465281032
0.6119627911247064
0.5927878843942938
0.44151478425396085
0.47778014025199744
0.33336780797194454
0.33283935948511656
0.33736625733585834
0.33070529608720106
0.33035103683073375
0.3384107211763398
0.3290595755741988
0.32981533550177283
0.33085227383839155
0.3028423036617203
0.28719843599259004
0.28369957459815176
0.2779784841966651
0.274419791675507
0.2721308850010008
0.27039154989998815
0.26076422290403506
0.2632833558474139
0.260499648624924
0.2603247766826221
0.25663881223626916
0.25903971676851145
0.25903971676851145
0.25903971676851145
0.27942773399429827
0.30127967928828975
0.3000677486899916
0.3000677486899916
0.3363732527424433
0.3889940261240442
0.3989356582721155
0.395715870263244
0.5498034639719068
0.3682630962170639
0.4862734424867593
0.5484713193749938
0.5711671521682087
0.5815703629412762
0.5801634626543157
0.5800310107145615
0.5876803599903642
0.568729836669797
0.5820590586684458
0.5892321127190407
0.5875494845926925
0.5196882455906969
0.5108255284652042
0.5232931275992287
0.5186336270152856
0.5329695935809534
0.5382213470166289
0.5463038335898467
0.5520499359209338
0.5567331321402921
0.5605743323453857
0.5639817847356157
0.5665304766664246
0.5676834866628166
0.5676709423963474
0.5670368720762844
0.5663561975159371
0.5641997403785928
0.5613759421704554
0.5582598041460921
0.559456262012011
0.5598541789688172
0.5616798131471008
0.564602635775408
0.5689060028929411
0.5661246944143289
0.5660638723160866
0.6117880772865143
0.6292323433997621
0.6343252825360622
0.601547251716192
0.6179426151654331
0.6553865872171883
0.6004155787257102
0.6091775829150751
0.6133228506624405
0.6394204035640636
0.6533468265401091
0.6588972384015255
0.6533201141339029
0.6720038673891132
0.6823852867935145
0.6939197847123864
0.6851822081366493
0.6350567264965452
0.5641237526825408
0.5580311374088741
0.5578764462396676
0.5296024583129469
0.5164720189852042
0.502037771962888
0.5016860627524771
0.17880827249885492
0.27998060492558324
0.30261658979420775
0.2512188578346865
0.17419900737241067
0.17290147441946535
0.17403529152936237
0.20378990646980397
0.2847979973477449
0.23911129960016106
0.2262638302482523
0.23352003798549834
0.25692695999752335
0.211769510829545
0.20978806290209562
0.23312575385081644
0.22983292448449752
0.23271040112636998
0.20746893886143142
0.2001977944050527
0.2028223975906623
0.20086546329560148
0.19846298801621914
0.19836361817366133
0.1996091680854557
0.2698281372958593
0.30315056600460766
0.30367788016473307
0.3173017224639259
0.31297481182254766
0.3175761329294235
0.32386561274379105
0.470483518220777
0.38692690195428636
0.42365250325408765
0.48677752046347955
0.458330829760236
0.5111420026814429
0.5301641624990172
0.5551514426403795
0.565211281171964
0.5155636195161019
0.5340193017142791
0.5520968803442893
0.5072984757594929
0.5407797254001252
0.5651024713623914
0.5291062177437149
0.5263021761465064
0.5619947590670689
0.5870776577386646
0.6035182671004022
0.6142574249041772
0.6222602134986931
0.6289334133936726
0.6351670548370559
0.6404625465558443
0.6443941272986388
0.6472102976734723
0.649487299924504
0.6022176248194495
0.5425199581006533
0.5387473675803628
0.5340218451679817
0.5353039213703765
0.44099232261127935
0.46403819301366794
0.5163933321403533
0.5748001365632791
0.46075069050345674
0.49953364380361787
0.5744239906773735
0.6194042038011208
0.6148600407874594
0.6348801894654512
0.6455787878189482
0.62682043915076
0.6059959855719237
0.6197010439791776
0.5868830217673658
0.6019136819347178
0.5918851390144364
0.518437590550586
0.502839726375416
0.5474754907706669
0.5557747961578117
0.5503200228700678
0.5315807014933136
0.49969299393972205
0.482214201920366
0.47551193048547336
0.4736309920827392
0.46566898124909945
0.43532541098132405
0.419392262883961
0.3817368466494672
0.38114559075807763
0.3838015956247368
0.3837610167892813
0.38370277201243136
0.3592072459584838
0.35397516100410525
0.3491282222478528
0.3428768155962538
0.32686125396898763
0.32352288165781284
0.3003092802019248
0.29544846515326134
0.2866325349274575
0.30976528843974965
0.3103316949053664
0.2154184399695118
0.21637020662451117
0.307239665775759
0.3039055661580915
0.22761423026439837
0.20080012400104197
0.23669635043715073
0.33539996872831573
0.39957405134153884
0.3979303113491343
0.35602952102713226
0.3542276406281027
0.30479597425495786
0.21075843200616245
0.20873062208139642
0.20824568404461827
0.21273357204411703
0.4748656261934202
0.2936800207729994
0.27776066240918995
0.33589196763756224
0.3991615959387933
0.4595875470864501
0.4368385962041859
0.4403191931942865
0.4484256734922257
0.46201728408342835
0.4682508964502149
0.4701006674226831
0.4569902516519915
0.46832158957926684
0.46528149040921885
0.48005677891058623
0.48826814963827964
0.4934541703775228
0.4156293196215739
0.40157665919422175
0.4054490229125684
0.4085721091054833
0.41068140703744066
0.41217227014916613
0.41422389921171837
0.41616460686524565
0.41798272198213365
0.4199017852872246
0.43814448325303684
0.5180430478903582
0.5005813720715714
0.4145933139840668
0.41886844203784795
0.4166308402148229
0.4146039465256285
0.41296345332989687
0.41929703000249946
0.425011451398474
0.4317656347347553
0.43939936347849057
0.4466175726304885
0.44410572620793565
0.4491849851908745
0.4421370813922255
0.4641142503356509
0.45107091103474034
0.4349812687346188
0.4374829173960297
0.4665969960482463
0.46352956198998546
0.4599490210113511
0.4565664325636113
0.4902504329735516
0.47657919463631127
0.46244686731002527
0.44802950394160984
0.43530994264035466
0.4162236784082439
0.39044255612591555
0.38151777792723846
0.420390194098435
0.43968765148289113
0.4238580592183564
0.442950654725208
0.31431698827335003
0.32830142639006227
0.3295898378857719
0.3493771779482525
0.22884990547436
0.21749556322253039
0.2166873420651996
0.2655200813492935
0.3131707601471746
0.3126137391463504
0.3329125044658112
0.2684959887071189
0.2473243789915105
0.22283445540972607
0.21617816320916985
0.23739936061467168
0.20794305011753955
0.20491465548319518
0.20348264183156575
0.27635108623700655
0.36272873778230347
0.3663806873378215
0.38193048336602076
0.35567881677658136
0.3773273148520529
0.36232245584647504
0.3557751968801183
0.3644586626716385
0.3655039547132189
0.3661053038563975
0.3710819632385133
0.3637131234748769
0.4806721017727525
0.3121101075738154
0.39849096647264465
0.4393535243336245
0.4383229625183641
0.47118461729137945
0.48681003858019933
0.48004154033974417
0.4084159069491303
0.4280592236221218
0.459567229270716
0.43366074423058265
0.4523462476500863
0.48842465361677734
0.5146137342851135
0.532560787894628
0.5469081119305514
0.5602675701268248
0.5722233801351321
0.583223539541204
0.5925086021682696
0.6007812201424051
0.572216688672461
0.5087364703794108
0.5139151458249763
0.5175985187474599
0.5199698871092729
0.5215563890905085
0.5277924817530979
0.5325553851359175
0.539602638210969
0.5483485454759685
0.5565993633405212
0.5640308853918571
0.5696562718170933
0.5740545515907838
0.5798317210026801
0.5787495703022659
0.5768901955955664
0.5746846966538809
0.5747176192968405
0.5671048373337864
0.5611876268762559
0.5565633224381897
0.5723461358300284
0.6207286315902483
0.6630918571956897
0.6621358370926332
0.6409271716203181
0.5420662346385605
0.5289972155931525
0.5150883571257383
0.5361907567410551
0.5209698246481896
0.5562588316953581
0.5371573098357877
0.5468839020835851
0.4264166023222341
0.3907470205655709
0.3608989987201179
0.3508402754533602
0.3253496758417323
0.29998620946292626
0.2746500288608631
0.2948514266636378
0.3846475370539037
0.38461746725308965
0.34667047343050583
0.2562582078543584
0.2551594567381126
0.25377869894342786
0.25276284723146186
0.23843006666524427
0.23621793038517921
0.23419395371972399
0.23234752437769496
0.22820818165483048
0.20272949844279928
0.28211184121034294
0.30343741301923044
0.2965719519577369
0.2930023840241196
0.2883151663389681
0.31329291006926263
0.3213052539935424
0.2755262762087107
0.21220735210726516
0.2122170497507816
0.21434039851343825
0.21305360744905336
0.26504352863554237
0.35893558778377416
0.3210553512202411
0.21706066020996634
0.2554508154807393
0.2563888527221714
0.38745487769562104
0.19942738302018628
0.2716814518835152
0.2867101380548034
0.36096922626734257
0.41020303297209193
0.4244563652056136
0.40350982396846363
0.3775334827123081
0.38578072734868635
0.4164273444383864
0.42634863905942016
0.4331681206413817
0.46329755572604125
0.48202579352942326
0.47275718397326855
0.4186097786825878
0.4322575074337417
0.4413503317221416
0.44740660808343674
0.45410378036265636
0.46247797042420924
0.47191485636051295
0.4822138510210043
0.4903761653932353
0.4958549094347012
0.49892499680735447
0.5005036201134588
0.5029199859010771
0.5051298271722585
0.5076920942521036
0.5104781040081126
0.5159619844775528
0.513766663255279
0.5107139958734015
0.5073479865439487
0.5096466314355516
0.5047041424683184
0.5010635669033948
0.4984158039354327
0.5110655369897668
0.5268462254335469
0.564351543033777
0.5741825329307371
0.5528063513149746
0.5689425081213937
0.5655653974683252
0.5198694855510888
0.5802016122326151
0.5843597215040439
0.5569704564850624
0.5681540584143632
0.5992998077187573
0.5968249707240256
0.5993087852585606
0.5311464659577834
0.5157680648276595
0.5387173217784796
0.7064536840725801
0.704453745332184
0.6865776625614787
0.6814019512712594
0.41489024342827646
0.4164779350327468
0.36571249796334565
0.37486691627284824
0.40057155260160304
0.427780797370401
0.4050171481112493
0.668005462737596
0.6368581513018537
0.6314144698308919
0.6132776189601125
0.6094295842255076
0.33937057495966916
0.23871737172465693
0.20610992251022925
0.20305726807816937
0.26053898767743433
0.3041737009938891
0.2755359413540956
0.2228376710416057
0.22280151207828525
0.22210412839304994
0.238387307084696
0.23863584691482298
0.23820108409635543
0.23832225801414947
0.25859090534292145
0.3018035329932753
0.37868068155328327
0.3591482536090169
0.2796654368836811
0.25443895157073926
0.25561199671227375
0.3382648618721597
0.5090450013232748
0.30540900369453255
0.39611258519247877
0.4347002361250827
0.40594755476994604
0.3744121281983651
0.449928976966211
0.4361107741092583
0.39655142398264537
0.40586289298378403
0.38686090502739673
0.31574470486299555
0.3335376768564257
0.34662359193437275
0.35495161233663997
0.3601854720242668
0.3690158411939529
0.37183682113601496
0.37454545115687193
0.3773109888867914
0.3779703803668012
0.3803263698324775
0.3994024504347556
0.45617167265463515
0.4690045655026128
0.46270139780021174
0.47593563306871645
0.4072970747516448
0.37998889395032687
0.4797373050753751
0.4715236146394324
0.48139571807784765
0.4350271578312782
0.41339848482338615
0.47804645403255025
0.4946045548712505
0.5102944699686913
0.44346374014768414
0.42004728670163427
0.4223696258010976
0.5163728304556316
0.5115314253717099
0.491010344407229
0.4972976831750078
0.4508433201083727
0.4290256832430655
0.4852497258338191
0.498489546001355
0.5001123627683146
0.5127915649935676
0.5232841364488806
0.4960938066699558
0.5353270854229897
0.5194143262477422
0.4955469704631878
0.5060594802504449
0.5120274852447112
0.5273263452053096
0.534462518593329
0.43666809639371196
0.43560795761807675
0.4361913094993195
0.4345268178259903
0.43742167437025303
0.2022191982808413
0.2295553553186954
0.23105702319294805
0.22979381587200517
0.1815628286941427
0.2016972452801493
0.29371966467214167
0.3113780412943353
0.27092951437216317
0.2659438817979172
0.28577306071692443
0.2865355578493883
0.2833975757501083
0.2828083738258223
0.28014308977103947
0.30254999605323807
0.2088757773286687
0.1939154558248227
0.21166107040397739
0.2995777574482755
0.27384408202929994
0.19876860501700866
0.26089833650725675
0.27039204729227795
0.2660688328990136
0.2752088229421829
0.3121850156477969
0.3151065819352604
0.31831656489374527
0.3149502079659782
0.31454891004048013
0.3293249982264732
0.4415066567285067
0.2694466444130274
0.3929265055376412
0.4334238188089957
0.4177448381836376
0.398995169128833
0.40018772641860373
0.4013329373099911
0.3919632059335783
0.4099746573338179
0.421843654705461
0.4189317165382465
0.42685856592731447
0.4397524579914608
0.44825391261203307
0.4535645526608207
0.4556845856604501
0.4495214921985871
0.457489284909776
0.4289093794926215
0.3707999187247373
0.395353433336993
0.42650206563743503
0.4548146222016068
0.4747882232552219
0.48792290393449406
0.49591552565220215
0.41373349635523254
0.3989890712026007
0.4013721138738462
0.4033147634241115
0.40520230487324005
0.4085569322998972
0.4090387590103638
0.4094130913993022
0.4098539684983733
0.4128889872626983
0.4101118715267684
0.40749805196813554
0.4051756536305217
0.414073437004944
0.4230646397943704
0.46354342779552793
0.47445982543319
0.4565115770607208
0.46173984386869177
0.46227341039790276
0.4155493038343603
0.45854068989590147
0.48922255887444527
0.5132467668561932
0.5279301507503251
0.5638734952124667
0.5678091973792114
0.5541592457476805
0.4973040319120292
0.5543351581167476
0.5552535019374568
0.5538914861999176
0.5508602704224324
0.518694756006699
0.4371284557210699
0.4354684381918396
0.4409164799554792
0.24445006438012798
0.37546314542332127
0.36101716988498544
0.3184899736565087
0.2815570528583235
0.307258430298545
0.2851192302732769
0.30077835496741817
0.2867681198263897
0.2844416131059011
0.2824912223952309
0.2826521136797509
0.2757069816132932
0.27331874941468465
0.27171971526999666
0.29783002728341673
0.2934857712953546
0.29388345014647865
0.29389755099400816
0.22133519892488812
0.19509562181683254
0.1950549238288925
0.1937103840955806
0.19272749152008345
0.25028131201524173
0.30832892972039877
0.3088912313603651
0.2676267598314392
0.27007658732573564
0.26929495885024896
0.2712476492255087
0.2694739346711571
0.43623305022169206
0.35598286788399586
0.373252058995262
0.42072778898689317
0.4701478842755358
0.519887495607071
0.5433171050199244
0.5296468123036622
0.5374773351770478
0.5233614771932972
0.43168715796418394
0.42587926188280617
0.42128920738683845
0.44973973852096416
0.5259910121354231
0.4804198666104104
0.41973910897317585
0.4194113144943158
0.4250349055456494
0.4295710514575184
0.43359766382444215
0.4377652564367609
0.44170996347891245
0.4456411951491985
0.44798146860211774
0.4484291524529128
0.4472778443761728
0.44515960871680776
0.44428289034770974
0.44348473470084093
0.44321975347728215
0.44336656212338554
0.44668835641163696
0.44823115023009524
0.4503649049730551
0.45299029285311393
0.45977956230317085
0.46204084589325534
0.46549344783300073
0.46991233748195194
0.4757248970649319
0.4728701716269911
0.4781991009847401
0.5005043001305779
0.571851149106519
0.5806727433973577
0.5098815620287783
0.48217181768042355
0.5097442025146628
0.5055791336467688
0.4985734568538576
0.4893254364591843
0.527779835542249
0.502156950946999
0.4796471711821567
0.45938565587245567
0.4459768087894007
0.4291657797816148
0.4116613429944332
0.392944373199681
0.37049256549922954
0.3508028776748409
0.3337987807911458
0.3194478506743338
0.23890852416817454
0.25401560364280884
0.24947326339222153
0.24703004269772152
0.21966427275508094
0.215894896856515
0.259251775713409
0.23793803379711653
0.22005931895324155
0.31044159647786573
0.32471770280398876
0.3222632083121365
0.3139148364287826
0.3120938462007962
0.31071988303226217
0.314241659791161
0.31035781562229764
0.306760815048483
0.3322704911633696
0.34596972983549146
0.34300211556267546
0.29168729010629313
0.3675818845731986
0.3948136349190408
0.3514682032749946
0.33511841839705897
0.36874025130923116
0.3695469586876367
0.3651801860605287
0.3226180872763602
0.32752942626651604
0.32518359199071495
0.48019679916985103
0.2869150474072093
0.41390322937008805
0.4378504001409832
0.4555743184993739
0.4187002844861866
0.44027339142357824
0.4526266088493107
0.4404051720934156
0.44064059324422067
0.46138640347267657
0.4761662378384946
0.47653078351892014
0.4908242362147407
0.5012998681897162
0.5089765528553134
0.42039815899827215
0.41391472851518374
0.4188091711265382
0.4225773152732701
0.4240296638558194
0.4339146497388074
0.44415730195671727
0.45464525651589316
0.46373992091044386
0.47104903383148433
0.47683263774177004
0.4816514778206921
0.48703750343570634
0.4919227891846719
0.49104336037098306
0.4982833864757383
0.5101818291660493
0.5169626313648125
0.5214059193633507
0.5242319388862912
0.5304969528103386
0.5319917524134615
0.5345454391561073
0.5379586527241002
0.5509835718051037
0.5434730837132726
0.538747384582704
0.5363471236137497
0.640448143176846
0.6253013019017954
0.5492383184264331
0.5348911931873487
0.5625889374425926
0.5538578297667766
0.5975008018011081
0.5965183147422145
0.5677853512506517
0.5615584502935804
0.5677078476431747
0.5589394085561714
0.5605526035030347
0.5592828737926865
0.5324531418934182
0.4373667004894487
0.42027874981234176
0.4066318093219364
0.48527989913991504
0.4439734542724654
0.3421326191184111
0.3514038839162186
0.3508380522224591
0.3705098356658641
0.3453752539443211
0.32295855755634106
0.32294183505416685
0.2836966986072669
0.22715895104695094
0.28412376996940614
0.28598623814247887
0.27948674950949115
0.26708431333352206
0.2902650711752923
0.27014838907142125
0.31800127236615383
0.21506775667489159
0.2357821091688189
0.26532686782645637
0.29525217869098075
0.3343405550422533
0.7291111824526917
0.6622642454835916
0.6563976289677673
0.6636207170463291
0.6612490285325174
0.6597597890032056
0.2974169434608768
0.2241257957687689
0.30362715392910206
0.3272821226675742
0.32322465350007135
0.471053079494958
0.2718886285279413
0.38119466185781004
0.4134756391128055
0.42401083078783125
0.45879260059396976
0.45151912733730193
0.4670565692313076
0.4701805659844445
0.46117984463131306
0.3744403393495663
0.3822794309651032
0.3781551234531373
0.38565038713734395
0.39773252759501515
0.40668757680259926
0.41359359382414895
0.4193962006655513
0.4229923860908603
0.42513230690287623
0.42652133365330197
0.42803590643445927
0.4293803126518281
0.43077291650206256
0.4328364072013724
0.4348037355021142
0.43661148395645305
0.4384136605074568
0.44059005861663963
0.44184031332720697
0.4427736762854216
0.44360955977723465
0.4464353290185321
0.4464914059564616
0.4463232779847941
0.4461099177076591
0.44866829845030237
0.44543311306092725
0.49245436146626864
0.4914378926300471
0.4749504125232209
0.4916294983558253
0.5037417408416573
0.4591870139823923
0.4770439920875886
0.48946543033431356
0.520442846221248
0.5259499198317438
0.5571915809053841
0.5562928331212257
0.5653806082485169
0.5390022383445486
0.4736293434429845
0.4702934519251115
0.46662290597886713
0.45642491472270524
0.46833993222530224
0.4561614373069951
0.4360898671540978
0.4315021278022688
0.4700670309010095
0.5048796536800481
0.4364485019115539
0.3575071884681738
0.25704552397588487
0.2929583909247544
0.38020312839265863
0.34735534366287424
0.24709106450484603
0.24513741785106458
0.2457928138438881
0.31585727397356106
0.3366134103112952
0.333895822087037
0.23687150186820485
0.22473736919784823
0.2193951402480139
0.21851675984770585
0.21883593272990948
0.24088623547952
0.28915320836494907
0.3175016003902026
0.3418680348452428
0.31933115226546743
0.21673436353322525
0.2119638718414476
0.20850640857270486
0.2563319849976654
0.35706274987636955
0.3630859415793267
0.36380722398917476
0.36123178628294716
0.3697765954456076
0.39387140283436556
0.6644519324668
0.6622896068908479
0.7480696043482953
0.6241657910734415
0.549692554575419
0.581356103229576
0.5905502485230738
0.6078343873216108
0.29086204016251216
0.27476790871915935
0.285849810241043
0.3059814187241113
0.32071734719616074
0.33150911144478723
0.31769893185349884
0.3319182719281412
0.3801095591470871
0.4153076513312234
0.4161985609182348
0.44741691118425375
0.4518434715402699
0.47382233617924246
0.48712373760579697
0.48142184953531886
0.5073806189182493
0.5293487628281688
0.5104177873782321
0.5370805844131754
0.5571735498790014
0.5728619749321525
0.5844936020546272
0.5926817885185632
0.5986824270126196
0.5133000657027066
0.5014436257097226
0.5038990398740425
0.5047037712152377
0.5044803441924964
0.5073043389047309
0.504829171937199
0.48962360487083545
0.4777170801080537
0.5334064789225732
0.512467082916564
0.474894568677681
0.5064395628075402
0.5520088510466391
0.5442164589615665
0.5352972607008856
0.4334277143220821
0.4563359797567805
0.47486269229165506
0.48845343814182035
0.4966827777550437
0.5270709889327139
0.5259846206257551
0.5218212706807994
0.5150233318025971
0.5139052865897576
0.5532470919170144
0.555717731539297
0.561488953531004
0.5878919208257721
0.5947964651247348
0.5973657676931832
0.567489099690846
0.21727110513691844
0.22151456924642207
0.21877105359718294
0.21747018736480167
0.23123291790201106
0.29558009475785146
0.24722523023477536
0.1860898351960486
0.17253451339127146
0.172638955589977
0.17013063134425008
0.16834796130596394
0.16059332610074983
0.15951723963655873
0.15849607627552093
0.1575222598410967
0.148562917425807
0.174162382988674
0.15408549530543192
0.14952084353113837
0.18289062284378468
0.2722074919691115
0.37281403479591363
0.29750290735573426
0.32395610626796906
0.3251565585340902
0.5891852808814495
0.5865397811827479
0.5954904547006517
0.5976361343064025
0.6130439663294939
0.49950305530608385
0.703541818518318
0.5877487266885157
0.7043190277720416
0.4618240792391321
0.3871383971428482
0.4229022937686214
0.4404104924507314
0.4480351360358388
0.43109962335167046
0.46908974464967523
0.49650863625964964
0.5224393780525443
0.5369749334778039
0.5536365063469164
0.5635530465856611
0.5691175815356359
0.50378605505221
0.47329985494551546
0.4792285340180169
0.4846161992301456
0.48590332477601145
0.48708199422041215
0.485901376800598
0.4834065513390724
0.48266610969507506
0.5248428034337369
0.5878232545537239
0.5945106892173063
0.5537596149152996
0.49355787705706056
0.49332714760990976
0.4885473481032263
0.4880773380239489
0.49140782727443727
0.5211347855762548
0.5585671634304846
0.5772828599578286
0.29583388827028234
0.3926665886594636
0.4687632454542086
0.4810836019857878
0.518227446581421
0.525216249024516
0.5090908051596548
0.568126031423372
0.5570560117586245
0.5276242245610728
0.5339286042268583
0.5746511406796515
0.5259305205095832
0.5139252786952637
0.49227542279443465
0.5465185246725491
0.5664330933544789
0.5713774765157612
0.5868973210144696
0.6173644934444158
0.5113918641785928
0.5322628990873051
0.5466068021270444
0.5306403612844554
0.546436639617546
0.5526560233633274
0.5510125958902584
0.32719016592370603
0.3597631325693106
0.36482451180175784
0.34593322436714735
0.3175315118950017
0.31230140792963024
0.316686335518079
0.31116770503856156
0.2963728483429131
0.29473698504006646
0.2935435245197008
0.2925059867902915
0.31250028265932717
0.29254725940938986
0.33493500879311444
0.33526963884841393
0.3355574447508064
0.3271703586064501
0.22996089234294684
0.22876886218626033
0.2416012507747728
0.24339996009344866
0.24131073238393475
0.3164085472133529
0.3544383568316325
0.36025462043406503
0.311442367486716
0.3056331875789665
0.3166813964133677
0.3178978624855605
0.3523943189684713
0.6232020209363194
0.6662336276883228
0.2177677961763512
0.36048358841983047
0.43870129246830425
0.4438154788248993
0.46431415421067224
0.4401186790724296
0.451063601270571
0.43439467522029257
0.4152823089550861
0.42523003357490274
0.4301440677816687
0.3875110516747245
0.40598506685910807
0.42697210894053983
0.4438981869694693
0.45742154858715184
0.4689042260642874
0.4774425699065805
0.4840714620388107
0.4889808203232301
0.49295825682985794
0.49578702227013643
0.4980102281411309
0.5024271556976008
0.5083601092787676
0.5156329029484866
0.5240015991483471
0.5316537709512426
0.5372515194314077
0.541580934292763
0.545326894234523
0.5467166388117762
0.5462838327350594
0.5464099526293091
0.5471408196802988
0.5517767364672506
0.5514935349349687
0.5519840669928
0.5531437923303911
0.6023432469505526
0.6554179421925714
0.5619675274573127
0.5405791412080851
0.5533493475917974
0.5524386504101367
0.5343271470257955
0.5036558195382378
0.5256624447698568
0.5023251086347857
0.4904696660187599
0.4935670481517587
0.5212472832078793
0.5147159229180691
0.4871302747805653
0.46093185043306356
0.467738399041522
0.45100676521297045
0.43580562488007996
0.4061350638071853
0.35504684201004166
0.3370881180248083
0.35116007355896617
0.36207672214669023
0.3840559901265636
0.38410795790469243
0.3840888553355918
0.36247977618779353
0.3040739441496669
0.29869009949121234
0.2988867712835598
0.29433874023268114
0.2769111982277062
0.29302764046229135
0.2911110096465691
0.26865620887013547
0.17199709498385837
0.12573999938403804
0.12234935102040803
0.12163463714086024
0.1021553138810919
0.10025916100781479
0.09859481222472039
0.125603718922164
0.16762378256415814
0.2619595271451803
0.27160946310695516
0.2631248179917088
0.2624607056181241
0.26691456342604303
0.26366115788424527
0.3000677486899916
0.327802123617905
0.32089571836588354
0.23863239242282372
0.2050750779176087
0.3790912004159648
0.20808140996232652
0.35610164142145156
0.4167278966116057
0.42183429877770284
0.4833860588844109
0.5487345256488674
0.5161269107185824
0.5210893795862273
0.5295597306521651
0.510516282126499
0.5181839530807116
0.4974332154683039
0.5188607610195055
0.530262598918201
0.47347813609005734
0.45715680242223466
0.4685182475779111
0.5146054185649159
0.5728365588404419
0.5829297400373411
0.5904203342256924
0.4941420381115317
0.49234600839174614
0.488641036668775
0.49227747461045823
0.49490905452972533
0.49696418556677435
0.4994667803374272
0.5011535479909192
0.5027258214521778
0.5043878646582557
0.507660275437117
0.5078336987850134
0.507541238244537
0.5070629709313599
0.5106781521653968
0.5096423275643875
0.5096650625838499
0.5105308496412665
0.5142832599921513
0.5106572297645552
0.5088760645796673
0.508523353507659
0.5226747489466456
0.5217232123237031
0.5125901211747462
0.49028126311172615
0.5217947050310835
0.5233706080933483
0.5927807905433997
0.6021263000115239
0.6238960859663378
0.5818123456886025
0.579365478723245
0.5720699106581955
0.5714119049322834
0.5420539480915033
0.5405022082824645
0.437120628063392
0.4197166559199325
0.4151355970573277
0.40317663959391375
0.40483040641084
0.22806366437661477
0.26408979333196636
0.24892089293716274
0.3779869974434524
0.3806113688885542
0.349857943305386
0.34575741141119704
0.34117888707370714
0.30338856906970163
0.324415259949391
0.30142614074214485
0.1886986251327858
0.17817889990612956
0.15164033615094477
0.1479139684651117
0.14688056810053665
0.1313085175938432
0.12959699800893326
0.15671596418850747
0.1570944523382992
0.15419307083073863
0.1535061200568466
0.1535061200568466
0.27110507289123936
0.22726604541067602
0.26366115788424527
0.3000677486899916
0.3000677486899916
0.2963517652394087
0.3105182614770515
0.3093922861788747
0.3107241553499365
0.4756850578269793
0.3103874769097989
0.43826504972996305
0.5011758579630675
0.5104323571764309
0.4288691563240137
0.41375894799080526
0.41475147095095394
0.42937364217318946
0.48984756351455777
0.4946372215994392
0.5037410726822918
0.4253717865188183
0.40602962343789206
0.41767262929700016
0.4258805889080717
0.4307904627250746
0.43901288135959904
0.44559993236994166
0.45108852016946277
0.4540374747006403
0.45843774735572457
0.4617263719323403
0.4643696457029408
0.46275049797010864
0.4638304811777487
0.46287221549471447
0.4606646649870442
0.46023668221813857
0.46032941779676123
0.4613680236229459
0.46311933505624275
0.46894720979269405
0.4682792896495102
0.4677006651958224
0.46736860055553364
0.47172274325160296
0.49655265293098916
0.5542022432651228
0.5561174873564944
0.524175657852
0.49589244528490733
0.46001724596584087
0.37296347555292797
0.38715428052389483
0.4183441981147769
0.45760432531091455
0.41618552816615634
0.48835271294632765
0.49478209688802494
0.5142067446071296
0.5372382534631306
0.585361888766373
0.5968419651014462
0.6059895478555529
0.6006925650469219
0.6002045896095134
0.5956882399890243
0.5914771986031511
0.5877245752310658
0.48955830726090993
0.46531372832924783
0.4556650965268131
0.4451169614528586
0.2467795258159273
0.22853476225831432
0.25085420373984774
0.3436263110543831
0.31003714033087176
0.30287844755123694
0.29948933251491877
0.20101995985079832
0.2085330156174773
0.20788333876165338
0.22808236969148155
0.3264007651088154
0.338431815981075
0.3351393964843425
0.32741629376586895
0.29764531538672856
0.2862053941442037
0.2548762403269401
0.2513013695945693
0.2509144476582735
0.20212527960335772
0.13868774111384027
0.2104178442413415
0.2648517835390929
0.29886729642387044
0.33647433949573785
0.3398195141416177
0.362147418607229
0.6348363941991506
0.6350149863509762
0.63801522150168
0.6397778299808489
0.7753814188844073
0.5130311679884058
0.5933954929158969
0.389471152876245
0.4021875537027318
0.46465193371831537
0.47807967983767724
0.488295374150481
0.4935830250302497
0.4993821131898526
0.5106610419123053
0.5164932619848603
0.5006080514996233
0.4841118382870245
0.4895148030577092
0.5151926475320917
0.4841004491226298
0.51395306030049
0.5338685007555611
0.5285498814198222
0.5454488604266642
0.5604650650796783
0.5721826773720907
0.5649461762110118
0.48026565799621357
0.4829872430314486
0.48465985823330776
0.4863501308806786
0.48619728543243307
0.4879098484550471
0.4879744469434767
0.4869701121410406
0.4902306317796446
0.4928579265845301
0.49709968677891875
0.5402078365897285
0.5993979292527131
0.6090934624610028
0.6209332749249932
0.6027833856632862
0.6141016313562052
0.5148664612783548
0.525636162737701
0.5875066293667333
0.624521996515427
0.5963693202781819
0.6033790325986559
0.6010035729872283
0.5665869939840785
0.5052515838494538
0.5012160219144006
0.4782500770538987
0.4705177227097844
0.4495457839346699
0.6838904242119574
0.646888869631095
0.6208959576017025
0.5934430605588061
0.6233486536089207
0.6459268161470153
0.59910201848787
0.5044341042307943
0.23667839627807982
0.21788855959394374
0.2892608596260682
0.40252784531890273
0.42366431122965503
0.3851195420973161
0.3814913138151222
0.3814670310137944
0.3814430547627403
0.3622702007893691
0.3502907811030156
0.3452051838494986
0.342732565769019
0.3401498822324012
0.33363214504758465
0.331322473187104
0.32847048400300666
0.3255603251946077
0.3189591708011588
0.3187749539046888
0.3202043260743901
0.3415229027499631
0.35334577362306524
0.354523320659704
0.3569133359345361
0.35387953703550107
0.3586011779719086
0.3575290617237466
0.379496146924278
0.3826553846288086
0.30425993467264995
0.28749238976952063
0.28991157407749973
0.29104572470072015
0.3748631551692137
0.34179308966337063
0.35892250095070866
0.39803802808935734
0.403537383073935
0.42195069236121724
0.32863028519458626
0.32149513522441003
0.3134957112775674
0.22232966342406757
0.22790015662540913
0.28090179163485285
0.3298950832870223
0.35807863196550893
0.40096122333852857
0.44928029291988364
0.5072031842308382
0.5515440011506737
0.5860814562534714
0.5840748942796501
0.5826255053588446
0.5830776429679823
0.5847536328448554
0.5869997871335734
0.5895615178547172
0.5914222819998809
0.5926692679241687
0.5937711792459884
0.5950781415245302
0.5953617315385396
0.5953317394128125
0.5953140764554814
0.5278188487829591
0.49322662284888685
0.49425920475134644
0.4956945549994535
0.5015426990800944
0.5028424795660544
0.5052720988938475
0.5086739381049838
0.512875451335713
0.5078468882745787
0.5104262035490575
0.5203589363428449
0.5982486601457936
0.5983564293001722
0.5661644643186259
0.5885325825904453
0.6222665274960754
0.629875797917706
0.5823049269710346
0.4597614150273383
0.533900967581578
0.557832228295727
0.5192357473199981
0.5379831460641316
0.5518559420547784
0.49892925025640966
0.5238078514847793
0.7565766955714893
0.7408639407492794
0.7267877631270412
0.7237895673101096
0.7125474815316427
0.6264956662572864
0.6393535507465884
0.3953300339772424
0.4030794888632617
0.3803031300406014
0.38028213750848966
0.38026875632530055
0.3273562460127728
0.23339553620423878
0.2261015627432167
0.22250495422119457
0.21992396506175976
0.21510647655958334
0.211726502173845
0.23320651065937562
0.23210854131975878
0.2306698669766123
0.22952992068342115
0.22753400816810634
0.22965648565145155
0.34055583785412424
0.35057838785900103
0.3535660941738895
0.3530251691039202
0.3847062300461925
0.6534746006135991
0.6554014493866791
0.6537292463676193
0.6547133526047284
0.640928180059961
0.27693950930344885
0.25435743156672247
0.4043943128940602
0.19762176069742776
0.31852258079543144
0.36418048087989674
0.3709793740460573
0.38743649758250953
0.4358135988834956
0.4833136267053048
0.42501225453685604
0.3784889021757495
0.4721619616229117
0.4722191312567439
0.3982031093380956
0.40526012811957685
0.4107047086528451
0.41914704221736715
0.4267276756699339
0.43496861828022837
0.44265569271852406
0.450119038518081
0.4564055379773183
0.4618944983035212
0.46625030991460764
0.47001073203045296
0.4734598452769746
0.4760793650766905
0.477958531091459
0.4794479898940123
0.4823149707871216
0.48519697149474383
0.48855151362144267
0.49233221866970245
0.49736187314463315
0.4988757932777354
0.4995323512957654
0.4997380042426094
0.5046958908297595
0.505681904100051
0.5083112814105998
0.5121486482327663
0.5610103119669431
0.6204789182801063
0.5239375195299351
0.48515073885674354
0.5245389865687335
0.5230119015927058
0.5345432667802966
0.5497751927933711
0.5856107609114319
0.3330710827749721
0.31972833014791824
0.3803128231856679
0.4612193149026446
0.4614384152381238
0.4828288559203475
0.4908444197223035
0.505049914498299
0.3267306731627774
0.3447960249922847
0.36890187969220267
0.32456856064184647
0.3515808580310772
0.3796708037848121
0.3497874768107126
0.6739056357994132
0.671301051648007
0.41352618591375634
0.4328929478034152
0.40048138453177384
0.36194729320399777
0.3619333210210127
0.35287609922318
0.34989632027299933
0.3437933669603042
0.29265865262520213
0.2937722919212875
0.2991190873655567
0.2953018087170706
0.31705518346520534
0.36768003533938154
0.37337101516371934
0.3495464115377845
0.34604961585658767
0.3413091389275259
0.38818324937473836
0.4249434144873126
0.35990302956597164
0.35360606414656753
0.36229852683441044
0.36027990866352305
0.35876831163069417
0.35783632356136674
0.3604703907621289
0.36946360789686716
0.39034176835949236
0.6582796695912887
0.7720382069048739
0.7204533727708923
0.6350613548511369
0.6511443091027415
0.3723435190865867
0.3798604695581336
0.41008204818775895
0.4247152544038178
0.4339181331955732
0.4634557657557863
0.48415957135677873
0.5054258504294339
0.47301242463695164
0.40006150904814625
0.4117507940640967
0.4216176385350081
0.4579756043776572
0.491714238754786
0.5137113874368711
0.5269718490240639
0.5356984157972287
0.542405690958154
0.5476475350954708
0.5521462155892435
0.5554382554358364
0.5574876975293506
0.5588605383789296
0.5620908172698693
0.5666434960917381
0.6167600428085779
0.6711683071676027
0.687814586855108
0.7006615608754884
0.6452268869836957
0.6026091183480979
0.6058341288276748
0.609034609245276
0.601954941191179
0.5925113671835036
0.5825698349485742
0.5684587328198448
0.5581984216911995
0.5794229507021843
0.6116391815535138
0.6736522630414808
0.6109681863258071
0.6077832130897431
0.6152837689006694
0.6028646872298129
0.6167273256658877
0.6275526262334652
0.6086612597565767
0.6389022628941833
0.6327608395904437
0.6087986913799004
0.5989077870078194
0.5921987629898641
0.5797084699485817
0.5673818185419907
0.5555618111436293
0.5312298097931439
0.4930689791715866
0.4513301189740371
0.3319580860598902
0.2480497966317801
0.26655780437540855
0.26877387443813144
0.27010614267973065
0.24656098925151199
0.3565981487508859
0.336736907876231
0.3495936029641606
0.33469868340951564
0.33519169265113796
0.3316720058565202
0.32935305735919845
0.2684046012657813
0.21644350759898387
0.21454163764062859
0.21237529368478866
0.22716473543759627
0.3114152498765406
0.3114957274255498
0.3066272348162733
0.2949274125894685
0.24078985992908383
0.20339164055182027
0.2000646987511165
0.20126199542013964
0.2513789032617782
0.3040013118335301
0.3010810456174301
0.2779191288122522
0.24371248131772003
0.24537578018388603
0.24516747044134013
0.40994945131918364
0.3387382916565984
0.3986642291191937
0.46010835647494275
0.48586398238298384
0.5076241176339419
0.4109080855435891
0.43458548199230407
0.505194792544083
0.541329809777207
0.5592690839633662
0.5717425453873727
0.5668473560196476
0.5377112313883089
0.49296525008739944
0.50371734165833
0.48444533386593114
0.4878223281484399
0.48843877179665185
0.49646446774091574
0.5053279081095402
0.518216581572006
0.532042098084359
0.5464812519788751
0.5588931425451215
0.5702928595934722
0.5797179985188241
0.5878376292761839
0.5948499941345218
0.6005632343373148
0.6051937381918833
0.609142535134685
0.6129953398417399
0.6167829906253661
0.6196358468930959
0.6218933324424314
0.6263763514443706
0.6246239436856724
0.6225847299575307
0.620509554695681
0.6062796880287566
0.591933295221599
0.6068771246448992
0.6179325454489097
0.702766198527042
0.7421653497702746
0.7071485210887437
0.6186646760165264
0.6344591644443014
0.6269480750546047
0.6647265553593623
0.6563709443074472
0.6422409718141303
0.6345942005699761
0.6165372164599764
0.5228738148246879
0.5165824808962378
0.512055332683119
0.5730525154454216
0.5702858629185069
0.5005743964044205
0.48382855114611634
0.500363731071746
0.4540476696629746
0.29460676768958727
0.2944066190027516
0.29425404071851424
0.31875765406383466
0.31973918790249345
0.2964394507115099
0.29134419893192004
0.31162211112400395
0.2991048344540812
0.2893158786777573
0.1900943098186535
0.1883656632087085
0.22519028183376455
0.26527249915165746
0.26617570332135987
0.26695697079911396
0.2743132948734421
0.2718530429201824
0.21691721127016958
0.21016067934816546
0.2664429646167984
0.2670430657691329
0.27314787222832104
0.30237904603964894
0.2284901862981853
0.175797562391074
0.19574608257662487
0.3269288882254308
0.3450795227385796
0.34597600562538205
0.3471233842332364
0.3239774464754039
0.41480581284242396
0.40268421355407513
0.43297481147491873
0.48820240811380755
0.5008592889291975
0.5150165940312281
0.5089669890412488
0.5208096589321645
0.4999040945083188
0.5009585895444274
0.512369588920685
0.5193406014645761
0.5014367090112336
0.4456049547074474
0.4476023524407773
0.4682407348877274
0.4772404129308264
0.4921866761401373
0.5013092686029624
0.5062816381355832
0.5084263010607302
0.5094039293480889
0.509240433497301
0.5083697600562039
0.5102601814703788
0.5139780505716224
0.5192414190078676
0.5256589111460843
0.5309470821688635
0.5336107808109558
0.5344278558896182
0.5341601963563085
0.5368743031468921
0.5379286588620326
0.5438051247166524
0.549123130722341
0.5565587379186652
0.5573994002075465
0.5577530700450655
0.5580385237234169
0.5608344429178993
0.5561762818600892
0.5533689946412971
0.5519929873562611
0.5656568568629883
0.56454109775611
0.5627643954504651
0.5600666437701497
0.5891850664099035
0.5864941594253762
0.5806367285783416
0.5715231031316957
0.5988522227335821
0.5794261545458598
0.560673146150493
0.5418445239627931
0.544059463270765
0.5523673821916922
0.5568801035787136
0.5182244619820897
0.4615448045344706
0.44963338477383097
0.43604292013573936
0.36287585302854136
0.3501635339780525
0.32697695196051707
0.32180786531569294
0.33402017802119716
0.3001992720901924
0.29447817332957843
0.278059261301303
0.27086030218496676
0.2527564412594539
0.24766002913705504
0.24805304162825217
0.2681324315797586
0.2589609727743015
0.2832153514885402
0.26407721781045745
0.2797800815436254
0.26853135348327156
0.2663464123909681
0.25822283203923485
0.1551322416277114
0.15366891942542496
0.1535061200568466
0.18697660210790043
0.1886778963844559
0.15692710890645925
0.15812756117258042
0.15812756117258042
0.20111912493614395
0.2583425690836268
0.23649290522841043
0.1512522253878622
0.1532402981471768
0.47040250041905823
0.5170856081188394
0.5355865071526188
0.5689763406520093
0.5948412141129369
0.6061691436382869
0.6065457539547652
0.602083435818867
0.5209920998618045
0.4756073991963646
0.5641464008511071
0.5428753396364425
0.45854857705537283
0.46982040203169684
0.4750962511776518
0.47687098360017144
0.49701150193297144
0.5185206904879769
0.563878880065231
0.6200758156146103
0.6326097522719046
0.6420457415008786
0.6487331427498382
0.5627154130730223
0.5545857260777233
0.5630979147890066
0.5732313395099102
0.5640208220390509
0.5602712907371432
0.5589155031134103
0.5595153268893529
0.5613178557661924
0.5649435664291484
0.5654590884822941
0.5654247629516317
0.5881902367445687
0.6047700180030571
0.6087523987681875
0.6076194995444728
0.6033882807246965
0.6267147982856728
0.5930962650933714
0.5606664854937857
0.5926785426727217
0.6708318122204425
0.3175012313404357
0.4635664063261376
0.5923825934923949
0.657090687145159
0.7202954549256207
0.7569048593067226
0.7303687838841202
0.7770457515771777
0.7840930995069809
0.7845249651521775
0.7806229069483409
0.773787597735909
0.7570534424084819
0.7388483356869479
0.7206255616431512
0.684978214638351
0.6681262961954169
0.6473818768390858
0.6220222903425306
0.3475013827984552
0.3506378308237034
0.6221455706087025
0.6179080688940052
0.5946440707184938
0.5937617661187811
0.5946461847451956
0.33278646897391734
0.2904093502212147
0.2870733980606613
0.2901173526325006
0.28928976244396937
0.22760276127865947
0.24336572293475253
0.24026380504236122
0.23934837958498287
0.27509502263095625
0.25702936346464367
0.28052903288960057
0.3165070634024387
0.29173090818630615
0.28123033517481716
0.263054539517166
0.324143778280548
0.3352738872296167
0.33647433949573785
0.33647433949573785
0.33647433949573785
0.2919381621546097
0.2883368053562462
0.3281122673432351
0.3285462897176636
0.5494022242713343
0.5242182801940882
0.5375238341560428
0.6256482197341074
0.672151682988433
0.7325867103511853
0.7611251406765887
0.7707871700071239
0.7826336634337133
0.7892627124353346
0.6935971597448123
0.6823229895327001
0.6652083766623611
0.6439402565452083
0.62788121838428
0.6093638448196155
