0.243352356890205
0.24683061519692864
0.24912341679861108
0.2508966803964625
0.23117131170171998
0.23223836682329915
0.23317223848189858
0.23405188891924716
0.23029898512104863
0.23192679490039916
0.23355194045823782
0.23501793222686795
0.23091643858141003
0.23204740517009492
0.23320426492733104
0.23444535818828224
0.23439950774995497
0.23493173145652402
0.23541117598339464
0.2358735765181441
0.2378833363473209
0.23835366128025479
0.2389942057860342
0.23974810577963843
0.2500546668096701
0.2507713615786983
0.2517733319362879
0.2728209240734998
0.2918787436759003
0.2380861062744851
0.23688165649119536
0.48498010149905035
0.658560576917312
0.6573491197795933
0.4373972310101041
0.3083400715619932
0.3290156411854938
0.3257958867359384
0.30595573785508845
0.2790002112948985
0.2865974160734732
0.3079081941082327
0.3087724194570829
0.3088135318886696
0.30627598851921006
0.28542089617404004
0.28435862036320014
0.2562271207255921
0.2639333511809281
0.28386989086554243
0.2833188248099282
0.2825304904454325
0.30572437811851744
0.28500960038049816
0.28372689670746765
0.28299279541726624
0.2799263524064785
0.2785335039869911
0.27761607668161586
0.27639082851748004
0.2795227516163771
0.2782758315199188
0.2752698698960565
0.2734727078952953
0.3023768166911812
0.30255540494826183
0.29889163014769377
0.3016319919993875
0.3341477608258978
0.33598226082469096
0.3371511795399973
0.33577953478773315
0.35117102981758935
0.35051801014567857
0.35314513621240784
0.3536141050408085
0.35187964512211306
0.3551510479343347
0.3571869438733892
0.3572902180951768
0.31539049810081043
0.31750285196497735
0.31714217073956036
0.3172767488439978
0.3173706256187219
0.3174459042068981
0.3547287716213905
0.3563444841449275
0.3241268666801065
0.3242926683211034
0.32585907399438163
0.3228685845449818
0.3046335033895828
0.30385004236775054
0.28383367914527935
0.2838558284315425
0.25912827466054167
0.259259411345137
0.25876800607706757
0.2591525878732586
0.23871703247436468
0.23937693371751478
0.2400700520827845
0.24053458881801673
0.23606796522336013
0.2367064517623286
0.23729223365592347
0.2378238795582238
0.23270922451441295
0.2330121517100638
0.23328426592114374
0.2335566086881085
0.23285191437895306
0.23285455933234556
0.2328577044820592
0.23286635653751014
0.23415694037234883
0.23392935021343325
0.2336142402490923
0.23349175884277434
0.24319344897168338
0.24334334527716237
0.24376101985114013
0.24423827248978042
0.3052862791788001
0.25540702043391306
0.2570124472859449
0.2598290319459086
0.26256029918683904
0.26341654624203903
0.2639087302261583
0.2640213032643073
0.26127161089354795
0.26071596166124483
0.2600299523956636
0.25937550648588764
0.2642377247991813
0.28441922065990866
0.28528371128578417
0.28547187806588764
0.28192746690492054
0.26182123224114595
0.26115169294697704
0.26180240662731585
0.29871853949195687
0.3180540270658093
0.2901783673651034
0.28942351297365615
0.2852005503954475
0.26489123612157006
0.2638427093124742
0.2917488806070935
0.2890161354116771
0.28838007506062346
0.28765228674441345
0.2863343944835542
0.29106572721172996
0.29039451543971073
0.2904266802695097
0.2901392060788568
0.3105720367631665
0.3083881134878403
0.3067951726261749
0.3076884138543112
0.34048301258265895
0.3404975623836121
0.3405366214517405
0.3405961666004935
0.3595587061060801
0.3604566275219326
0.3184102860159958
0.31988037926341484
0.3222822547322022
0.32270598937410916
0.3228828912003549
0.32289750922291843
0.32203248332992424
0.3943300914259702
0.35818413495837625
0.3589432789901462
0.3553897524737457
0.35366897359548616
0.35546466571009433
0.3546819706188811
0.34793781764751097
0.3495947671572801
0.34952056073710663
0.346117539825137
0.3222819517385131
0.2979053688910369
0.29984234316205644
0.3000834469548994
0.27335048062535616
0.27433581038838134
0.27525382199594006
0.2592637843355096
0.23808956858901795
0.23770737813793213
0.23731059021966733
0.23697665783262295
0.23186015956953648
0.23212809641708665
0.232361375885608
0.2327781780141191
0.22767991516164254
0.2279151498995059
0.22679322205192426
0.22804210018100668
0.2277967707603866
0.22804696018254214
0.22823013512504423
0.22840475749863617
0.23022559340550447
0.23060654891483706
0.23109178104913466
0.2314165927241167
0.24109801834462277
0.24105184161758758
0.24123537436203918
0.24147679920164494
0.27625741625434547
0.22751125580198175
0.22820074869424176
0.23098410193566055
0.2347421923828586
0.2359593501993265
0.26126834641795693
0.2599743638841263
0.2581600897120013
0.25684284081315545
0.285293919094646
0.28572982699010036
0.2881108215630924
0.30463939610932705
0.3102840345612529
0.2874686265732411
0.3095785451753608
0.29008453728793065
0.2917068513324975
0.28859887920330923
0.29904637647002263
0.3208591114547862
0.3183779130623158
0.3198072175213984
0.31607599791563096
0.2960491531045891
0.2964751803270278
0.3260428356930723
0.2939952527507148
0.29344376198208766
0.2922237995778848
0.294244895707061
0.29961511233721555
0.29927039538501393
0.2987792036364422
0.29622433462162434
0.32070299710605404
0.3205068616851773
0.28728893981668285
0.28860332656051235
0.27287395486148075
0.27338246619076545
0.3120830758273258
0.3104380108170015
0.36641674232728266
0.3686234633472928
0.37029550404289746
0.3684944751974469
0.36586679903623787
0.3655591996578921
0.36569786575041735
0.3658820278499524
0.3631550012546573
0.36223361820360306
0.3625759611154489
0.3673960360508895
0.36471604082938297
0.36712370759781054
0.3337612968394932
0.33374716852491504
0.3373415228849923
0.3374899059635142
0.3632440547976807
0.358839865043121
0.33339851153232625
0.33212857150047637
0.5504001776683257
0.6950030689143984
0.6647607597633585
0.4453435092973125
0.31656832998202095
0.341931821241796
0.2984162701015328
0.2974307220482215
0.29676554330575444
0.2962253591662549
0.2893774337080092
0.28910825778338545
0.2715074028821507
0.24595368693105765
0.24136501903716384
0.24236142038771413
0.24319825628429734
0.24397218850655203
0.23189308977911605
0.23228248514886948
0.23214265427084063
0.23211114321472467
0.23366680040320115
0.23376964782437584
0.23395888988672403
0.23292986541170627
0.26229990126384617
0.24286733800443122
0.24337216331599204
0.24343160364339575
0.2737883689811972
0.22811610980776487
0.25541678893744985
0.2583245699978365
0.2599582655561219
0.2595757575871284
0.25917455539155754
0.2585310553301172
0.25594146604967555
0.25601159230838033
0.2565280870800118
0.25591666255726897
0.2866931146421174
0.30775847749843843
0.30668972660111643
0.30634931384014663
0.3055250935409829
0.28526662434272854
0.2831287391460758
0.2771101530581336
0.2823287254938705
0.30432309142594843
0.3048695060750005
0.3087726551682366
0.3350635197576407
0.31513744876825045
0.28699555061401577
0.2870645825818076
0.2839319996854124
0.2824253694503516
0.280922823414964
0.279366582665176
0.2812327496389585
0.27886022051902654
0.2780299331385687
0.2774236152404254
0.30056622177297326
0.2994932737876013
0.30026738267690795
0.3015987487993396
0.33604794372420704
0.33680739755699324
0.3370877138830692
0.29625090610220345
0.35434882508763027
0.35376515277569104
0.3106498184378624
0.31159815998198237
0.3146075334879277
0.3155777844218488
0.3160671321511125
0.3168562739129745
0.3168930279717919
0.3171974346509395
0.3537838799040891
0.35327488206303276
0.35031237789712727
0.3498543419367649
0.3833034493107868
0.3824837035368504
0.3657554009992104
0.33765830390389406
0.31341185789769205
0.3117937822956413
0.2738929275689742
0.2733351191782536
0.27271377212171544
0.2722681525814302
0.24718916277431868
0.24723015284055058
0.2474728761904538
0.24793000907036514
0.22720523789632363
0.22766727531431516
0.22837785179955575
0.22941243689010485
0.223955823350009
0.22340135155211613
0.2229888873164573
0.2225880774942835
0.2170127764963821
0.21682998510545243
0.21666049787378358
0.2164997193523209
0.21588156461248836
0.21608361941801907
0.2163049115990007
0.2164406145798715
0.21783112998590395
0.21780618525808237
0.21790284257486867
0.22914849054901187
0.24254012403743258
0.24097391149380254
0.2400806957430786
0.24195284113594118
0.3600785520780994
0.2679762719076995
0.26872362933974353
0.2703113807082548
0.2959141599095349
0.27156471829277756
0.24631586001728134
0.24719698021172695
0.24516003014111634
0.24512498259902726
0.24500779304114143
0.24487047167266265
0.24841619930130804
0.27129366592952553
0.2738877395608413
0.2744058654633211
0.27244790720572787
0.2522340390192243
0.22527982891271484
0.22510233629763407
0.23037166500591347
0.2498090905150062
0.24955871953561806
0.2762231666939206
0.27540342709888804
0.2570446362754667
0.2584184492597366
0.26011520272493927
0.259534623403945
0.25967351892937796
0.2600677419946857
0.26034675430299126
0.26263578647494756
0.26218533416757955
0.2617842699431526
0.2912477782591073
0.313870028206464
0.3136362063182592
0.31359307779855744
0.31367928691321273
0.34600396760735463
0.34614476671947264
0.3465000923466677
0.34679622415749645
0.3180254704111027
0.36144514461605104
0.36265869069558815
0.36007301196490843
0.3614234873443356
0.362487135143731
0.3631298180508897
0.32359641535559996
0.357061453999221
0.3566806388023818
0.31937361110298146
0.32021520127001274
0.3209149650324422
0.32272126202507634
0.35777308108351696
0.3589423034687637
0.3530630331846769
0.32869338883950183
0.3289132772129879
0.32610303538167046
0.30804135827182166
0.3067680429357259
0.30589012353216677
0.30524758283143216
0.2605378090064699
0.260596984869911
0.26055856243415715
0.26052754511915127
0.2397516735201197
0.24011016829295345
0.24049468352449768
0.24090601978334536
0.23550703989389768
0.23551219019322733
0.2354703548836627
0.23542326800389424
0.2302306355440078
0.2304303723096772
0.23064192871263386
0.23086116755649966
0.23032764327121139
0.230553186836086
0.23068697445547676
0.2308876366514374
0.23254646170922613
0.2327251904613537
0.23299197308290584
0.23328498723227487
0.26284727733656665
0.2626665286872822
0.26290503488427625
0.263309076133005
0.30927547877727785
0.25458200275119736
0.2542828629054802
0.25664323001812567
0.2576017071372673
0.2559543758034025
0.24816015858617713
0.2487433860567098
0.24882563696016755
0.2484840544477594
0.2502067750915771
0.22448389763803944
0.2543631373448064
0.2739104156258721
0.27655260871655
0.2527072529547035
0.2500387335656967
0.22990309942261714
0.22877692090265547
0.22774378928452385
0.23333643431782128
0.25263004255073046
0.2793302805150733
0.27976706972492416
0.27671839727550634
0.2570788192845945
0.256996789027319
0.2568569892562033
0.2543007084382475
0.2527778575151982
0.25103135828271317
0.24814428375512046
0.24874760905991453
0.24784169123155392
0.24748302550310186
0.2473706725521114
0.2675874094783834
0.2677900222924894
0.26884155644709745
0.270049685769032
0.2993566500368675
0.30220402882910713
0.3033081199773813
0.3061431097743632
0.31789371633127383
0.31653154676434975
0.3156118139689855
0.31606161395668725
0.3213785756483677
0.32403618724039557
0.32523690100000124
0.32647599876264594
0.3269191397609483
0.32812971995568374
0.3290709155588567
0.3662949361152029
0.36316341666681257
0.36308221489306586
0.3630877109945253
0.3630843593300893
0.35663052789209004
0.35660868806055757
0.3583651263577401
0.35582582476726005
0.3302750089236868
0.33241436414961484
0.31360180357400547
0.29473205124955265
0.2696806794170588
0.26917419711341084
0.26827365087985794
0.2677678169736613
0.24662326431824128
0.24660410695557322
0.24632557366152977
0.24657532507709892
0.2415637546702483
0.2418611046497675
0.24216645889275437
0.24249956829329306
0.2374679707601299
0.23805052810762772
0.23859235572842355
0.23912281642927022
0.2377848388081392
0.23787360150000703
0.23815086139947997
0.23850035985797155
0.24051710862130285
0.2411159124204971
0.24168291983361762
0.24109816851193597
0.2856419975897714
0.2860186256451322
0.26700384281378736
0.24840209207471006
0.2716407488554754
0.23699027297298644
0.23789802026875936
0.2424236732710578
0.2727295033592348
0.2734486967977838
0.27378016369841485
0.27386140974991025
0.27139663634771855
0.271117790040479
0.2707236081790132
0.27029364082546553
0.2757012589089804
0.29385836521722347
0.2931242429010907
0.2958503824191559
0.29063174697276534
0.2457316976054094
0.24635794799146066
0.24670658422738198
0.255147175323956
0.27390857093018767
0.3007432164681789
0.272795630611214
0.2683424094170552
0.24795814165650867
0.2472250662707924
0.2471797581614312
0.24708490408194456
0.24669723980048763
0.24681692401716343
0.2463777198426586
0.24586280833725255
0.2457897440827029
0.24571807063651271
0.24442048289353735
0.32697441334485444
0.327708007736825
0.29286078781811153
0.29339081371038334
0.31916406324375496
0.319286685824192
0.27846085962295836
0.27911110899736286
0.2908791922863246
0.29112657281621307
0.33466164930154146
0.33422371388616046
0.33652682857061317
0.335330625128729
0.3363968774642338
0.33676023079187695
0.37076404832140925
0.37161344149567527
0.37213723326701414
0.3721498992946804
0.3690521983317945
0.36983438634271215
0.3703604539912759
0.3706405497685622
0.36657786480962196
0.3922135517437079
0.366259750429744
0.36281623633530813
0.3173969737555522
0.31638454891395784
0.3154657000227242
0.3134282087719486
0.28616728402042124
0.28629782384459407
0.2858871974359347
0.26894825107111303
0.24821608029317213
0.2485697240486597
0.24898650052287807
0.24950492417314257
0.24429876229718137
0.2442855688501311
0.24403085774246766
0.24335885335991334
0.23962701383144086
0.24016395178565805
0.24035465936556155
0.24045463532502026
0.2398303987086165
0.23997783360247238
0.24014598297332002
0.24033281291379854
0.24156092894228676
0.2410879532310649
0.24079319596712298
0.24053105928968257
0.2497538918925966
0.2480119184782742
0.2685634205263104
0.2686676743031699
0.29889287605990394
0.26123642696916805
0.23458763987816056
0.23880710923860649
0.2703551594140036
0.2717026552676766
0.2727271184479167
0.27213338640577395
0.2920009712695562
0.29610919275342074
0.29693116522591034
0.29614655216501257
0.30319695285243875
0.3227290306417042
0.29866114245122577
0.2999319359630604
0.29375625179528536
0.27565051720410977
0.274647736907032
0.27563730956945975
0.28271570229404347
0.3012751681227443
0.3007465987541514
0.30045013438717566
0.29523661091675746
0.27470570177161746
0.27419410469094796
0.2736792733411478
0.27279571679566267
0.2752760844828992
0.27693293950402526
0.2772551990376962
0.3093757537669937
0.3086370193399049
0.2783284611373805
0.3082601541714991
0.3304764920919864
0.32765577310992366
0.32563276691330933
0.3580860148559017
0.39593052828827663
0.3972117861891467
0.3979993169243186
0.3576386516944083
0.37480847128186706
0.3732606565010775
0.3740166192686523
0.3734240661833838
0.3727028807976349
0.37336595133858286
0.3737179742742322
0.374011939752936
0.36962282669451785
0.3693728594059396
0.3689688503377403
0.3684882365572214
0.36610657286519266
0.3662844185551386
0.3668554980209107
0.3666989974808965
0.3346028993057893
0.3352285613436568
0.30965420572172087
0.30621841661221105
0.2939149797437581
0.2922749440913204
0.2917367166477543
0.2913951250212266
0.2664554667850112
0.266528031345729
0.2664511848801147
0.26603349443184054
0.24513692943571508
0.24486006912390196
0.2444771633485778
0.24409391061337515
0.23886898164644252
0.23906293727448247
0.2391687732495696
0.239414581202764
0.23371370418001503
0.23325195989084643
0.23278169419280542
0.2318790149925868
0.23046797061809393
0.22990868561029265
0.22939989684534914
0.22892037662209727
0.23033651543246927
0.23024597988043277
0.2305167727177781
0.23082513785381106
0.2575486963755807
0.2564063626534171
0.2767058702127816
0.2782351908715336
0.3426319430426172
0.2501204731226558
0.2251577494155215
0.22937538193972493
0.258304395048074
0.2603212622102429
0.262219971986762
0.26312121359357143
0.28518739391828096
0.28428725533577903
0.2834973760696236
0.28253052022061104
0.2857560212141725
0.3052871512522866
0.3056080137267392
0.30562054669627375
0.30613059136813514
0.2848878827290156
0.2867008892687439
0.2890126181877642
0.2956327682174117
0.3172626521376463
0.31951115404590374
0.3202914080032579
0.31752652694982847
0.29885401033764153
0.2990375089209918
0.29963696627841874
0.29884099920916596
0.29878354387425937
0.3008968382066473
0.302262031152843
0.3059675006808605
0.3042636494233184
0.2727769152466586
0.2723783240890129
0.2932198400818476
0.29509464800089674
0.2973059422679922
0.29992508474084467
0.3254409780965623
0.3266135877282085
0.36571573052612755
0.36220963248698096
0.4260632821295023
0.42817667553899763
0.6479098389158934
0.7957693551395774
0.5320673901888412
0.4028612018045856
0.4282634619210878
0.42678357379863446
0.4197675354818591
0.398893933793182
0.37007049239964274
0.3689678236567366
0.36885203836961344
0.37203311787522847
0.37460027026191195
0.3783674965363824
0.3762094010912186
0.3769262317794295
0.3784908771878544
0.37525588378884406
0.31007958912605305
0.3270095377617263
0.30531177793638825
0.30381940920999956
0.2786211962473531
0.27830204464700126
0.278316087261406
0.27707512058535805
0.256737348685087
0.2566746084897711
0.2563887908303185
0.2560763180491852
0.2519088489255419
0.2534078760364416
0.2550195682490404
0.25668568206272646
0.2521650074569107
0.25275250886427275
0.25327075859451387
0.2539078801730618
0.26400203634133546
0.26254242150268864
0.26106982264625034
0.2569356076554532
0.2798309956969729
0.28131511389165814
0.27935671719747024
0.27575311993659546
0.28569276721174625
0.28644610558717726
0.3047155707949178
0.30438431045123454
0.36415596923602256
0.3097426342657505
0.3118246026191115
0.31415788655893934
0.28984753045737177
0.29061669186232497
0.29096131017772187
0.2907977084325994
0.2864231565976377
0.28551423746845844
0.2856965109645466
0.28592436506063035
0.263192833213796
0.2814969778591365
0.2830199691650252
0.2838126261913723
0.2823936917449265
0.2637066150634212
0.2646303211338259
0.2656914445472433
0.2729535723506208
0.2914261072170639
0.3172477656895765
0.28820604259876237
0.3129458774359474
0.29103436267072363
0.2891056276634113
0.2903927776976401
0.28690515780362436
0.2866410019629695
0.28811540190789214
0.2868687362008256
0.3187055125509039
0.3172846705128523
0.3164546170050764
0.31705245834094803
0.3433070190381688
0.3411478635281441
0.342782528184887
0.3433659574636155
0.38461203595220844
0.34388432611115527
0.3443126573438713
0.34502796528633645
0.3616387025435532
0.3612342350606112
0.36195838387927753
0.36241768237248223
0.3617646245271559
0.3623424623957714
0.36294603289527005
0.3635864948293102
0.360132640214646
0.3605531424868115
0.35949747838767016
0.3603477805294285
0.35869012410495926
0.3574035933206208
0.35910763535929996
0.3598339970787361
0.3282689221400235
0.32774126076368415
0.3288877285097596
0.32707632832071165
0.3077452415824089
0.3063303857895713
0.28561680925645083
0.2851883951423445
0.25993319490988814
0.2607113296888885
0.261178377870842
0.26162270288846956
0.24014606107385258
0.23951334825836887
0.23924984337810343
0.23909509090123618
0.23377908335528752
0.23242988577569557
0.23343117926949777
0.23379034750865182
0.22859657116122162
0.2287065267751883
0.22881091439212806
0.22892156399855665
0.24030530624315427
0.24051818728144295
0.24061210748745135
0.2409238500203362
0.24426614667287058
0.24434866565831473
0.2445382190019118
0.2447627337823365
0.2605876323093879
0.2603792765726147
0.2605408686380169
0.26086520014967113
0.30706914906877036
0.2551395402163322
0.25631916447414504
0.25955245943698074
0.2889981818673223
0.28930417919318335
0.28916187813824873
0.2872459183275094
0.30814684060778874
0.3088069166650768
0.3071561386534089
0.30704411436695306
0.2866301658777246
0.30720786429299335
0.3085771167194275
0.30783675022926754
0.30583025888230564
0.28488111376038217
0.2840350201192289
0.28373838312220806
0.29232905984833746
0.31118489340196265
0.3100454800640112
0.309334231529952
0.3056223678280954
0.28520341876324684
0.28501654740472326
0.28467556488345286
0.28115432978031024
0.27944685527898083
0.2496734033012033
0.24849223108161064
0.27904882828081445
0.2775475739301409
0.24697254457994486
0.2471434195333605
0.26760954586083907
0.26807880204942014
0.26860286326856175
0.2689718001057867
0.2970289482377156
0.2988283047341912
0.2993450580850641
0.301773108446732
0.3168442790998581
0.31722128660088056
0.31733505062288964
0.3177462498024074
0.3212742684963163
0.36237009390571906
0.3629170972141467
0.3639489550176204
0.360414885744984
0.36020434549778135
0.3608756130816655
0.36101853985401716
0.3592459810961824
0.36019797823201083
0.3610127691220396
0.3608788381460408
0.35512538302212865
0.35233714410947103
0.3509090920812981
0.348408239382334
0.3026894246194358
0.3036892670410455
0.304410100856127
0.30431484130602493
0.25966657663509873
0.259621636118503
0.2594397667977704
0.25926991570599034
0.2383869936637431
0.23865276660947465
0.23878145945028467
0.23916232641183952
0.23411244620513713
0.23432410571545828
0.23450615667731603
0.23467853022370608
0.22982468482321267
0.23039233088981367
0.23097990733961563
0.231590128986149
0.23095062578485118
0.23108291282264143
0.23120611552151626
0.23132849381195628
0.23237940881126887
0.23187669651954892
0.23147531474964358
0.23113470694174126
0.23925941193182534
0.2579985901609516
0.25977481566512467
0.2590234683128707
0.3106359637566259
0.2537963301049455
0.22757043256583306
0.23035898881268788
0.23163142262915687
0.23118559282973536
0.2550440567946398
0.25277014707279055
0.24781573818340283
0.24666423009370067
0.24655862003052453
0.24934260574814004
0.25687951210197213
0.27858040583178423
0.28034366211415634
0.278709987959229
0.27307350569843425
0.2545863134585694
0.2553059002436024
0.2552805303632905
0.2646889578251918
0.2837004894473989
0.2833807023325984
0.28315436537196
0.306175942953928
0.2861238230551357
0.2869240264059356
0.2868160849336556
0.28350626913771393
0.2543792299610599
0.2537993913701416
0.27921897937900564
0.2805377446683961
0.27942504285138925
0.2770426447715877
0.276341992799814
0.3010402619992135
0.30164463224275
0.3020726459777756
0.30262930648737696
0.3378186687332872
0.3395324988466369
0.34027149632088743
0.34149233029505893
0.3556889571564361
0.3531843588911461
0.352291347031607
0.35254783382683047
0.3520163499685113
0.3528336551867071
0.31530312243660413
0.3181182617392339
0.3195270793342494
0.3206551401721449
0.28495304749468714
0.28609634743568013
0.32432743403890485
0.2905638920921238
0.2917589276068609
0.29150753063087476
0.32929757797363945
0.32989601909159505
0.3291449654599405
0.32849361937822485
0.2906364351097994
0.2894382089949157
0.28788084868322567
0.28737892229911366
0.26295494714200773
0.2641873441340961
0.2800861580510071
0.280299242212065
0.24425203273694765
0.24530984715718737
0.24601880491006162
0.246669155445419
0.24102266547798787
0.24047414978989712
0.23967395242171108
0.23913691964790817
0.23494811805618288
0.2365772147467831
0.2384011652879423
0.24035112229333497
0.24016198023882623
0.2391614168687302
0.2511604200570268
0.25228923011360305
0.24267924934343313
0.24258558091016258
0.24232224492195037
0.24202434021774877
0.25193962684124716
0.25248163396089357
0.2533980475423417
0.2544005513955474
0.2641531048353339
0.23649240584779468
0.23376434580611266
0.23507611453771093
0.26109427024559234
0.2585209234726879
0.25679012935817064
0.25758158484656984
0.2560151944002638
0.25667367882478265
0.2571979317288937
0.2578965961886744
0.26399042672026285
0.2844881360987114
0.28453529934164706
0.2594797829158073
0.25434131120050735
0.23283733690600583
0.23092992957752034
0.22920170109782906
0.23408597703222686
0.25354585677066105
0.2536210281507771
0.25374449670965493
0.24938799730594347
0.22934385701807444
0.2285794669922317
0.25322988802371066
0.2499753225903665
0.24967830535969088
0.22094568341905813
0.24672667109959484
0.2462250223910934
0.24484400594150102
0.24412943300276552
0.24373277315125766
0.29830262888974424
0.305105214909299
0.31387688777425604
0.29741759467330486
0.3342084307516345
0.3367778567463941
0.33881520630336814
0.34066079150018763
0.35846192317312714
0.3591160578452252
0.35984579989042476
0.36151909220187856
0.3604080489506466
0.36123399830438935
0.36016783311782424
0.36170632701801797
0.3583845601216374
0.3587895770267407
0.3590668207538131
0.35905303014504686
0.35700021699025875
0.3917722133726438
0.39208308672635966
0.3926403593960808
0.35082609374173984
0.351720989216035
0.35201256615727516
0.3273382193527471
0.31091386044252933
0.3103730245340227
0.3108019592655316
0.3112703924792247
0.2672281746416137
0.26649905462953977
0.28132904890809957
0.28373967289077145
0.2581008784044658
0.2593168788296468
0.26204271142944185
0.26347985499445215
0.24319378922413298
0.24170583450756314
0.2402823736632055
0.23909471462596374
0.23374219395506116
0.23402351760140505
0.23420836107499302
0.23466441332562735
0.23439684367278443
0.23489862321637775
0.24473474179586854
0.24600532175917603
0.2508232266234783
0.2516984487290985
0.252544130220228
0.25344136972535225
0.2502206945010138
0.25034530657675846
0.2513823136090425
0.25170584249624706
0.2647344099314342
0.237167788489327
0.23776054615620454
0.23904669820644733
0.26908885155819207
0.26719060797526895
0.26530513719644366
0.26268289054454
0.25637841072465245
0.23303132478284158
0.25801048205921784
0.25988707641666126
0.26796923734277195
0.28983461590442483
0.2905896731789359
0.29069283052268535
0.2860171988475872
0.2646870862721873
0.2893455033279942
0.2878756326887946
0.296778298853818
0.2884271269442502
0.28758954229841505
0.28673780937804555
0.28196260840673154
0.2614554440094374
0.26067239782416685
0.2603409801685521
0.28533322236015946
0.2848283650777697
0.25591246062671696
0.2566548276636126
0.25789314586387596
0.25745822783210676
0.25708541983599165
0.25706670824776995
0.24307980193522669
0.24340085658871854
0.24352680658557851
0.24453540023731582
0.2638179462574819
0.2641392257550075
0.26449338545983964
0.2666599862703165
0.2776719285213078
0.32106374065775406
0.2792441191328564
0.2808516920476693
0.32422117654720983
0.3207430287015343
0.3622428571682516
0.364825263134448
0.3616005831855172
0.3625272044000785
0.3632631988136628
0.36405812351023287
0.358914664332613
0.3585477681302532
0.3597004025842175
0.3610404779320809
0.3544354555018836
0.3554627211534821
0.3572940262378475
0.35195322305617893
0.3067665814479301
0.28788368795616665
0.28818185652483824
0.2884180552899767
0.2635990103807256
0.26391960607679155
0.26416976467966463
0.26445165268580656
0.24356942564746872
0.2437668272065837
0.24401407768952715
0.24433766121458236
0.2400240140427791
0.2411936824638048
0.242278191102442
0.24357534764673713
0.23873968198208767
0.23906469858911727
0.23934248017614757
0.23961735590687044
0.23996958359884835
0.2403482384090442
0.2405539240087859
0.2407134606299367
0.24169432829455417
0.24097385449887257
0.240708030716441
0.24055902903363202
0.2503814947218474
0.25070254883558096
0.25129660456075054
0.25194702830119015
0.29391995845593843
0.26329818653282966
0.2621287727099259
0.2649861894103696
0.29469067275581956
0.29496810648779265
0.2944556329328699
0.2922640509429848
0.28374011219334216
0.2597774446902789
0.28324845830971923
0.2840320370135515
0.28719388762328163
0.30519147369834976
0.33064495036372465
0.3329497137031187
0.32987777551562525
0.3079598357271472
0.28074438378447136
0.30919562189488287
0.318910319400501
0.33961085177720396
0.5587612868328601
0.7041604928865262
0.48018891322738133
0.3320594990432505
0.3576674424473858
0.35577258321955774
0.3511435364885693
0.332096863449899
0.27820364552497523
0.27845941018998344
0.2827871151906525
0.2814806453950547
0.28039335778590807
0.28118384891896264
0.30424500971792295
0.3006123956016586
0.3345155917260066
0.334139935467699
0.3763775206848302
0.3748871685964422
0.3753886590874795
0.3754082041011288
0.3512688182685764
0.35127092420371553
0.35152490913909357
0.35238025964613345
0.3109809265821004
0.3133008761769418
0.31558620760426176
0.3561378025629127
0.355302474122312
0.35464987759727573
0.3540646003449439
0.31966404749951255
0.32160934369201505
0.3225374811018641
0.3566411641317951
0.35653638384684855
0.34999316292535637
0.35022169025589367
0.34915035332467015
0.34699444891704223
0.32210653259799005
0.3211769516069165
0.2999924544181197
0.30027408765900915
0.2554035920534909
0.25487698538702125
0.2544655116249406
0.2540479773382826
0.23314528280397512
0.23352604320855755
0.23409802700283183
0.23489714625524227
0.22930831583514946
0.2288111075477969
0.22829226569119582
0.2276696802090817
0.22242980806794607
0.22266694271011686
0.22293691830739562
0.223221364518216
0.22248267299508573
0.22244003975394216
0.2223975627051255
0.2223654914926811
0.22393194535481134
0.22406350914416984
0.22410986371240016
0.22443436243108794
0.23390843722699803
0.23368225812081517
0.23369603527224142
0.2337722245315158
0.3163892099530713
0.2482574074521027
0.49296314688108067
0.6394632983039448
0.640697543631782
0.4222364488546794
0.297007518353954
0.32508249790080396
0.34591845116472
0.3454394548445487
0.3272158250500398
0.30124741326542276
0.3069722884158873
0.32579240780526303
0.3248860599254291
0.3263131393129584
0.2982119122365862
0.28063492373421356
0.28059289496622164
0.2804902505373076
0.26233693388073803
0.282719966014215
0.282733016221215
0.28225191870257516
0.2794391079829662
0.26016399824547665
0.28873093323652527
0.2890747133399802
0.2861390018673034
0.28519935980845285
0.28459111193121955
0.2840814351615717
0.28852407974272815
0.25805914725683304
0.3177467556934751
0.28648419275543985
0.3095374921714544
0.3093171219096989
0.3092677090151111
0.3088255602471265
0.34272435523795497
0.34401316333983056
0.34518994667934705
0.34552219236208837
0.36233835730741004
0.3625008114441791
0.31891977120821957
0.3195539879113343
0.32179335135958764
0.3222703746900791
0.32251494983379614
0.3226342591854769
0.3219122627458503
0.32239643535762014
0.3229031241174756
0.35921207947957756
0.3568919115167519
0.35740958021647773
0.3579139701586547
0.3571361859420425
0.3507676531295364
0.3522092885760518
0.35082359065651797
0.3488374431636102
0.3045486614901727
0.30285721281022804
0.30186881522231857
0.3022317415088823
0.2737004955543452
0.27337189746211366
0.2729897778177714
0.27203862647282095
0.23493105154033958
0.23558969567389365
0.23613969439854118
0.23658760302875836
0.23127661793673301
0.23114113734431055
0.23098045216747645
0.23083338463578626
0.22541468344366897
0.22536134911211242
0.22531624755979984
0.22528235801036203
0.22449469761182667
0.2244698000182849
0.22427170569935342
0.22431868753252368
0.22603174932262451
0.22633072407640453
0.226747440279337
0.22720480176540395
0.2552034722308878
0.24788403630443287
0.2718976348618897
0.2716033559176144
0.35011756498589186
0.27602820966351627
0.27435677401589187
0.2784095735321076
0.4986852256677526
0.6455169116188855
0.6713222110822744
0.6673389356116315
0.663247155426621
0.4440421383255903
0.3159086099414493
0.34181360129973604
0.3461581249293325
0.36551244528855587
0.36520105715601975
0.36440920411715094
0.337404449214296
0.31736918258895674
0.3167754119087716
0.3165227611837679
0.3260702618568456
0.3453888676679525
0.3434681515019805
0.34272439071098676
0.34623588799021954
0.33639570927073564
0.341210048470862
0.30943300840634236
0.2717979648985166
0.27036557664550503
0.2688129580275043
0.26834461229154843
0.5185990398921616
0.6841224744017549
0.6918429852140003
0.4475913740066958
0.34864071182040796
0.4100522010456792
0.41651647762438665
0.4265684885186852
0.44498815702733363
0.38939838204593524
0.33219646871017044
0.3345859819064824
0.35261942581277567
0.3525993397238828
0.3540693784848526
0.3542327204068505
0.354370239272948
0.3548906954159841
0.35536566852568935
0.35628831514696263
0.35320075683619984
0.3155607858295997
0.31706892784328167
0.3184897500423119
0.31946943592940885
0.32065464133775834
0.3217006968822829
0.32253917041450625
0.2984820940196868
0.2994685363581604
0.30095474767162983
0.2977308210302153
0.2862782088557514
0.2845678474328113
0.2839929947045135
0.28365207475306714
0.25895800469835306
0.25920935989694166
0.2594448278260204
0.2597197164579004
0.23895796499492064
0.2392782590995039
0.23962015417516602
0.23999562483177045
0.2351500098159939
0.23550385603160798
0.23596698978500188
0.23644971843537615
0.2310113910520295
0.23080030812979685
0.23057312522237206
0.23035650486248
0.23086487363196428
0.23158479395973913
0.23221253740490622
0.23285208092969928
0.23467174370304195
0.23519233492871808
0.2357657240840148
0.23635305841267282
0.2656625284020467
0.2650500230721512
0.26475706406358485
0.2645524945136014
0.30823997493305183
0.2573658792023225
0.2579463826211146
0.2607204703563657
0.26380080104088893
0.2635168099206362
0.26111588756038145
0.2645647467711598
0.26350055505248876
0.2628674133709236
0.2641380670191134
0.26456002059326245
0.31901492292987615
0.3118771549746762
0.3042859925279713
0.30578715040331106
0.3094719671101924
0.2903857691033392
0.506622751379534
0.6500831539683236
0.6605813196524
0.46200211014648535
0.33562110994415895
0.3626514971819502
0.35850421103302144
0.3370478501139615
0.3179911374286724
0.29086399986886485
0.29071751373520927
0.2910468017119474
0.2910276900379906
0.29064363288091477
0.2944198112017604
0.29330889299114693
0.2924318546190944
0.2914938816720312
0.31389393667759957
0.3134339257946981
0.31346537919811
0.31388989323335886
0.34707823259984066
0.34800208031216806
0.3493277956992732
0.34896920519523644
0.3672097132376303
0.36801598233417965
0.3688855170360793
0.36955643883781775
0.3684652714122913
0.3686676824717341
0.36889122263722257
0.36918148781231264
0.36584793198650517
0.36653134169806023
0.36717749708431563
0.36784964248100277
0.3646914533976481
0.36428305154665336
0.3640447434289206
0.36394524333551986
0.35901580391238275
0.3593622747673125
0.3598478623558631
0.35644986959550673
0.31189750608830485
0.3115190978522073
0.3117457766997655
0.31255596962949217
0.26845096110971794
0.26780069318279237
0.2674411749565739
0.26896525170004865
0.24788922343963654
0.24757657837669533
0.24639057865037076
0.246049051456193
0.24095842642078572
0.24132140650593462
0.24173178984072943
0.24217636571261175
0.23684243115234507
0.2371367661636658
0.2375644349804137
0.23817295037876468
0.23786665551208216
0.2382979330537249
0.23874618728235042
0.23921588056063553
0.25155221873853584
0.2494600399888273
0.24860004589895854
0.25093433673337506
0.26771228880570763
0.24818167925527954
0.24693621065400842
0.2674113795055574
0.33581776426762017
0.2830893647666708
0.28412952367979577
0.2864818837161483
0.2885646049276376
0.28884143934697226
0.288080058355123
0.2869747394659142
0.28016545251861746
0.2781097950332206
0.28051471534702077
0.28007935365050113
0.26117583752657797
0.28291345441699695
0.28418408058288425
0.2844410723357354
0.280922209816499
0.2605308661939807
0.25966444286885765
0.25897915378360575
0.29562440577561333
0.3149326646058736
0.3146810795080484
0.31516268332103886
0.3133478309234739
0.2952762852750095
0.2970750369281131
0.2984304826434886
0.29531694544028697
0.3209540095645904
0.3193771839035516
0.3181826432253329
0.2935946556554148
0.29287595769638536
0.26223935291738926
0.26271349457449006
0.2832831866856082
0.2826466870750234
0.28463799838674336
0.2861858640257218
0.2738865020627006
0.2769206524120397
0.27886243245152603
0.2788601909260445
0.2921416794560601
0.2929007833043115
0.3369276525221309
0.3366078092813701
0.33968252395803333
0.3405542825201001
0.34154213385950294
0.34230248130037916
0.3418026524150659
0.3418052064922704
0.37349564911170285
0.33435030343715355
0.3355059386952271
0.3366016761477681
0.33761830338285576
0.33859553117055685
0.34285562398784186
0.3434684642590288
0.3183691374328796
0.31509561725890955
0.30224990565298987
0.3009691014981808
0.30041969073721003
0.30028124357770614
0.27566000503211135
0.27611075769721277
0.27668751991913054
0.2774482439566215
0.25671260404257923
0.25693619305716964
0.2570157648941462
0.2572663724868349
0.251587759293169
0.25164634002267783
0.251522912587338
0.25136831876233034
0.24644062592658808
0.24700096913497444
0.2476111995827105
0.24808043265417107
0.24772307674567115
0.24802730240528784
0.24831229190219276
0.24859232799349876
0.25054148339766436
0.25107566094281925
0.2517162928702801
0.25239203741369753
0.26128384991631504
0.260162475378279
0.2593179537330126
0.2585373945597103
0.2872402791498855
0.2683176061544461
0.23978295654617485
0.24231155618011746
0.296680448172546
0.294714583215041
0.2932849551733386
0.2904958103070776
0.283537647388375
0.3079072425549717
0.3047242040749472
0.3066764796398253
0.2659572385856248
0.28862039196599554
0.28954724738823445
0.26482426440257223
0.25942675252711556
0.23830888196831684
0.23704517039520112
0.2362901947865644
0.24360853738697286
0.26257946610754523
0.2620764313167838
0.26134908725083644
0.25529204645161413
0.23528861733134362
0.23488125769427443
0.2347852546090759
0.23356738478364655
0.2317626489168144
0.231082094866189
0.2300219913846908
0.22618839442093386
0.22477602527038165
0.2542433987876649
0.2537577374533231
0.27452093616048595
0.2753324877024462
0.2762355771332202
0.2774416434386775
0.30622423786199376
0.34923955001871126
0.34972283375701024
0.35055191925113754
0.36795193665397796
0.3685527660212891
0.36798011115956947
0.368639266806265
0.4067350796927709
0.40785078271666325
0.36968478645840286
0.3714519713665926
0.36760831288094137
0.36921235665600816
0.40599489803387834
0.4061914734266871
0.3666196156727232
0.36743087818390235
0.36783581071481936
0.3681524042435579
0.36240801013274826
0.3629524070357747
0.36399328450704194
0.3368375505476845
0.3001898569631833
0.3015836016448044
0.3016813425062619
0.3038668113201086
0.27943791450059874
0.27975466745547034
0.2799000569191247
0.2800547929043952
0.25992075609287096
0.26103277751967957
0.27217970145217346
0.2714780304136152
0.2641093547416381
0.2637515345978368
0.25100692219027776
0.2534955335828811
0.25020041791071657
0.2511237029861237
0.25170870751452046
0.2522018387767607
0.25212793109966053
0.25281598272656014
0.25349649729862106
0.25397584463165385
0.2557641868250276
0.2559849574539241
0.25627901002977654
0.25660583583495716
0.26621090463854724
0.26676145193171663
0.2674091154525408
0.2665973667042792
0.2814561440316328
0.29964396854484676
0.30424823722437355
0.30573896559955127
0.28230962803250065
0.2834676163946954
0.2813609779030589
0.2818450019094941
0.27410457624818385
0.2704578635661135
0.26896518550724274
0.26619425310923933
0.2744329459822851
0.2956626533515145
0.2943605702592884
0.2942415902346824
0.2904131203154211
0.26804718898426705
0.2682916637738036
0.2658804930909583
0.27378845697093307
0.294662962475998
0.29232742511226123
0.29240280252300854
0.28804090795899917
0.26633036889415823
0.26407295514937174
0.26478027626184497
0.2632514009691474
0.2629750278978039
0.26310942949823973
0.26275171180268264
0.23385765600690336
0.2339953748341541
0.2335541927873015
0.2328155512538634
0.2819290951044276
0.28132340500801756
0.2811768344662867
0.2813210182271712
0.3066886316068749
0.30780881401183025
0.3083547208009316
0.30811696856469234
0.32285985588409477
0.32352390787096597
0.32428252083080494
0.32398060615486474
0.3275294317966739
0.32782465284435236
0.3279597333192727
0.3280660582573685
0.3281094686169401
0.3283555289847055
0.3290354603559843
0.32939454237453003
0.33001307749379927
0.29589806043569256
0.29614202732352995
0.29609393380337506
0.30823678972545654
0.308622713347859
0.30953057615097024
0.306129484883123
0.2944127297332192
0.2937183423837398
0.29361086061484365
0.2938221687906404
0.2682298599848997
0.26734093798788894
0.26612840603678667
0.26529085816231807
0.24377670307547006
0.24332351011184628
0.24287552435434032
0.2424418818038096
0.23713258740218918
0.237239390750326
0.23737400894187294
0.2375280119470763
0.23192387580582077
0.23181063257051546
0.23167524013086313
0.23155171254162918
0.2297496972313296
0.22939464831093664
0.22922089683884678
0.22910152557588742
0.23093232853726683
0.23145884579890855
0.23205507349127313
0.2328511914379296
0.24182182886613438
0.26086222065578407
0.2599790620904667
0.2593031665585062
0.3059036942167391
0.25299570900280527
0.251961954139755
0.25483176652883166
0.2833269249363732
0.28281653093367226
0.2850323365730387
0.28619644904822705
0.28354716046938555
0.2848286219668163
0.2831008435698793
0.2827443920887425
0.25949874584823673
0.27726346887780273
0.27695010267530923
0.3081582209105531
0.3051124411158552
0.2813508228689806
0.28512011537295
0.28501628404514934
0.2930305639964342
0.31239071250096
0.3395287227420674
0.3388326627237502
0.33671330974470065
0.31447586062618466
0.3124247408546697
0.3110520802864218
0.2818627791276394
0.28211378578667085
0.2543567089260828
0.2537476405545625
0.2545270344538331
0.25341316380003553
0.2536821152567921
0.2536186608230346
0.27356167375495427
0.3042615921252783
0.30535151208409117
0.30833119600651393
0.302295559164474
0.30539929240771674
0.30176907961804655
0.3428982858790347
0.31369170599595864
0.313134105540115
0.31592677992656054
0.31850480254962504
0.3220252381524462
0.3208030571539766
0.3228420059119118
0.3237119632535023
0.3241395786378891
0.32501172891134156
0.3258919683305592
0.3266512139426252
0.35852780007514545
0.35671330721075
0.35623188169609726
0.3217577789214191
0.3528187350715795
0.35402085960050456
0.3784051497464611
0.37227389457228804
0.33962001002663156
0.3437974300899458
0.28731486371979115
0.2888805460698809
0.2813858704979828
0.28124107772590395
0.28099249792998576
0.2807741313558246
0.25689870226458833
0.25708422066645925
0.2577821622256836
0.24449166220957236
0.2395855225381471
0.2402324278173592
0.2408735774205649
0.24156638906692185
0.2364560729308585
0.2365764608740794
0.23666551464654503
0.2367536790852065
0.23644066369344677
0.23673512191687193
0.2374326753391345
0.2379840815088658
0.24087068785292876
0.24223184777910223
0.24369922673945071
0.2452322431361791
0.27189878455338007
0.26914694699985836
0.5069812595272548
0.6516465940841721
0.6954069741561079
0.4341203537418216
0.3042383379216367
0.3322140731701826
0.33191240475012596
0.3312763999083806
0.3128752676966671
0.2865691685498751
0.2831358188282104
0.2827887093189731
0.28252152077124787
0.28295051658645626
0.2643053725414753
0.2850751733186453
0.28512977976101694
0.28441527192230565
0.28075564955749716
0.2603187875127698
0.25920276843790946
0.25832560692795903
0.29162093438008224
0.30796971026353925
0.2770861573648631
0.3051376905586381
0.29992322147140643
0.2797725564958822
0.27894461157612693
0.2781956036510119
0.27698849666824094
0.276942279869438
0.2759828371792219
0.2747374613273694
0.27687263428459713
0.2751080823925469
0.2741675229486266
0.2761965153954683
0.29901454140633515
0.29762233019231954
0.5233371836076428
0.6743637103002378
0.6990813410852822
0.6989958354791849
0.7000812771599004
0.7007274738067565
0.7185307435664768
0.7184755287015693
0.7190212624517324
0.5003479740733421
0.3720513783409952
0.3994977781146571
0.3990757759876024
0.3995292907762196
0.378992005663344
0.3538671817889321
0.3559883745716606
0.35705478036805044
0.3560841886506695
0.35782863844179874
0.3581618213795376
0.3593867665706409
0.3539034153435183
0.32862639799807314
0.32943953305943435
0.3280183338625033
0.31070984331291585
0.3293270422944283
0.3293116858791908
0.32954073786648214
0.2657128934076796
0.2663245617575106
0.26671206237527356
0.2670618904277748
0.24697281303114013
0.24807539626988417
0.24921632643539385
0.25038533966034404
0.2457827763403039
0.2456958385415602
0.2468375402757789
0.2477127616019135
0.2429941665469468
0.24360877860111368
0.24426789096724963
0.24499392484535856
0.2443959760341122
0.24465094828524261
0.24486224936706225
0.24506335808852364
0.24637661295367086
0.24613269843130597
0.24594226252872084
0.24575619412901642
0.2549949393601211
0.2546019028216926
0.25432293253718974
0.2528542040421101
0.2932115778664964
0.2383864218724219
0.23844533448986768
0.242142143034079
0.2732245589346396
0.2742685227531909
0.2744481240810556
0.27422205822790213
0.270498561871136
0.26909104862374944
0.26847663811613376
0.2728902213186625
0.2973318915238119
0.31616810390931027
0.3159679012182026
0.315700781675674
0.2877215358529266
0.26720059207319174
0.27140448150332036
0.27146430701634294
0.27838200911994504
0.2972317419676931
0.29763256538074906
0.29802706768939613
0.2982247360292489
0.30997817578808223
0.30170336897358246
0.302389832019229
0.3016738921868703
0.3030193231692188
0.30427435543091713
0.30547158756819104
0.30805555709225535
0.3046604897436963
0.3022212829708586
0.30038224909543576
0.32339755286862076
0.28909211848170707
0.32138318603431293
0.3197163882695866
0.35186791012436575
0.3528191805175823
0.35589675571546536
0.3585519376229862
0.376605843390348
0.42143693381673797
0.3768699968842023
0.376159363202893
0.3743585909975814
0.37425630747423605
0.37364426454241856
0.37344833833922564
0.37028490727757235
0.3722267096330284
0.37318775049779773
0.37434052022694153
0.37238183085159465
0.37287922509891785
0.37172465757932976
0.36835532000182825
0.33739452970964773
0.339487625926756
0.31452539759572584
0.3132168108709397
0.30148588847972396
0.30019422839140153
0.29954463850413293
0.2993227151767365
0.2749847425468375
0.275734051458294
0.276521356003757
0.2773903553492915
0.2563316911730371
0.25615061866061356
0.2559463375170991
0.2557785599207751
0.25080502825801776
0.2515041987187978
0.2522689182741312
0.2530961958610033
0.24873171557749107
0.24981457796167691
0.25099261353570324
0.2522685536918062
0.25252914542880495
0.2525666630423332
0.25228431697520204
0.2519935744768922
0.252724038721538
0.25198995059185225
0.2514537491069842
0.2510560561505035
0.28042915320750106
0.2787875004946564
0.29774014844586927
0.2996286544906048
0.3136838259327407
0.2959366177300624
0.2972212117224211
0.29939525481162
0.3256930973704531
0.3236293925064709
0.3217156355368569
0.31730240995914655
0.3054674170218515
0.3016318662610994
0.301334703241756
0.27729012264981656
0.2850502141008126
0.30773480042087525
0.3057198255416258
0.3075938768332268
0.30693419049927895
0.286670346580597
0.28502636994579783
0.28439516923080527
0.29278181326268926
0.31222789368532977
0.31200250047528316
0.31178635927512366
0.3096429797063823
0.2900935423507048
0.29008587241170203
0.2899457859737473
0.2872527680113417
0.28539192312910017
0.31283764676138087
0.3122620285709471
0.31760126312930803
0.31640790923997325
0.2849978529000458
0.28461722602750145
0.3066135149654025
0.3060000298613756
0.3063156452797722
0.30703645934146945
0.34108599705127257
0.3839309560499754
0.384447614964622
0.3849908722886042
0.405891132254334
0.4067007407414842
0.4077836300992418
0.40922621292792305
0.4051333822397812
0.4042916615762492
0.3640567966601281
0.36705391361990203
0.36310660621845064
0.3648069629381731
0.36516646600192015
0.36637443694584615
0.36473292577235605
0.36432162265562096
0.366589265341707
0.33506852537873566
0.340111150400101
0.33993003750067613
0.34098009254339134
0.33796826630884746
0.2999366438503966
0.2997439858606571
0.29961232260036763
0.29986070398797
0.27515937277450214
0.2753156577501338
0.2754270659610519
0.291591383994969
0.26789660692242984
0.2689261250538244
0.2702015847968435
0.2717080557365619
0.26419782047357127
0.2660644593691703
0.26692569220751194
0.26771211201538797
0.2502555472601243
0.25056710090256645
0.24942261002271846
0.2579956208592957
0.24893817525897544
0.2502886411606228
0.2512131429506031
0.25188133423934966
0.26617266551277297
0.26628943938086197
0.2680108067426122
0.25386486143318493
0.28562214753371934
0.2667046609935588
0.267309997763941
0.2677267042104236
0.24872529966644846
0.2733174869842089
0.27403110959259264
0.2758344501822361
0.27516487760203745
0.24047658042341996
0.2328343280018361
0.24156388362197184
0.2403127055334627
0.23868663497651338
0.25981656797096747
0.259697561341721
0.2673953434271103
0.28706049904288833
0.2882628628716301
0.2879784138207981
0.28400167319796465
0.26320579667889077
0.2621015654374123
0.2612725159914286
0.2696525271621591
0.28876039307678136
0.28782123387634684
0.31513225912078
0.3102259619514586
0.31736456494886595
0.3161814418235625
0.318095295499517
0.31444657508632406
0.3138287042093441
0.3127164140615568
0.3105356712651294
0.3140300674426988
0.3196443455269926
0.2916771165281849
0.2633534481558631
0.3182311251285688
0.3185943135732626
0.31882508577514235
0.3197038559296955
0.353306209484705
0.3550366009791525
0.3565339901532713
0.35789581718551766
0.37312850159349165
0.3744761667681396
0.37591665843685296
0.37669962252251504
0.37671559038478464
0.377614648204429
0.37842366952888457
0.3791723492899658
0.37543538213295047
0.3757722287994149
0.3713354738800616
0.37100277636634316
0.368808320207879
0.36915747927478587
0.36988099327767204
0.3704060299062993
0.36591015700036716
0.3665616484914173
0.3676095596726589
0.36428224413855353
0.3188807605722617
0.3346047296132821
0.33779127025251543
0.3377858499024477
0.29042826113380327
0.292587163332039
0.29249921252736877
0.2926568197429201
0.27048391322533055
0.2715304969288585
0.2722395514241247
0.27288196200627124
0.2540184867513084
0.25429121523022563
0.25432064740934945
0.2546315976973459
0.25030503014810573
0.2515169275163443
0.2528326577554144
0.2542238723882478
0.25427733688595133
0.25492777263752686
0.25553639909244996
0.2561350123981
0.258111994858977
0.25881838097285714
0.25963943492625224
0.2591177781191587
0.28601122739884466
0.28679161055465047
0.28365815271902245
0.2816095653375801
0.3373683364922768
0.3279548309173654
0.3293241064640231
0.3059323773516838
0.3085193336957083
0.30901373997733395
0.3080541209639075
0.3065293214371296
0.2748297173615424
0.27237272934864915
0.2700307493333513
0.2926232561609405
0.29652474027015935
0.316070560463749
0.31594329309383695
0.3151926960836969
0.3125708324370854
0.2654580873679987
0.26467210229481614
0.2625515502158074
0.27102551270472447
0.28996733375177963
0.2869721677566717
0.28498298265552274
0.28080603664020093
0.2568731922983361
0.25780975505832393
0.25696593600052314
0.25407007116340874
0.22527166292311335
0.22417531648996694
0.22235256359198996
0.21963880816556636
0.21773432695264572
0.24700326348857596
0.24557531456712114
0.26408925355573315
0.26365669941052905
0.2630474958709422
0.2640448348690951
0.29183744698045166
0.2945320675372426
0.29658389873307955
0.2984129710836986
0.3140166372423996
0.3143591706927296
0.3152214480842566
0.31581253280596905
0.31837142602202295
0.31839677884062134
0.3183970723366449
0.3157261298523573
0.3138871602240987
0.3147962911720054
0.31560038890803443
0.31801994353420526
0.32064082773529134
0.321914894011782
0.3224533503726098
0.32277664356871855
0.3248653502587443
0.3250249899463743
0.3256904530718247
0.3241402853406597
0.30584843108490783
0.3054059465884476
0.30525686007987296
0.30540095735718475
0.2601448248086554
0.261407780512739
0.2622659151828349
0.2633616653381751
0.24269806357620102
0.24292654239675773
0.24311500942867825
0.2433119251962129
0.23788272572622157
0.23779766938124655
0.23780687035426645
0.23792046524353747
0.23303877114054714
0.23385660809865244
0.23482449123408075
0.2359782962489923
0.23587436024335176
0.2363959563034241
0.23688450632491326
0.2373637160331359
0.2386662758794553
0.23833774892021348
0.2380475492628665
0.23755473170167868
0.24746551695995667
0.2478767599946609
0.2485696998046691
0.24676669022003556
0.3297718736518882
0.28717541788313466
0.28623844926669045
0.2862731348280419
0.2857832797004633
0.28550896404302895
0.28054840524677604
0.28077596389553805
0.2993788009658213
0.29579848229896416
0.2945352167006057
0.29491335666940877
0.2967029366244022
0.31933623537214234
0.2955543478654121
0.2944708970209218
0.2951436396074146
0.24897258596697755
0.24672128918409922
0.24647363506239497
0.22528075609129755
0.24412581300797634
0.24103040295666256
0.24074045390559862
0.23773156533104903
0.21757268158337026
0.21677165681586585
0.21527617283647452
0.21367398930275514
0.2138012791457548
0.22062679974526156
0.23170531075782447
0.24870505921590227
0.26665063585228294
0.2736293764688574
0.28007050174147896
0.2977175031217974
0.29649198558904166
0.33498728750928214
0.34940983933469005
0.4292283982704514
0.4223117984799221
0.42261289256041207
0.4111519406447445
0.4215580626586123
0.4283977461821203
0.4272543797661096
0.4199400558669812
0.4201115656617279
0.41064142446256163
0.39533856299830117
0.3841875727105524
0.36204903126848553
0.3528414106720931
0.35001438121789896
0.31006225552528
0.30495995753126304
0.30730764096054136
0.3093402844905242
0.3101910623684181
0.30859149089130955
0.3226763386953685
0.3331599929309735
0.333867660297956
0.2901881853270374
0.27003526196852395
0.2696481970573916
0.26996328651397394
0.24569417600406537
0.24679291521004523
0.24785339916588442
0.24894906297046157
0.2292501347604331
0.2306859227255302
0.23216320283371006
0.23368956079550515
0.22830224777365815
0.22784697313590552
0.22729689713655027
0.22673495437051408
0.22261458219112515
0.22462448181823283
0.22680564856504554
0.22911154107570278
0.22902833433485154
0.22933353773240905
0.22955487591140958
0.22976586394860848
0.23137978639320383
0.23150278134584057
0.23156003677578813
0.2317908602053861
0.24172819980726729
0.2421412390577492
0.26281477639261314
0.26206244827371206
0.3330379691917734
0.2833853776573975
0.28108106139656097
0.28320502107099527
0.28729609934245104
0.28699690850583265
0.2864954106345211
0.28751311333184976
0.2598649096662174
0.26077475687627527
0.479956244259543
0.6251260401824789
0.40961513680113587
0.30141573882478606
0.32789934017261224
0.3246436124996591
0.34394691209731615
0.3052432197073783
0.2787947184335992
0.27947937413875196
0.2880120402283433
0.3107780865422499
0.31124433534500817
0.31022256319585334
0.3044620206215757
0.2845164456180359
0.2834338133804746
0.28231636055140114
0.2802797360766906
0.28035016131312884
0.27729135451232567
0.2744755877796835
0.2800060563054787
0.28061731378820703
0.280628260687009
0.280701663825192
0.30393039982357933
0.30431370445304484
0.3030450861159826
0.30174455181504967
0.3313582716059226
0.332592124335663
0.2922233253646728
0.2932114811310642
0.3102570323364358
0.31219490448868764
0.3113035310527465
0.31302807895655876
0.31649895381724896
0.3169624897963152
0.3174434768396732
0.31683529854468556
0.31602741612881813
0.3514673482628116
0.3175275275962524
0.31865546475983103
0.3202836290899274
0.32074461951665884
0.3554819647539486
0.35574602725994764
0.32286487900882366
0.3236615475014135
0.32496640242051295
0.3206464754111167
0.32195492707646745
0.3205289206939849
0.296505145103738
0.29940899312345376
0.2562810334825197
0.25742936837166397
0.25838615160963607
0.25935563750196583
0.2385220679215974
0.23859866119800843
0.23866578527000645
0.23877593065166758
0.234266241813263
0.2355462026489304
0.23687980461772243
0.23827178811763372
0.2322951675439404
0.23143950167797686
0.23082088132138517
0.23058086756666213
0.22969786477801102
0.22966525349178984
0.22958126734169423
0.22973754178178182
0.23164288955935067
0.2321876073354571
0.23289369108693492
0.23255486274765624
0.26362362897173175
0.2641827692887703
0.28375565209858233
0.2652093641219598
0.29855301070108203
0.2586088393475253
0.22976526146375958
0.25845755967680323
0.23372544679307136
0.23390452168916598
0.23362805023186967
0.23319681586637572
0.25352139790288486
0.25005638035153627
0.25063699419478713
0.2509045379290915
0.25587551762766614
0.2762574324976684
0.2766175870987666
0.2762446038247562
0.29961920965966665
0.27828263449772694
0.27759217446023177
0.2773811434990432
0.2847953324368088
0.3028066659645467
0.520316508036622
0.6643024213901675
0.6597844259930696
0.4193798211958553
0.26179632497185384
0.32456148810477853
0.34804385592006976
0.3635896360231215
0.37723591368694137
0.3291438520745859
0.33967389983805746
0.34249954621243567
0.3432082925199936
0.3422889281516527
0.32245001830033354
0.32100743212720206
0.36606608239892774
0.36668342097001
0.3898065089989759
0.36663376557872907
0.3508562957658318
0.33315349646464226
0.5721379136380703
0.7195471410174351
0.4954084559886703
0.3681255672464025
0.42201128912240976
0.43009284350368815
0.4390405619521866
0.39225427037334354
0.3445852471428449
0.3458121779756213
0.34620302869545927
0.3465412617100586
0.31040443776347365
0.3120856540958385
0.3126952247771784
0.31424951184223493
0.31428198836907545
0.3144520170180563
0.3167632376936486
0.31557647435960284
0.27847204908140516
0.29700460904993004
0.2950214056492123
0.29627525792876636
0.25133749629027624
0.25191514248328384
0.25207751496424585
0.2522275277029576
0.23112994378811333
0.2320275565608564
0.23276904982323718
0.2334438561579371
0.2292413798103868
0.2305337794907318
0.2319887150293822
0.23363886414400276
0.22922254992049826
0.23009402986506863
0.23104164231429594
0.2313508250484101
0.23154521382377538
0.23199262664405973
0.23231773016568627
0.23261862873018724
0.2346959232502011
0.23542024466252587
0.23612094381138704
0.2357614607791916
0.26239304890697784
0.26432779349129254
0.262728669982937
0.2601254785956615
0.30623917159265435
0.2555647619399583
0.2535324559350014
0.2555990918281548
0.25753263113309893
0.2571246931778847
0.25402900061699935
0.25152120735578165
0.2220790778739096
0.24530474563247437
0.2464068607326264
0.24743428049866242
0.2781241449203838
0.29815853451624763
0.2981472882539534
0.2976241871930641
0.29606351538898695
0.272764276888269
0.2697923406465799
0.2681476116108997
0.2788104590621917
0.29934511486315624
0.2990648147484976
0.2960383887800572
0.29113356625584563
0.2703688854523305
0.27748098267444826
0.27074969804212684
0.2686747660818845
0.27061234111536714
0.2699984045577045
0.26904948074210633
0.2960954875222302
0.3001981348670636
0.30284962624309547
0.3041412971409134
0.32621979207768875
0.32470452199408717
0.32274593137622914
0.3195914514991686
0.34126833925700023
0.33210661693115856
0.3338778042870273
0.41708471869396735
0.3631844788107126
0.30549898043658724
0.303795868346056
0.30887394567009774
0.5312367814157547
0.6736540892034009
0.7163397690880653
0.4937284125877806
0.3625026291197273
0.4115910876625813
0.4107887355645157
0.40221049950927623
0.40086845125018356
0.4071921825368476
0.407959783385122
0.4082362578340766
0.3774795382437775
0.341456726099056
0.33335359351188737
0.334800284702275
0.3121517257079695
0.31176189320572406
0.2923906230360459
0.2930486725222749
0.26606954187680215
0.26579341957326375
0.2659166473266548
0.26591427406148216
0.22812337604837796
0.2293469698022695
0.23056387421003535
0.23180165684170534
0.22664616630879855
0.22655921982288385
0.22613427217527854
0.22621085596856194
0.22142961738466652
0.22198285726182837
0.2228815263299993
0.22383192395702797
0.2233808022460549
0.2235329171304348
0.22367526492141054
0.2238355667506759
0.22555136967786904
0.22586466237745056
0.22634805598462293
0.22679263710568281
0.23638592511430637
0.23622766150684021
0.23494134255399632
0.25589959621082414
0.3151085078871553
0.24929370201589882
0.24928481536801944
0.2494121682351256
0.24843143201214365
0.25071841465938416
0.2492454129505778
0.24780729218236475
0.26996959170247076
0.2673573574481649
0.2657544879599797
0.2645890993832167
0.29446467407706917
0.31407093930496777
0.3163798542778369
0.31755494631227116
0.3182898479802782
0.29761837681567205
0.29636050387423873
0.29404991117334395
0.5263068545907414
0.4761777205524586
0.36984896225966685
0.4210935057706688
0.4569494914838086
0.4165551260221214
0.359430110816698
0.3595513006008463
0.3700854784074847
0.403820969701234
0.43746712410153954
0.4284805398012299
0.41875773328293336
0.4306642918942744
0.4450479467190813
0.44387655789871516
0.46396909104638806
0.4500533916625823
0.4362347331956341
0.42575554439413227
0.4876041046882626
0.47361841142463884
0.5321858046500602
0.5363264844510051
0.5541588643614099
0.5487674418044882
0.4823498352996435
0.4717629811750617
0.46314974858411
0.44015135528484833
0.4231611091519841
0.41680095191618294
0.4035431944102818
0.3991441711093614
0.3960220376308641
0.3933794583290099
0.38266963828525813
0.3769803260887533
0.3933769462280741
0.39147552107166395
0.3519750833711608
0.3368593692379909
0.28697728420313684
0.2928703949458295
0.2721439396130093
0.2719180602208986
0.27455363836801194
0.27642289387135127
0.2501270311022796
0.25184792387067656
0.25308003030577153
0.2543834270609546
0.23100640404491507
0.23190015272504505
0.23277172292042048
0.23365915511157706
0.2145614218232053
0.21551687382213974
0.2162681761526548
0.2168051975711592
0.21227513555444782
0.21309947212579752
0.21364514217463487
0.21469763962722602
0.21458131162006322
0.21509873206308136
0.21559294580596525
0.2160350058388523
0.21752789159897615
0.2176072327992851
0.2177240987306311
0.21655624475994992
0.26422155005013126
0.2652574332077207
0.2654084498941475
0.26654926572546445
0.3560794030815903
0.2689561195157141
0.27026135538410107
0.27131648948092985
0.29834003528986996
0.2972378821163608
0.2948344900023103
0.2990449668517711
0.3008944284417334
0.2702823252440112
0.27334861716497066
0.2761833861555534
0.2641794415629781
0.2859510066480135
0.28579595017735365
0.28474861892296405
0.2846128251671668
0.2761077552785688
0.28947149499216523
0.2990917898615934
0.3660960262582599
0.415944046829075
0.41751245729176045
0.4396910742773621
0.45313723225169716
0.43984154966486255
0.42837692826902296
0.42353430498653194
0.43384064897107527
0.45515549032840547
0.46651195877159596
0.4827329764888563
0.5207350551216599
0.539916583446623
0.5535695464336143
0.5605669180342443
0.5425960181654897
0.5861149989326617
0.5842473262435239
0.5728104200051259
0.571323108746946
0.4841434164355654
0.44993432550429235
0.4312743266664553
0.37476966241347764
0.3078595702605002
0.2995727823743788
0.2970569535511318
0.29967834520615266
0.29760615707812327
0.29728465305910046
0.29686553428102624
0.2878020204984866
0.2765944282996578
0.2653378711289956
0.3069066774095621
0.30482108098335875
0.36741578886507065
0.37179147711017263
0.38001097485887114
0.32582537454575283
0.2907117695246564
0.27419117689484934
0.26942127146926775
0.2590777275309954
0.25906423292571046
0.25929175700718204
0.25963148466712976
0.2351533123437817
0.23569605812926028
0.23609117496654689
0.23577480133261847
0.21542850755623905
0.21655086309059426
0.2177619476071814
0.21902510148809162
0.21424911325823717
0.21463526887451956
0.2149892780338646
0.2153568395356256
0.210445843678111
0.21071874106852143
0.21121502677806211
0.21167569123733423
0.2115578824501786
0.21224585030559623
0.2129765080579514
0.2137396513189325
0.21635205009477432
0.21759045632335658
0.21897456539312113
0.22029001326436373
0.249675422962823
0.24756434517236306
0.2446632809795709
0.24258848472321465
0.3330699927698226
0.24608727230279254
0.27455534679713667
0.26728413247697713
0.29582322505870384
0.31921272339174767
0.2731069625680813
0.29151785853140744
0.34877841370243995
0.33624476537662346
0.3640648611859159
0.3504215544845075
0.32952282443209263
0.3145554899535719
0.30874749398296636
0.3038648476518488
0.34976349906532433
0.3530574354888714
0.3416810795950795
0.35565326983674467
0.3672885559161474
0.3937944301721219
0.401545499699004
0.3708421861602298
0.3634876022737608
0.34707285493738127
0.35518447003147596
0.4212786722323429
0.4504069369557593
0.45226798104703186
0.45666886492678194
0.42787146556078426
0.4541036680466336
0.4338051535385132
0.4499695559706237
0.45487454607019123
0.7045892429990152
0.8629419732599934
0.9055995286710146
0.6746838753203661
0.5641098745983838
0.6063261532599948
0.6086746306693831
0.5988923048413884
0.5967705566763681
0.586434555130051
0.6005812723478552
0.4849681731739621
0.46414417696610016
0.45097064719687413
0.44025168116485114
0.43146408040702605
0.4204432136894015
0.4122369603813377
0.403675054491348
0.3946122760945977
0.3885573002715398
0.3848782160076738
0.3328708032182791
0.3738706876778191
0.2699333827341663
0.2547635119539288
0.25547809199124255
0.285481154110244
0.2677781688673945
0.24654705068234373
0.24835732113632236
0.2498296839157633
0.2257845327534975
0.22653860817705532
0.22690126078638054
0.22776016445289243
0.2075611100936393
0.20852683018457227
0.20937665533969185
0.21044497352496316
0.20514410708612305
0.2056347496916617
0.20614683044845308
0.20687647122720582
0.2024086628783088
0.20339211252347383
0.20431585237670769
0.20544123401922817
0.20486719299404024
0.2048247086433234
0.20474927091550074
0.20468159190708266
0.20600147816563255
0.20586191773306922
0.2058760908343798
0.2059784192998736
0.21613432594446358
0.21658692901901844
0.21757524176359197
0.21725753628808045
0.3384028918318425
0.2392948968991292
0.24917024995232967
0.25810984892976685
0.267217338618904
0.2679890591613735
0.30242526372122264
0.31799779004504924
0.3010856285250114
0.30940697667991135
0.31196926157632343
0.34936567454376843
0.2801030917750838
0.2821202683639965
0.25981240600902533
0.25516747812009993
0.2573911821101075
0.2376252023877078
0.23906216580624126
0.24940685503388207
0.24126665703115915
0.2665692969274388
0.3190926720841398
0.3344951084414266
0.35021429902683426
0.298532060668786
0.3046501436469708
0.3122689134877318
0.3366623911864173
0.34514430365427895
0.3587886626426359
0.37857175507708907
0.4535333576425709
0.47698961149149255
0.4489499947276052
0.4567791365949511
0.493190970009545
0.5001479605616285
0.4935318308073085
0.4427520245176886
0.43149349792655267
0.4035286908836124
0.39540156927088643
0.37055659522015566
0.43189990440038983
0.4213569703577251
0.42304069124675436
0.49677377365787423
0.5075801026127781
0.5050022832080486
0.4880023657295906
0.47621118950693325
0.4631443281493919
0.45949878510196523
0.40711987192174787
0.40007849995885403
0.3883542338182898
0.3789670351929401
0.36969367012396737
0.3688405814288763
0.29785743303520745
0.2547635119539288
0.25826605178935896
0.2652805343378497
0.2525965234512396
0.25249697203875376
0.2528289371610404
0.25323942884590556
0.228674948646885
0.22936544012390986
0.22996072525014444
0.2305591906367553
0.2102649036565656
0.21093943338894663
0.21039011419295103
0.2116944734808093
0.20737238317511256
0.20820995219666175
0.20900756395853998
0.2098085375488622
0.20523381392300438
0.20602123978967052
0.2066598767665229
0.20746452887045352
0.20722932465720936
0.20768311086549382
0.2081422649430076
0.20861708762001474
0.21048328126758506
0.21083219128357283
0.21126242889481212
0.2117185693957726
0.2213804454490849
0.22114561653208142
0.2214456451004814
0.2218059945506092
0.30016717171193485
0.21089009066815492
0.20952863960299992
0.211446913950607
0.23893203180806225
0.24849497920091884
0.2571035721064478
0.2625399911405256
0.2976414160264618
0.30217061899875186
0.3046690598208161
0.30426164361089564
0.2698364194972648
0.2818482222333115
0.28122994447502747
0.2840325401807874
0.3058541098487668
0.2951894637302978
0.30110336909849456
0.30665836548224595
0.3040169015537955
0.3489117629555394
0.3290282955223002
0.32924556756528406
0.3581411031662659
0.35709826477463236
0.3431251935372877
0.3430044564344362
0.3554775161079425
0.36653098851193566
0.38959701914503897
0.43842969590894737
0.47783572617631365
0.49993364151851083
0.5135472112476035
0.5263086396036776
0.5542655374831152
0.5334421399574554
0.4857878192953942
0.4466718756117647
0.4939997130324914
0.49953579203969345
0.4363468419297254
0.3490714991638858
0.35093014399910716
0.3511315807303142
0.351428691882519
0.35286208353993687
0.34949441681966514
0.3495956705047442
0.35040480148506215
0.3485488387991822
0.3560941362918288
0.34859574178647507
0.35064122416033816
0.34916881199804034
0.34716706472736364
0.30416225143057923
0.30467476151683237
0.30534629768869387
0.2997581288240749
0.29305752338278296
0.30123750397909005
0.2962738725199736
0.27584430878168276
0.27983859678476936
0.2611385539705969
0.261719069993149
0.2376166188469998
0.2380099422944825
0.2382472664317084
0.23757018971627547
0.21697556718161043
0.21774919923875105
0.21890565288700942
0.22023248933939613
0.21543200084535993
0.21585968829061458
0.21633550864840997
0.21689140473776788
0.21160831151966625
0.21171287893940458
0.21201283642911412
0.2124640738952373
0.22256924662605024
0.21550583960288988
0.20322613790037788
0.21034643177500892
0.21381417295200728
0.2146514656732888
0.21521295122351675
0.21570831000207674
0.24630272951756055
0.2272815460581555
0.22853031667534424
0.2282583728606215
0.3576493081375974
0.26936364792649825
0.27304743008011845
0.2718304415238858
0.28547111383366364
0.3133900566632102
0.33310914054472845
0.3210818752064321
0.32532703721231265
0.33204456249237235
0.5656576110944814
0.7240112311794848
0.47436794470204285
0.3723089162478082
0.4308137147431147
0.44326297311578033
0.45884523856722687
0.4498962121011659
0.42312456866609593
0.3678728843731545
0.3646371489566384
0.3900143053089531
0.40088065081173835
0.4129363683940776
0.4217323538588425
0.39799286319254906
0.4007311413537569
0.40759041693210185
0.4238468931486091
0.4415602685717539
0.4599088304763079
0.47887649715632724
0.5137742286199161
0.5335852454053676
0.5455510001291242
0.5557732351520075
0.5932753807077151
0.6005540199718511
0.6015543508336335
0.6042080147231199
0.5574783084621615
0.8151114011913579
0.8968613546553692
0.7113959714842456
0.6173503800183654
0.6760793021928996
0.6815810027425598
0.6794233242774969
0.6388951572275081
0.572683371821716
0.557184354884875
0.5474756322687591
0.5341756178042292
0.5258564820831396
0.5219109735997279
0.5132967569470983
0.499943637062715
0.48736653756847087
0.5250128802935555
0.5090201536677756
0.34960833838423017
0.3368593692379909
0.3094940834766369
0.3094940834766369
0.2650535764246042
0.24459422531020703
0.24459422531020703
0.24594360579881386
0.22211401639459044
0.22298055913943207
0.2238486959586623
0.2246174890038281
0.20491888736143757
0.20661946537818152
0.20835632093949066
0.21035784481432485
0.2064077634867884
0.20763142553557917
0.20882288575539043
0.2100312120794612
0.20492781666800228
0.20497833808324165
0.2049826251295741
0.20498632060887492
0.21750533358477525
0.21760772121962477
0.2177795149163848
0.21789219238158905
0.22101668079724995
0.2209534394963659
0.22111521797774886
0.22135675799601032
0.23686333729752668
0.23622892429913267
0.2166155779224514
0.21705237781626877
0.29400725649557113
0.2523309367113681
0.23941158674117305
0.2670408866992301
0.28208003938510706
0.29931455973949067
0.5368491593548391
0.7104125076960088
0.7240211653053065
0.4913114712644447
0.38386042593887343
0.42889573203981063
0.39794339460639816
0.42068094991279775
0.43226895222267503
0.3838221472377025
0.40982715595130687
0.39794230345958687
0.39352774482233394
0.39027283638105087
0.3474619395995457
0.36712326766607384
0.3735110793845209
0.3809453224190126
0.4334278685348065
0.38359891384263545
0.3073018309667672
0.30809128318266477
0.3229448398400146
0.3372477558108036
0.3517065830169589
0.4060517700112538
0.44085835896350956
0.45970395018807303
0.7014012554169622
0.8667406243550841
0.7197044307609755
0.658802482974076
0.7269942676446614
0.7372130517872583
0.6724913148202738
0.5902667725855515
0.5709429773190674
0.5380847502681906
0.528578221966438
0.5160220819318528
0.5106202527172395
0.5156159959427391
0.5062897353046111
0.4945805681045819
0.49110210015704686
0.47625539794363997
0.46134814910330946
0.4148196043403909
0.4109985433199484
0.4641429971951125
0.4402708716491379
0.3889109065270339
0.3797437069887368
0.3761393684517818
0.29695084923076787
0.2821287977152828
0.2821287977152828
0.2832790772236886
0.266186635342566
0.2662878408997854
0.267260283034683
0.26719958103423613
0.22346955322295836
0.22461319393074095
0.22551167746558579
0.22640076206992388
0.20644048458912742
0.20773384384369037
0.20906320367487186
0.21043502437835923
0.20605277255896218
0.20669245055696828
0.20753416045272305
0.20751816792511374
0.2037462606512552
0.20489235242571854
0.205758050380162
0.2068581524891208
0.2067732925973019
0.20733137283898523
0.20787471798957757
0.20841909486022492
0.20987519264858112
0.20972309270927625
0.20963049947675388
0.20955901049993778
0.2202105867962477
0.22070943062936343
0.2213139739895317
0.22192666144791623
0.2960425726687736
0.22182737740987812
0.2123379139337692
0.21277459772835253
0.21175790973983585
0.21508150715279442
0.22504275166931262
0.2318618141050301
0.2442275888015197
0.2513401568621668
0.2908059216041962
0.29322898600939246
0.25722113744069963
0.2673981108589338
0.2648861908819468
0.2659253892309476
0.28450717450200386
0.27293278715002606
0.2789134131948461
0.2844530054658966
0.26992793229452794
0.28845361495037103
0.2923971359292712
0.2966819220393222
0.32068515036801326
0.3104640935560622
0.3164847429585452
0.3230677555010709
0.3391566011131941
0.3538475026522382
0.3690316313417814
0.3844568268697188
0.4170746912538575
0.4332315846600044
0.4449687720834848
0.458143724090633
0.48605593645592526
0.49078574621440435
0.5548376423139604
0.6151346641731541
0.6500111485149229
0.6147344279702325
0.5880190472995481
0.5719243299844092
0.5715957002535563
0.5743828091117291
0.5548114747351203
0.549150038741863
0.5355284740573353
0.5293374106411625
0.5251225113310114
0.4655731641369054
0.4465794846638656
0.43904265503488527
0.6617183762746309
0.8630887865800622
0.6275186415979426
0.5115143418099612
0.5649320738551628
0.5686918624268756
0.3519331248813835
0.3094940834766369
0.3094940834766369
0.3114731689618456
0.2888113828765298
0.26866909356877056
0.2709747928513221
0.25278411378335336
0.22881521273751518
0.229395493742835
0.22978945045467167
0.230153306705682
0.21033457635973168
0.2119277320271029
0.21360386980676993
0.2153432429634842
0.21028414534944506
0.21022737702147268
0.20935096418570087
0.20974254416766375
0.20492730372480142
0.2054852281485199
0.20604034456939124
0.2065933103747462
0.20675026675417896
0.2075142398728052
0.20855452448618372
0.20829414587896972
0.225146142033103
0.22615877300967052
0.4572224287362719
0.3837297541002663
0.3000242436802933
0.3211506229022608
0.31869004259485895
0.31726294695412866
0.49765526041231445
0.43091586861432457
0.43499505728357585
0.43088967245697657
0.4229303490801735
0.38092667696342336
0.36781818341479233
0.36835011691396746
0.3750866820834153
0.4137673713258745
0.443686217623948
0.3994604932658206
0.3223558103398167
0.32051319654570437
0.3239153956721278
0.3288286974241366
0.33680114384481735
0.3340052962697019
0.3332791736242637
0.31920660131479917
0.3446451208037268
0.3605149222141692
0.3771376304001574
0.36117511880758285
0.3832627889315199
0.35489652756048695
0.2837803451519278
0.3052307144089285
0.3149422424662481
0.3541596800130805
0.42293262800361947
0.4579593607147109
0.49044767495836566
0.5049569637610027
0.5089891157718316
0.5109854163135551
0.5321973048774314
0.5282313439795612
0.5229289319876145
0.5170756992462744
0.5503434882366824
0.49498864803554765
0.45920276394882203
0.4265433047390103
0.4066669626840293
0.38295836830343466
0.3696439544761077
0.359419335452854
0.3591166266790304
0.35886086990903415
0.3880542718429017
0.38964520767125027
0.3572080678355202
0.34423131979677907
0.34613769307760023
0.34815511486683154
0.3456945199988455
0.3481416217573825
0.34229428112589083
0.3421976869460256
0.3017074020357855
0.28695385375659993
0.3042539066348119
0.3043023642127552
0.26737211158863156
0.2681290148911916
0.26900084457209905
0.2705452116029911
0.24476651828767926
0.24346843483816585
0.24207368383118996
0.24076649199865024
0.22007779530350816
0.22096328949443841
0.22179061096713337
0.22280619548115746
0.2184894712044269
0.21948047013711158
0.2204563876807256
0.22143353304091598
0.21724246529674995
0.2184630040559432
0.2197005247541517
0.2209550841955426
0.2216000731607746
0.22190544371110754
0.22224435284346714
0.2224877971263857
0.2232102751650254
0.22226050770960357
0.22141151379082727
0.2206636021156033
0.25134601570882886
0.24543577766893093
0.2466427031484723
0.25334403685807827
0.31559096685798843
0.25083121068110226
0.25000327932691546
0.25073610290340254
0.2740793189482122
0.2700792282369671
0.2700896126112721
0.24323641799815326
0.23745793995942807
0.21310544379316873
0.2385490576823119
0.2890227367116254
0.25026647142445896
0.2850236914955088
0.260908739272068
0.2566488005557122
0.2855245281211406
0.26807713538684735
0.2616070985324328
0.30366502126837425
0.25931762196178204
0.3140508560183033
0.3177935047593141
0.3209726387398126
0.33694639746724053
0.3215080141113387
0.3243962304502505
0.32860452642179827
0.34594743394953364
0.3758437020682624
0.3517387447378351
0.3051855304170004
0.31843483009615053
0.3247258057939173
0.3274624630833635
0.3411282865480782
0.353531860201054
0.3519792156794404
0.34449694321434426
0.33722480859182574
0.35391189286275193
0.33816281702169254
0.3253543592393068
0.3151918877718353
0.31686968305291785
0.37647080024492424
0.36490422352599455
0.35305337881029075
0.3538124960846122
0.3642066632236962
0.36702175184105207
0.37252373215017637
0.36507998327164976
0.37150127458092735
0.3682032471572647
0.35991426740066457
0.35275944433444206
0.35389086534537884
0.3579309475796893
0.35873530486732974
0.32670037647701267
0.3368593692379909
0.34820470759822536
0.32165883137280954
0.298301429959011
0.2984412268902534
0.2783703829647002
0.27854591871498097
0.2351018972742662
0.23707623300499625
0.2393498512040337
0.24176469689252858
0.2206341529676939
0.22027270593760473
0.2199589554396088
0.2197835523233213
0.21610178496660715
0.21828095769059833
0.22065469283455103
0.22326570085451927
0.21876133959488483
0.2192603911802989
0.21970671582295342
0.22018477774031658
0.23225872724062252
0.23278276348045324
0.23335537650244723
0.233950463587687
0.2386221381512936
0.2403408964772797
0.22908501203066178
0.23027727386429722
0.257991475228272
0.2593955460909789
0.23981501300758004
0.25914623613203425
0.30863508310209314
0.2524235584550347
0.2492727904859651
0.2523225737481446
0.2516805991939085
0.25156618590064256
0.24996201473315133
0.24894276297731027
0.2492505164107584
0.24968104141442182
0.24969732988719712
0.25237213087831717
0.25540396721738073
0.2730732194505741
0.2764978213662097
0.2758872950625502
0.27568169256228875
0.2565825744043183
0.23070309523456853
0.2314255997562124
0.23707674264764605
0.25610791212425027
0.2554736506233513
0.2547581919247559
0.25314615227726706
0.23594773210018963
0.23866139817921753
0.24171200686244657
0.24075036856838283
0.239114186956481
0.23699711919496635
0.23531512914541003
0.2344959780009863
0.26511234110891074
0.26114471706324166
0.2692295659053466
0.28638277244109756
0.2873728130971785
0.2858952485094814
0.28377809907368795
0.31186191636047106
0.31101017338284204
0.3116727092180594
0.3123840338934098
0.3273078466707298
0.32879508860070933
0.3743166136883724
0.3742383490108467
0.3730468581074501
0.37463945511920804
0.3774622248563989
0.38099337004191336
0.37606567136523655
0.3731548434422512
0.3707783431257697
0.36986368851929846
0.36608363527554605
0.367358897179481
0.3679609006063878
0.3672925977862254
0.3614575906534114
0.3613895216709232
0.3617292925821304
0.3332764902336603
0.31594481073564024
0.31523803933518696
0.3147704514805674
0.31327004614153153
0.2858159951646726
0.2863075150602008
0.2864578756977463
0.2691857549767325
0.24940368631846932
0.25109428726981325
0.2529378647368781
0.2546251953242371
0.24978244137680813
0.24989890808776222
0.2498703092108143
0.24982135087253884
0.24463648971492866
0.24484113287012815
0.24504169551758348
0.2452408287435292
0.24485062420639161
0.24522490541892392
0.2454386697698492
0.2458466842301144
0.24543722703105178
0.24326809656523565
0.24140650124244534
0.23993997176078719
0.2694694328016132
0.269071862801285
0.2868717078756972
0.2850302649898101
0.31820526103630425
0.2890101051394524
0.2822926505178027
0.2548226173629681
0.28470482641991984
0.2838035386936921
0.2826464031090979
0.28140705416760114
0.27311558993263735
0.27111356046680585
0.27062135863780556
0.27073443009953513
0.30320187424601464
0.3249195264699386
0.324604499170874
0.32624014102917354
0.3271102783830494
0.3069648778959069
0.30650587626474673
0.29918067617621913
0.2800088691745362
0.30495431558064423
0.3347922074456524
0.33432462687823394
0.301091103194263
0.2829261433129763
0.2813371699626979
0.2766062675997158
0.24998822892300243
0.2507895489415211
0.2785931550648119
0.27856982687204607
0.28184565948874674
0.2799964768114079
0.3098917318712045
0.2790568518745442
0.303767519460267
0.3036398822854312
0.30410654201700676
0.3045648785410105
0.3400035163346691
0.3421006190846708
0.34442491070351405
0.3459273709137917
0.36556777239926763
0.36576296308253164
0.3668814611457671
0.36800079783192735
0.3667157836355619
0.3661883716481838
0.3658769000254976
0.3657160388168704
0.36153515155316995
0.3606375274994607
0.36127789927641907
0.3616026718841368
0.3590486603133918
0.3588237145163794
0.35912799454612593
0.3575980009553816
0.3468329924953542
0.3461159980303671
0.3465251743120939
0.3447509965987403
0.2811318546015814
0.2821035029105617
0.28330996872603087
0.28500312143566564
0.2610151275042089
0.2618319094018574
0.26255492607378944
0.26330059391310834
0.24213467286386045
0.241949067513156
0.24170703100501925
0.24146089246275476
0.23498348304675953
0.23362274066939723
0.23269923258562647
0.2321076079423242
0.22715343308223554
0.22703250815802326
0.22785066241218782
0.2290325849554351
0.22803681471720355
0.22750030734457435
0.2269407814455639
0.22629053306430538
0.22865129314505167
0.22994383852773706
0.23151089312045714
0.23322623060360165
0.24315015254424482
0.24309999305543195
0.2623605857346683
0.2835306079311307
0.3311939893284191
0.27891283299545183
0.3085279378397471
0.30876764476677626
0.3007829101552499
0.29990264661734156
0.29702133300644545
0.3061135257126968
0.293555858140613
0.28989247681989894
0.2964499512936197
0.301360106147082
0.29525066361579205
0.31517290371737894
0.3160407804066625
0.31017071503460003
0.33083684463677016
0.29472104493526535
0.2948716389244759
0.2944761535802451
0.30411111805780056
0.32188125444120264
0.2935819038486737
0.29290571397964205
0.29125305862493234
0.2850440014548858
0.28784349680232774
0.3230313497724836
0.34755563507038884
0.35790925084339553
0.3622548562994994
0.3331972803191933
0.3114639977993011
0.31555151638324996
0.31907902132189053
0.32314978235335384
0.38851504800809705
0.39085310178701976
0.39210763579828994
0.3921122818909352
0.3675585838807133
0.3592391935150068
0.3470434366716027
0.39624693094859714
0.40266141817248896
0.3912062450486882
0.3219068729472142
0.3035628916465805
0.3632067840162136
0.38240682541955845
0.3524830138265116
0.3074862897112921
0.30702294614316344
0.3088477385458126
0.31001651620507814
0.31098128027852895
0.3112134410632501
0.3111908463474184
0.31129159376291776
0.3455433222736042
0.3074264397888452
0.2958630024870052
0.3105901741973486
0.31039137026711283
0.2943274405020073
0.27542721032992407
0.27686758870926137
0.2790390317477162
0.2531368643397374
0.25257430828456323
0.2521875905527854
0.25198312839205195
0.23200149567615796
0.23342504090309402
0.2352275859330825
0.23718855281029796
0.23279482606402824
0.23353514820401722
0.23427164178974721
0.23506942678138384
0.23075234234399195
0.23190354306593713
0.23315659820759424
0.23443355262954932
0.2344079697043647
0.2350252736151278
0.23559518162882107
0.23615022290486615
0.238181726812073
0.23872345611804893
0.23933916157285542
0.23996449053398755
0.2705974640182666
0.2702065355172317
0.27080332270612284
0.2709821652849099
0.5049709911393758
0.6318129313094978
0.4096028831573218
0.3043032412347437
0.3265234685601151
0.3530437846494552
0.32479853796387187
0.35024953128205605
0.343478299786898
0.3248702120544418
0.2983512041510637
0.299092497071143
0.30692962860769046
0.32864903215331914
0.3042365861695189
0.30477822144669786
0.3025652842748006
0.2818836960911747
0.2807535789051791
0.28022779395272457
0.2868235297437127
0.3049197046488181
0.30463349493574227
0.30295867117424036
0.30113893478480785
0.2808148850562188
0.2800281122657372
0.2789585012667111
0.2774616334735553
0.2787735541884998
0.280405544977356
0.28229869997850104
0.28640047383929657
0.2874888770481321
0.26019383420136966
0.29086294706931426
0.31156827526887254
0.309945805713109
0.3118552324768766
0.31266924588515455
0.34766730477516256
0.3489309867619829
0.3506490400644712
0.3511295212626176
0.3704080823112023
0.37225427762327046
0.3720751163354066
0.37282657075455233
0.3714502937193609
0.3722361949692812
0.36977029152436713
0.36894091895026027
0.36788973701623395
0.3702548801171888
0.33477717059191425
0.33755934739455107
0.3309968249431525
0.3294932276991776
0.32906896287870474
0.32890440517557856
0.3308031545252553
0.33035473785337544
0.30446955664859876
0.3032414081382375
0.29217966520385263
0.29176254386963396
0.29204790831065436
0.2923380864611891
0.266933431612237
0.26624870857209343
0.2657474539465001
0.26536457892739784
0.2444398054349611
0.24487958206003674
0.24542376449983902
0.2460657935610681
0.2415455608938238
0.24238866233958367
0.24325211190287077
0.24412090439009362
0.2396378036807377
0.2407725454367025
0.24190345263544086
0.24305866182578809
0.24271708634799466
0.24294246026683436
0.24313092611963968
0.2433171095898494
0.24520521329043587
0.24566316857436596
0.246062886106756
0.24664727787887847
0.2557207063104608
0.27572885066967967
0.27403055201551635
0.27240241583956304
0.294198637961335
0.26270481785035715
0.26195632854596396
0.26451685756298426
0.2903114693972789
0.2878246231704492
0.5049654719562339
0.6487192859280888
0.6415718632846588
0.4203656735790851
0.29083894931619614
0.31585856918511135
0.3202695184854652
0.3401434502739742
0.32198029145420665
0.29518264068651506
0.2955550933838782
0.2749357852394924
0.2738437432335638
0.2728075046177479
0.28093117925226146
0.29963282782803535
0.29837148387546314
0.29702260300534533
0.29430154496835487
0.2735791213368815
0.2725752082010415
0.27198707191197374
0.2816930071324144
0.29241147045700516
0.30267614846688323
0.3106534676945268
0.326748334301631
0.32926862471535495
0.32893136206282186
0.32524488124656836
0.3031098549798434
0.3000690276799107
0.29459521692998786
0.33496845945768544
0.3752366808619434
0.36122237023486997
0.34391328592882214
0.3410795016533686
0.3508095717372156
0.3526843490662126
0.3517052264748404
0.3956905781478742
0.3088188970020996
0.31191266028629777
0.3139751618722097
0.35529503702459614
0.35197804453608117
0.3529244008501914
0.35387040079115745
0.3548135007433436
0.3518543800753467
0.3876033596681518
0.3877286047788761
0.386333979919015
0.34642229295231536
0.347886797579641
0.37437274014707256
0.37254866894099997
0.28241747483177015
0.28333516314116475
0.2840772411895642
0.2848569706808627
0.2598177019961969
0.2596549089430226
0.2594861704707927
0.2594056423141539
0.23976973720974795
0.241961295291333
0.24429748706911236
0.24673786972418013
0.2416658602012812
0.24308133344541194
0.2440097592680213
0.24495299383491523
0.239999205033062
0.24033606272842076
0.24070042898571134
0.24112933400659772
0.24113371783933357
0.2419547540761924
0.24281277974141183
0.24367998237430016
0.24617095789137544
0.2474728560657338
0.2489232455056954
0.25047187383599023
0.25950644291676367
0.2585570931576716
0.25785505797024166
0.25730166559430845
0.27705154104015955
0.27334409393715603
0.2709222306633813
0.27049049323571456
0.31916412322867266
0.31475188389120545
0.3099689340503357
0.30781604486999464
0.2776239239862097
0.496078262048357
0.42221493553920836
0.2945960844757008
0.32741752930652457
0.3464718216463474
0.33806526580752616
0.3510429539375921
0.31389909554826934
0.2768862415214777
0.27810884564066046
0.2767007992494518
0.2857448890834685
0.30360682894425495
0.3034808673030029
0.2737297524783587
0.2694483536783041
0.24941300637979064
0.2486767428135343
0.24778649742386097
0.21632213814065368
0.21410070327330508
0.21207089359968648
0.21771179361361073
0.22904123737866963
0.2335911944071721
0.2944000295448372
0.30676190632206235
0.3136721598516156
0.2992491202692972
0.28933561980916894
0.27807149722033625
0.3353937032198407
0.2921829546822604
0.29471934111237746
0.29945047851329554
0.31707342490812007
0.31819867506708666
0.31862549862484396
0.31881592071157816
0.32084000965086856
0.3203523662288682
0.31995308217802043
0.3182359711343381
0.3529530382157933
0.35378569802725307
0.3175967351750626
0.3178740269476806
0.3198392597943246
0.32115171174709933
0.31823589103583744
0.3185428147959578
0.29049602280034914
0.29118823868816346
0.29215192594349626
0.2910964071526084
0.27977635447739047
0.27874378290409363
0.278030736182883
0.2775138481919715
0.2533072602162562
0.2542567618248062
0.2554961528614458
0.2567917399939703
0.23596448041680576
0.23668221019846977
0.23722421525524515
0.23776171323826886
0.2330350958749011
0.23352483150568557
0.23415850165230753
0.24766797087102055
0.24157341752348566
0.2424680861411673
0.24341921162431673
0.24442125153293537
0.2330996410592999
0.23378234968995038
0.23443120785734262
0.2350599172979938
0.23677144569107192
0.23719322121963832
0.2376831268507485
0.23821585650451504
0.24744842304611803
0.24684745831155805
0.24644810983384197
0.24609509615665
0.26917843373519085
0.22949875216953355
0.22782053501984467
0.2301109588698944
0.25363785299582076
0.24918215169675176
0.2464253449090152
0.24420013698014822
0.23909218923535383
0.2376316055561528
0.26986513870507006
0.2731639683758504
0.2673728467381629
0.2900433787103361
0.29151566877886836
0.2903257461678722
0.2890939937064293
0.27332885728880735
0.27865545360669786
0.2382616074150352
0.24865783927529192
0.26674272434851976
0.26491965816612334
0.26583203187660454
0.26211399207043806
0.2501035996721749
0.24414655969457674
0.29241032487988744
0.31111973914282176
0.3506150526770416
0.3666972876659878
0.3757275682020478
0.34868957132811096
0.35627264175055784
0.3551112012806441
0.5698343843952389
0.7526840128701038
0.8072928230695978
0.5852595981961534
0.47037255478763607
0.49497663952035786
0.4839285166973556
0.4681099114059844
0.4368572843797744
0.42415099818868696
0.40899406145491735
0.3997651814421869
0.40023506162813766
0.3992218203895387
0.41464683325816115
0.3862576233578708
0.34928522940215845
0.3842252505335146
0.38362022817617
0.38590817468657496
0.3861910182243888
0.3823165307014287
0.3841242823604342
0.38401041828769045
0.38483381247175075
0.3422838778311652
0.3434899735866175
0.3468266747682757
0.34692273586611877
0.2831262689738692
0.2835234033820057
0.2835979186092372
0.2836639313990327
0.259275506881181
0.2603735744204003
0.2614521479736815
0.2624965772027203
0.24301444047631787
0.24487352496353523
0.24680637146529188
0.24882078889514178
0.24441593374061996
0.2450647756317961
0.24563383921430812
0.2460095374666824
0.2395510103906154
0.23809232947946785
0.23659400574015216
0.23514647839878397
0.23437720482937974
0.23465869571994322
0.23501356658046424
0.23537024050180025
0.2369513263295652
0.23685358795426403
0.23691865025359382
0.23700414100776812
0.2457037665089364
0.2445829347802008
0.26148718569036516
0.25870996252025363
0.30528303716488175
0.25607244229449316
0.2578932777527704
0.2358783204053511
0.2400571124526955
0.2405113304112921
0.2675013332119911
0.2652871823234435
0.287138249851017
0.2629895242992417
0.47990528413340455
0.6294001940207635
0.6309820418287088
0.43090481069299547
0.3027679547978596
0.3283765121193053
0.32689867308212206
0.30699662369950426
0.28859917344878416
0.26262099104777586
0.26974149309195067
0.289291593897333
0.2599020440675299
0.28767056183249223
0.28637925485309346
0.26699466326526006
0.2665795359679678
0.2646771677397746
0.25764456021975995
0.23455129634211527
0.23661281813424526
0.23751525561693404
0.23540127863104643
0.23561895668182817
0.2667919264127024
0.2671309946091848
0.2879046898520144
0.5080558165200485
0.6547242171026233
0.6898742177298278
0.5051548643256301
0.3768886172069783
0.40385243986743724
0.4063593279872792
0.40951649924774464
0.38446109281495866
0.3862855187111473
0.3869209195625616
0.38594570514978044
0.3861213870642526
0.42667488078853605
0.42609031849784185
0.4181253226020116
0.41453121278692906
0.4159373211948418
0.41717707752160926
0.3770938285507524
0.37974708083998876
0.3809038135127096
0.3827271928014808
0.3786972927303894
0.3470508438797482
0.3528398821712635
0.3245205330699234
0.31290642905012567
0.3114045149762807
0.31022792765734825
0.3093044097708111
0.2846446536817765
0.2862571167881718
0.28778549198147607
0.2893175077753495
0.2687590621775494
0.2691588989053456
0.26950607965789913
0.26985477763632
0.26526725430587067
0.2660632294665278
0.26686334105269727
0.26746414734704793
0.2627085687721532
0.2632074180600266
0.26367968957569987
0.2641493337570621
0.2640047386059446
0.2646088129392196
0.2652116640478654
0.26450072475613395
0.281771490622165
0.2706040857364378
0.2726087082443254
0.2730037704030764
0.3057122904256348
0.30903889011836577
0.3288558547576922
0.32845933739560657
0.34579358348413836
0.31565227548693237
0.299290103820879
0.29540454638116564
0.294687206671518
0.29317194788990747
0.2911420693353183
0.28888893296959844
0.30827204364382094
0.30425184493579444
0.2769810511372763
0.27501869795554135
0.3065437071896797
0.32663141834605025
0.3274854156088777
0.3273823901225344
0.3272831717941907
0.3074789593096251
0.3074547800753184
0.30745419394209467
0.31500044817317596
0.3321482377613342
0.32943358328652655
0.3265993273954973
0.32081207097524744
0.30067798887459984
0.3046569313320828
0.30831041017397876
0.3059622852808832
0.3057382601805585
0.30467794284499394
0.30593010352163774
0.309933763478109
0.3100689866206327
0.3107860775617074
0.3115900616689921
0.33451772088287757
0.3335732325165977
0.3329558527282036
0.3322291092158173
0.365531081653347
0.36511981860599474
0.365129376809131
0.36573417796362717
0.38213193184839916
0.3814720471747394
0.380948518253198
0.38046064094950166
0.37932397032581777
0.3807317576021684
0.38018921363476077
0.3805067998891236
0.3774005852738983
0.4173483461998363
0.38143712553042414
0.3454023608685779
0.34646928730596377
0.3813939223906372
0.3834024026106275
0.3833390379311149
0.3727802853078511
0.3718962676659822
0.3695859748395969
0.36906945977440575
0.32454228640742727
0.3253689250872173
0.32579228986557207
0.3262885837381384
0.2801468602066741
0.28144964986803594
0.28200044282299547
0.2822866485902716
0.2609767322926368
0.26070584055509743
0.2606974153245453
0.260797678988491
0.2561135768450391
0.25685600573725953
0.257626690821658
0.25841649200761807
0.2549418988653492
0.25721963076596505
0.2597794655580977
0.26262904267709136
0.2628955892342378
0.2637767709888713
0.26450406157084133
0.2652040338886185
0.2666916102079411
0.28278610747079735
0.2845746953261984
0.2863163231499857
0.322002798081676
0.317877580613765
0.3175461187031435
0.2963537552414828
0.2842918469160084
0.28371235350263235
0.2818473291555273
0.2842707888252878
0.2825416888367944
0.2798803301446209
0.27807904673512596
0.27672177173444995
0.27504344318480944
0.27500237899902363
0.27395076507669974
0.2710113528723236
0.3024823073549942
0.32331074592054176
0.32187441647368337
0.320767273781025
0.3184581801078454
0.2971613406576564
0.26878451409980925
0.26767781630598153
0.27566921505283415
0.29147231601826606
0.3472536188135695
0.34360691428025175
0.33828029950566224
0.31921979364347003
0.3165687767931041
0.32058697207794984
0.31620429802571065
0.3126532230265663
0.31310908842369034
0.31283447273265735
0.3225772006437541
0.32263552575687116
0.32137982115562663
0.32837047310724915
0.3564778776111999
0.3544891517596708
0.35519271521671686
0.3556982109815246
0.3959936852595199
0.3556369553240119
0.31978392450591164
0.3640533427096569
0.42303449635603657
0.4245784199742093
0.42397656912199055
0.3794186967741676
0.37908134483298683
0.3794859538089272
0.37974822614422504
0.38041742224827946
0.37552527284353865
0.3752700393005777
0.3748868860244919
0.3750460889034258
0.3730060110560546
0.3739276562245901
0.37471978882061163
0.37519335512442964
0.3711847497143905
0.3719419301639888
0.3729427339567556
0.3695822185448106
0.30459977878719247
0.3041868707656522
0.30384345724604395
0.30361712855130246
0.2788207641261351
0.279077030004811
0.27933004735805095
0.2796131831844587
0.25892689028402077
0.2594576266786643
0.2583250208977256
0.2600366979720583
0.2560010865573065
0.257348655888835
0.2586747276967783
0.26006657971654584
0.25460738532229893
0.25418949251229583
0.2536877048725778
0.25317736953081843
0.25244317109025866
0.25256448319692565
0.25258710986951444
0.2527476966241538
0.25468722237778707
0.25525492282083023
0.2546610724042927
0.26922123915702695
0.28559195148782207
0.28352427321927265
0.2834092547989741
0.28268299820554005
0.2851207593023714
0.269776732505758
0.2682069755019655
0.29588138412076653
0.29641844133972733
0.3027612947243929
0.27703164985033657
0.2800985150007182
0.29976070087083445
0.2976897513826037
0.2962461035827833
0.2929870516849129
0.29860525556819595
0.3199729784854283
0.3203812321761863
0.3179586563586319
0.3069634643288804
0.2908444582090846
0.319877017837319
0.3170153992057559
0.3282260773306065
0.3482885651913374
0.31719347363756817
0.3167483820215265
0.3118628542276325
0.2907585737686125
0.2888883490358131
0.28789897461853947
0.3115000175538022
0.3104468383641211
0.28188275707415617
0.2815566996886067
0.2825653700083824
0.2794827425379584
0.27743810469178926
0.27564985795986785
0.2994359855706921
0.299906748124862
0.2993075466547001
0.3001597288814991
0.33598376105860633
0.3391886332811485
0.34478384628240494
0.35005998324415794
0.37184643714392474
0.3733519022129438
0.37502921127451244
0.37604671653879096
0.37632246071365877
0.3773056722051748
0.3779643726142981
0.3791134932454791
0.37400019006385915
0.4109632555844167
0.4112592723200043
0.4085815046273997
0.4036774437727672
0.3677089718341778
0.36755812197459414
0.371265263289371
0.36008182775802694
0.35998018261732095
0.33937045821303835
0.33901473384978426
0.32085698502735416
0.31929710156782304
0.3179556576426622
0.31684412120807903
0.2716053307967828
0.27171702076072823
0.2717276188514619
0.2717304521416122
0.2513540691018228
0.2522606642815408
0.25340033393554257
0.2546552200323059
0.24984805720818565
0.25017065543644834
0.25042519338470237
0.2506569471096244
0.24552070331081777
0.24573724942388134
0.24593469847976654
0.24612100700204576
0.24705520451808782
0.24841506982093964
0.24964465428450475
0.2508580719982043
0.2528955209351821
0.2533044016868243
0.253769156523001
0.25425360855801243
0.2858977454270648
0.2877367474976857
0.2900031754939935
0.285388218867526
0.25110518817403304
0.24816107236212112
0.2722582015686889
0.27530961814717353
0.2768083790248504
0.27950376654968195
0.2843911478026386
0.28538120377081566
0.28026035702430935
0.27562181651475814
0.2710069639075691
0.26674979550397676
0.26949628973734363
0.28948378340370695
0.2896926247581853
0.2893077726017908
0.31706378104907174
0.2980567759677265
0.2978371355441631
0.29748285017405346
0.30421663548406025
0.3214252317372078
0.32058176296796903
0.31899216991366103
0.3171472467522894
0.29809348689889437
0.2959987971717177
0.2940046872431789
0.29149738811738407
0.29101496211453365
0.29275618367822265
0.29357437296344757
0.26891636928365975
0.2702692919972513
0.26958622911375324
0.2698748409812692
0.28926902161984264
0.28937078802730426
0.2903727307550483
0.2913960524535795
0.31990198080592086
0.32235412152754633
0.37158728417486053
0.37974526110514084
0.439700758570014
0.4370888113408485
0.43518519663394023
0.4337733784624105
0.39114007418557983
0.3941115444925951
0.39564910587616275
0.39541278272282865
0.38762757174788853
0.38764844505456353
0.3845151299548093
0.38021515904217146
0.3798154552822421
0.37846322928559545
0.3801964764561104
0.3806249765309495
0.37563963424311364
0.3732515182021149
0.3659558748575109
0.370346700148936
0.36516966028547476
0.36286613502202575
0.32238895429860365
0.32274172200238976
0.27803305701333725
0.2809099374681201
0.28322369748863724
0.284483630181455
0.26298944946556313
0.26286974304925187
0.262565135563417
0.262304644270874
0.2578340552435066
0.25878053357211045
0.25995173711487474
0.261150161049371
0.2567795634638734
0.2577213100579549
0.25865580037713415
0.2596016361367173
0.25923672283628585
0.2594689393361942
0.25965995071154696
0.25983712645053864
0.2614807227312624
0.26194227588669455
0.2764413302275017
0.2768703224150593
0.31327455118172687
0.3116535392286932
0.311427525254438
0.31180164904531465
0.3157653065666543
0.3128699867546391
0.3102002708365485
0.30892740087306175
0.3061188313502153
0.3069510492091984
0.3058584216814403
0.3060014984405995
0.328331933072793
0.32755705273125135
0.3286036282679798
0.33098445556936157
0.3343424909036032
0.3535808608452757
0.3315674891310773
0.3505289241505486
0.3515043526033555
0.33028476985733707
0.3264696257510765
0.3261631117357649
0.339422783853801
0.3577749242842236
0.3554027605142674
0.3571023369802407
0.3512935195277423
0.3289648673719534
0.29186947163366295
0.28619327024880264
0.2896316613872722
0.285707269780966
0.2878177801417849
0.29166036567294473
0.29600949532561455
0.29688834975321526
0.29808210550120734
0.299636451165781
0.32265416907364897
0.3231421948433273
0.322237995942333
0.3237831071800011
0.3577714011477095
0.35840454502917735
0.36180786203776855
0.36610155176147274
0.38485258352461876
0.38485261232975937
0.3840099462552309
0.38757587304090874
0.3869907816754312
0.3839807886343184
0.3830631094742079
0.382569905244493
0.37825480764168457
0.3786498234104695
0.37900749693902724
0.3789578265082007
0.3775754913019144
0.3788011430622207
0.3798051730354507
0.3807401149179903
0.34456001656891627
0.3436087987144502
0.34362998633856023
0.34152463385496357
0.3239951889395717
0.3237383928790684
0.3036191011581058
0.3041607991352558
0.2801594925902024
0.28128664398694286
0.2816391796178142
0.2827026646172707
0.26262610779694917
0.26287576533835444
0.26289945325674213
0.26288718808081973
0.25891242322370644
0.2603806385444962
0.26220074094198564
0.2640450885038242
0.2596379081646375
0.2604815253963523
0.26140769358177746
0.2625041741894345
0.26234579496502036
0.26278608727053265
0.26317320510434117
0.2634036977688267
0.264347738986923
0.2635814319170151
0.26281612705649915
0.26203711342554875
0.2709549543973481
0.27027562261433036
0.269838043969225
0.26702376274199124
0.2796246366619409
0.2748976500649869
0.2690792925008004
0.2692194954264355
0.2997952027189746
0.297732553679103
0.32268153330158794
0.3266201461648817
0.292405382497691
0.2926269163526576
0.2914449163976703
0.28684278544373687
0.29207618974533145
0.31018198713549644
0.310949125874609
0.288083122873527
0.28538611677656184
0.2622398769191717
0.2639594857351977
0.26189752134818667
0.2703492302664979
0.2886356275967208
0.2853403247769836
0.283989537387302
0.2802473666027307
0.26075857466283187
0.26358598842865516
0.2679605246708733
0.29048580240235683
0.29130492989915435
0.2904440379342636
0.28936680242769647
0.29325908323840927
0.2936715398602524
0.2930662927749886
0.29211848719484457
0.31642326619900957
0.3184571521286293
0.3192560903178988
0.31823287473510015
0.352356352127076
0.3521282931912724
0.352006138331678
0.352300889960429
0.373849728181268
0.3337533280252704
0.38261843501942755
0.38616778583115036
0.3446033148172292
0.3447083931207667
0.3439479600638511
0.3839504923397804
0.37860530386486735
0.37772927257853595
0.33905798000089676
0.3383343939378721
0.33886421331001665
0.33880711376896205
0.338374266107457
0.338401183437089
0.3149914841776038
0.3145183277932215
0.3147415268501984
0.31292175019379176
0.3014387827076278
0.30048160819582387
0.29998735349866534
0.2997835701304969
0.2750814993141796
0.274063442988696
0.2896291370570299
0.29265969821232884
0.2675910668855303
0.25556142089489114
0.257110156805603
0.2580316600754585
0.2534487013727899
0.25411908923041554
0.25480101959135465
0.2555363403304422
0.251041017886176
0.2519987255585495
0.25306216823372213
0.2542476709304889
0.2539568674078807
0.2542159943992132
0.25421431945637263
0.2544431777250022
0.2564142100417997
0.2569587744910156
0.2575965095023581
0.2569153866288243
0.2861090727105695
0.2879294859149282
0.2871494011281143
0.28775366034120414
0.3107576606082398
0.2967889617966621
0.2929463308715076
0.2939706632445718
0.28964788909549866
0.2825130652410898
0.28352563321588625
0.28163814513126095
0.5215487603947586
0.667229364942988
0.6672158536195429
0.6666783399189082
0.6735017343566287
0.6943658797613736
0.474182174349788
0.31408850041907427
0.33600635125668366
0.29557772458108544
0.29406663650394405
0.2764609661456104
0.25913745999779836
0.2796618636691678
0.279869585705409
0.2793267740269823
0.27458001592027115
0.2548143328574395
0.22678103755133652
0.2277020939968127
0.22652480935143285
0.25319502832284224
0.25245422535019707
0.25220672221232804
0.25283111662475327
0.25283374444098894
0.2535584571757009
0.22325975746511245
0.2399567970569337
0.240551092102772
0.2414216082534673
0.2422691266314542
0.3032834061311087
0.30316721594787344
0.3028013020446101
0.30361140176751983
0.36713411017754194
0.36768366216744397
0.371272151486043
0.3736138459854733
0.37539024374374946
0.37743656578454926
0.3791408827380187
0.38078682304343947
0.4107922135076601
0.40847797413722037
0.3699354926114667
0.3672641335467456
0.36596537813588076
0.3313315237811548
0.3313482538737139
0.36683724133532036
0.33341110254324413
0.30754649860284544
0.3087692415857223
0.3050118429916875
0.29315915246372165
0.29183172054115736
0.2907832090963339
0.2897022770793115
0.26498919697607165
0.2658314360424964
0.2664777886842404
0.2657206859429952
0.24527614007808907
0.2452105055625805
0.24483269319413065
0.24439607721962747
0.23882126389045846
0.2387790389536294
0.2387402076681256
0.2387063601844697
0.23367419410361845
0.23408132921811006
0.23450524402850706
0.23493973181134747
0.23440496541155104
0.234557667548078
0.23471128017783702
0.23467978554088287
0.2358772940035204
0.2354564723529204
0.23510572027469487
0.23346407366077382
0.28222015217859475
0.28405702167849495
0.2849439150134501
0.28580413131971494
0.32159953507480865
0.2644894855683646
0.24134605166168765
0.2477703750469284
0.2781962430586062
0.2779995676238659
0.2769193953578914
0.2472636246609327
0.24618459262257814
0.24742058188943886
0.2495000874169564
0.2524097019059371
0.2546032955055647
0.27373710589018474
0.27314125859174165
0.2727655016609704
0.3048493135415809
0.2842912991169138
0.2842819825506248
0.28327718937144136
0.31781610986585895
0.33644724950986604
0.33492351866312253
0.33557676080823806
0.30526794901167864
0.28572316971707334
0.2829030983859062
0.28068606208649877
0.2801870622567537
0.28118928201437293
0.28159063499711906
0.2820720406466262
0.28196859509021877
0.28080936407545265
0.2802496878999258
0.2800246494187808
0.29912359913844455
0.2990162743478554
0.33087913933461155
0.32911329170936127
0.364220209632486
0.36842735545264704
0.3718194432244994
0.33260163620669364
0.3487548510326004
0.3488708397597495
0.34827581580661127
0.34861070199162597
0.3472463001861443
0.3442137556747054
0.38286408373185965
0.3813723983109508
0.37755038992194934
0.3773424243595547
0.3769439803477613
0.37663745542442756
0.37682068490061793
0.3788661107739188
0.3815129479566386
0.38415447363891514
0.37437017960836905
0.37302776948286426
0.3728792758108647
0.37068452754025255
0.3458146220445019
0.3442113530537077
0.3441099763153769
0.33651482006498457
0.3019864170419004
0.3078983255036912
0.31151595492229534
0.3104520425661399
0.27224593740079
0.2592833795936159
0.25993352937718833
0.26038664099006414
0.25727187933517337
0.26003306730212605
0.2630664872199834
0.2662941598627643
0.2595673905494231
0.25713926443316243
0.25475213374339895
0.2525098337117683
0.25231711620583125
0.2535313448465107
0.25412502054924274
0.25620844883437477
0.2597198438683669
0.2617680772848064
0.2639687124582466
0.2662679839437443
0.2914591973532345
0.28051726142269784
0.27617870148245055
0.2763810130999927
0.2879691013306019
0.26410511496122396
0.28969772303054186
0.2913985073260202
0.2899111197770141
0.288029005422112
0.26003015001042473
0.2590782703095281
0.25581140901427296
0.2558078862928151
0.256373437677285
0.2572631746213903
0.2887607216101595
0.30922581593936216
0.30963163812039945
0.3094916406430297
0.3084085713009127
0.2867993649035744
0.28444557018291183
0.2817492070722495
0.2907158003249187
0.30823869648380353
0.3081529380574828
0.30620753189941363
0.3034114424972091
0.2831846937681028
0.2823026740509744
0.28216827032974023
0.27745279139770057
0.2754147842532616
0.2735579933923261
0.27143229539227814
0.24344613852773717
0.24390034961108747
0.250756826583535
0.26050870382082264
0.32223363559197965
0.3214491061525606
0.3170447878282733
0.31926099259184987
0.3317258228310528
0.3335792725927395
0.37890829697293005
0.34189358662511654
0.36195387065576645
0.3621921855633892
0.3613002933898475
0.361207921148345
0.3611156397020029
0.3622731426445741
0.36349867495587174
0.3644644242679877
0.3610676393017912
0.3611539699581202
0.3621678629058632
0.3628216795985626
0.36128117360855067
0.36256841788030325
0.36374277751518463
0.3644417902068202
0.35830393505483654
0.3593749548597303
0.33434554589587895
0.33174364683676255
0.3143069906447899
0.3142306928705053
0.31450174376058554
0.31500031391895034
0.28821970198390706
0.2896056900696971
0.27364507585829256
0.27527355423872746
0.25515231397983323
0.25604610427984714
0.2568934544263059
0.25774557522561486
0.2512005430960119
0.26125030290721835
0.2631727478482693
0.24907601090149292
0.24599069635795753
0.24736897986234493
0.24861750096873259
0.2499233715366298
0.24954504812076364
0.24994618897837645
0.24996413231381479
0.25046155645954643
0.25198061556743984
0.2519021006193371
0.2518717432783664
0.25185642883930326
0.26072186535980685
0.25991215031795134
0.25931514684014084
0.2580161014856705
0.2570698707535553
0.24005934161152323
0.29233060072449135
0.2915291019666186
0.2929152578616641
0.29339816396470625
0.2932338560265453
0.29309378070122316
0.2941731643914948
0.2975375717930673
0.29888886513976115
0.29876946309180846
0.3263165339104959
0.3435592818009675
0.34474497398452625
0.34529927157886026
0.2900955990478203
0.26936585077121933
0.26798853779042503
0.2666894788281496
0.27406862432764856
0.2934022234733107
0.2930095386473536
0.2925163881930378
0.28886385986643565
0.26891658483150027
0.26854822701718634
0.26782404150094824
0.2658537353396038
0.26356459416580114
0.2873349779603342
0.2901819265269078
0.3230691894614562
0.3226790127033201
0.3229466915026834
0.3232536655215118
0.31608414835652787
0.3165444516210002
0.3147472855730946
0.31385614317967586
0.3447749661435147
0.3430121290030397
0.3440643885029111
0.3452009838437978
0.4075069913374174
0.3651294509644109
0.3669427470936272
0.36652926546897086
0.3676753272311269
0.3690461806584872
0.3699446111363992
0.3713431912078587
0.36827789424782276
0.3691570010120541
0.3699488277771605
0.3705715617467197
0.36864107935101986
0.366453913931851
0.3673087338357768
0.36981099335672835
0.3642744139175309
0.3640704678853797
0.36731001923926326
0.36764409787171065
0.322540937881302
0.32066666266321525
0.31960013272890675
0.3182911410337358
0.28747983102373126
0.2881824672239276
0.28893358928351903
0.28870533314607344
0.2679623371750067
0.26801057098430725
0.2676093726593219
0.26706572107007004
0.2619030343228524
0.2622142885250046
0.262543733646719
0.26268004586563587
0.2580548545995695
0.2588406747267779
0.2596339211985326
0.26042807611012553
0.25936585715776955
0.25953635619651694
0.25968324411374577
0.25880559676325043
0.25987084950475947
0.25975427787133265
0.2599364406903442
0.2601523368200363
0.2775363682308211
0.2766325489578885
0.27601523844432435
0.2754565742381093
0.2904016180417963
0.2682596050263867
0.26876334024557275
0.2697663232447207
0.2735758442336872
0.27531857581528557
0.2745784923749104
0.2716206828018492
0.27426015766915374
0.27632477301792074
0.277545650579159
0.2774850015825313
0.2782712996091852
0.2971667994108648
0.29549580715727675
0.2937282001605739
0.29353540839568676
0.27160816556023337
0.2695570951506175
0.26891626580920236
0.2894019656656653
0.30536065642791976
0.30601935522859275
0.3047664351668643
0.3019659152933358
0.2811267197407814
0.27934212262923125
0.27858716114568144
0.2760117462231691
0.27515235767856094
0.27460932763960455
0.2743543565246914
0.2784711578086855
0.2784242848753678
0.2789375679428183
0.28047218674554686
0.2990730738002557
0.2961072532539288
0.2954241200634573
0.29404524522363695
0.32413098870287077
0.32475205109496913
0.3255915810251749
0.32824912664932415
0.3479087790487901
0.37848505656993486
0.38223082100414424
0.3843592341799366
0.3569157890966274
0.3587096855482181
0.35958783928012694
0.360379004581742
0.33655284816020614
0.33808122966337856
0.3377988571381789
0.3409280099558877
0.3420497273040452
0.3426965157012917
0.3429201366965623
0.34265753699051166
0.33579308077557596
0.3356945751369237
0.3345049721740624
0.3319335125744825
0.321092485487633
0.3199049997029736
0.3191829483147472
0.31872959632019215
0.2928262018421159
0.29083548194717224
0.28904563702373387
0.2875092867323334
0.2684049155772019
0.2688191783318568
0.2693207877168004
0.26985616451758915
0.26432831138365304
0.26409556667662076
0.263981728051121
0.26403805773360156
0.25870690372388855
0.2589920859656468
0.25925890607806285
0.2595234631094166
0.2574988247312259
0.2575357674729354
0.2577674026051958
0.25806803024500896
0.2599055989487192
0.26057483088165645
0.2621920205614998
0.2655063601489142
0.2740067817394785
0.27380035507181943
0.2741638169850291
0.2725268050005694
0.2862585088196107
0.27085702809248463
0.2683572786816706
0.27216710468953764
0.2753485202450727
0.2727585450397112
0.2703701551277895
0.2690338122001593
0.2658239376761864
0.2732998787335836
0.27641653034577407
0.2777199578129079
0.2806345927980172
0.2880528650882079
0.28786765188326924
0.28701262912062625
0.3099406401332367
0.28904059468015203
0.28795436661696955
0.2867705642474187
0.29635919537954064
0.3179396963660616
0.31929056881565476
0.3210364559042797
0.3187914870876184
0.31243864321063114
0.3036584122779457
0.3034220118038272
0.2978469846524972
0.295187592253462
0.29327995652411437
0.2917929463835341
0.29672806601468793
0.296843190084207
0.29512524184874106
0.29427466268101987
0.3198690608240288
0.323245481033193
0.327072838462639
0.3291423568190486
0.34069714146993924
0.3400828507156086
0.3409593117620185
0.3173277898752657
0.3327172681798025
0.3321506383180776
0.35916642059318477
0.358366206580791
0.3568596130893356
0.35703411276837355
0.3572727104324653
0.3350685721673968
0.31444080879466246
0.31739576127711305
0.3199591080379793
0.32251759069587127
0.3250584360085495
0.3249955628997699
0.3435040946081402
0.342881789591741
0.3489954983926896
0.3359721801144469
0.33672569265908064
0.33309635094122164
0.3212951844087473
0.31932002030848416
0.3178770918013049
0.31580315122260094
0.2916749882146567
0.29224534595517265
0.2929513603893809
0.2935822748153734
0.2753783969745298
0.2763634572772109
0.2773904190354425
0.27763175741633145
0.2736858600467662
0.2745119879721796
0.27527041277532927
0.2760056247598019
0.27084436848276483
0.270957123791147
0.27106316275991765
0.27119569437323904
0.2700211231081361
0.27020353233667244
0.27039592231893134
0.2704308556474425
0.2730679475575267
0.2738523582933139
0.27462664494237626
0.2754513861997491
0.2850668849802656
0.284922958092547
0.28483505187043623
0.28477363864728344
0.26649200698194914
0.26645527801882724
0.27646314870349387
0.2771644384911996
0.2779859441426785
0.27495439317256926
0.28641096440484654
0.2856452095803466
0.2767699863807692
0.2782399631790496
0.2689830895265278
0.2706285920786258
0.27640662349109113
0.2966347888773088
0.2963366704514858
0.2954385615110532
0.3041468230597781
0.2827756809469739
0.26845287099194826
0.2678812253098833
0.27847820640517607
0.28689054665797303
0.290458704643286
0.30810321146560204
0.3006436443653778
0.2762006999685137
0.2693590397894476
0.2638227841375807
0.26240003262169753
0.27567241710859725
0.2767600198982335
0.2779101876981905
0.2823745969837165
0.2823341633229796
0.281093919971117
0.2796562437209785
0.30110274355040456
0.30044826817111897
0.30127540835788563
0.3019453967491857
0.33381991172333675
0.3105539982967167
0.31204172398747615
0.31204959099473334
0.3314512992728332
0.3317101686716049
0.33237218611052444
0.3336479598955617
0.33383074433297627
0.33551438602719774
0.3362778151091651
0.33650804597222356
0.3367230408052967
0.3361987757518318
0.3570620252433217
0.3589875048338542
0.3160624690671325
0.3195451732816489
0.3211692331371222
0.322245289353509
0.3356579129859925
0.33647161453666175
0.33721682927030483
0.33405752022457513
0.32242671914321486
0.3206421735263329
0.31804266886096216
0.3182204077888385
0.29465852578907725
0.29532733067581435
0.29599269136837675
0.29671627488437796
0.27751798387917154
0.27731480245527085
0.2770654305611299
0.2768183837612682
0.27285853360454293
0.2744599770283982
0.2765009421359016
0.27864263960678565
0.27404128517175497
0.2744792435072154
0.27481809232195853
0.2751277993635272
0.2751002596972766
0.27516231400428104
0.2754010873038033
0.2755428400862677
0.27843824837873393
0.27740479667902745
0.2775270581360524
0.27908804426731626
0.2931075962056272
0.29519933344469135
0.2956310390806245
0.2927000735722779
0.30870507293432214
0.2755118635461561
0.2787506730465581
0.2834122807375903
0.29780625535636324
0.29355004585091615
0.28983095795243036
0.2866671282928568
0.28112479062666845
0.2859609205636966
0.27568462629809604
0.2756227611368166
0.2677375337097204
0.3000090298506486
0.2994332745371087
0.2990555021622018
0.28293874631458565
0.2623612199769777
0.26087453150639106
0.25957919416823383
0.26775811269211247
0.28664529853595505
0.28622242290104694
0.2853384584367843
0.27977457463881344
0.2587868857109763
0.25792413909389633
0.2564035186801868
0.25388548319705195
0.25254589388698306
0.2513790698592586
0.25031953984775895
0.24877845400635937
0.24748596700588255
0.24659499095684279
0.2860053306739206
0.3392437420603462
0.33189222352666004
0.3370087003602826
0.3245300696139545
0.3684923082996083
0.32576677107720403
0.32498276182260394
0.2894406065814484
0.3360199178249191
0.33857263145230204
0.34083216020768514
0.34310795543730827
0.34156952501816534
0.34241970672993954
0.3430790920264558
0.343783024506099
0.3396870869929878
0.33954787361898536
0.3415759164427381
0.34342917230679487
0.3417031728542056
0.34212884879398775
0.3429718053318698
0.343698963269568
0.32831829255467615
0.3295528132343014
0.3309041846060462
0.3299132234435421
0.3143533683381559
0.31274727017685294
0.31344192879680605
0.3141083111871775
0.2868057873640427
0.28651818089544157
0.28628075262545405
0.28609213415403334
0.2649899519744341
0.2658164009996637
0.2667776582871846
0.2678705409951209
0.2607539052011288
0.26263724196538385
0.2645864585643186
0.2664130522945381
0.2617621167515207
0.26274854425865274
0.26353669918516914
0.26432834763853885
0.26344087141730727
0.26384775417152834
0.26426545659359435
0.2645911376711469
0.26578682524301656
0.26425991110701164
0.26821245143368994
0.26859090094415666
0.2907655758609754
0.2916834810292303
0.3015369002240828
0.2991723192087343
0.32106194634656215
0.2965421056719057
0.29830535052897234
0.2982524022090475
0.287728000127532
0.2881850489059083
0.28809320924686227
0.28784743587241723
0.28208392871676863
0.26775371688399136
0.26581410339141337
0.2639660448156641
0.2687144055802545
0.2873936683496169
0.2868658147586728
0.2869256108885506
0.28271297361686987
0.26069913628154767
0.2591371545184274
0.2574770702014121
0.2626762821534387
0.2793534248214302
0.2775586023848829
0.2786623851428081
0.27441023864420866
0.2548627211171521
0.25410980500120806
0.25301977310368035
0.24943544248468497
0.24735522307356853
0.2455882871834121
0.24413093430572116
0.2518571244631103
0.284681658633113
0.2947252360972779
0.3011601853477594
0.3348674132550141
0.33748016005742415
0.33879629205194656
0.33917053790020096
0.3309436989066747
0.3160739960595387
0.30725487424463477
0.33450738769975463
0.33193871486864795
0.3320327895465883
0.333724429648654
0.33511234024313874
0.3337717903599165
0.35826221125301455
0.3339745357913757
0.334460013479842
0.3316820318526847
0.3327557309150173
0.3338659943109021
0.335007124738553
0.3337567110739129
0.33518923667322453
0.33630693600369127
0.33795187337315774
0.32715773877603754
0.31559845089463157
0.3134126960738291
0.31387174292091435
0.304562217097806
0.30440160393543164
0.29695996883231385
0.29762428694622894
0.2664774655362079
0.26784397594644477
0.2692611813597361
0.27087195071754816
0.2518500343664141
0.2517629923673106
0.2516951940018473
0.2517141190222765
0.24736006716974526
0.24838702263642914
0.24964964866674694
0.2509270369136541
0.24633038467005153
0.2470124035725713
0.24768621189113504
0.24837556813409753
0.2476725741490418
0.24829550003167583
0.2498564489882553
0.25063785038214104
0.2518683709532882
0.2517150961369605
0.2515812834341124
0.25144937500741504
0.2615035763654443
0.2620524007681423
0.26256273223858934
0.2630239981198592
0.281810354532374
0.24931869634617185
0.24880069569525703
0.2502693842401437
0.26621612898694935
0.2653897998554312
0.26406760335858587
0.27538748050615935
0.4866046659400144
0.629025880423988
0.6265030013287842
0.40562321585153793
0.28125355178522377
0.32761818891568223
0.32616899331543553
0.3071249296833109
0.2655873967302612
0.25940529195638773
0.25803641367085506
0.2568564752938781
0.2519200588090479
0.27134229749940386
0.2706349561941225
0.2700581886308091
0.2654051304635679
0.24500281222870432
0.24820867464773408
0.25740392402255013
0.269364348877381
0.280021772557279
0.2900817190429381
0.29969764258079246
0.35656574699185534
0.3737124062079863
0.3821404576613866
0.38840554708302716
0.4015251989976632
0.39524548835450857
0.39475430398191835
0.40143389284968534
0.4251018870729789
0.41874898012492706
0.40529341743701797
0.3969758055764934
0.39682586776296275
0.3862886192376799
0.3786748494530244
0.375617351249248
0.32994003609577416
0.3299930205289594
0.32014835038882794
0.322089249455905
0.32012651001819853
0.3105995818110018
0.30511664147925416
0.3023948898529271
0.30240837071497173
0.3022474674349041
0.3015965949878746
0.3406707898133482
0.2870388282002462
0.29741685930119804
0.2916940928306435
0.290371846909957
0.28793481475528127
0.2869603309751772
0.28699552955027907
0.2879062535612498
0.25593905099275766
0.2564513555609507
0.25681970087916534
0.25554560243314106
0.23803586101288074
0.23890835473663533
0.23952329917099904
0.24010618569112693
0.2352038181105399
0.23559091142676702
0.23595437002456532
0.2362093018135501
0.23100335214056358
0.23117143226691175
0.2313454057136206
0.23153810183496007
0.23000575339980223
0.23085885148083085
0.23127087301520588
0.2316897169162896
0.23313815398682422
0.23330056325614248
0.2335587858476581
0.23385678634327095
0.24332346131802804
0.24307604888189083
0.24268720489826537
0.24222541509533985
0.30322584303142974
0.23392673072678807
0.23026379204480807
0.23203317352786873
0.2496661188079066
0.2503490693062923
0.25035770220429454
0.24999724261173745
0.25754981731284415
0.2549824886529748
0.25591566842868674
0.25657881296227275
0.25989699389217985
0.2793829706858417
0.2788791703320708
0.2782342136583426
0.27514582495912926
0.25421005059532253
0.2570314914163847
0.25760360972992913
0.2649983621617357
0.27921722469500043
0.2866107305914569
0.2878079510118204
0.3117983186397125
0.2796469592945133
0.30336763686895557
0.31809205428093007
0.31540552079605855
0.3309983596034435
0.3448286233942679
0.3506421047472415
0.37330527450738715
0.38457689008836776
0.3743596538976935
0.3892457600199622
0.4091928814407251
0.35476873482191346
0.3444956065542157
0.34446418518855904
0.3631745191955106
0.3476882528910572
0.33995660774064346
0.3279220269269222
0.35637298087651353
0.35522827946883584
0.3585272528516528
0.3656198266222461
0.3600454667035646
0.35771736516733266
0.3554935470696585
0.3533266023572381
0.34442309813155997
0.3433766479042575
0.3363970739311684
0.33148626217235727
0.32252179715600404
0.3280661169908358
0.3019548326183116
0.3027135053353003
0.298957935168278
0.26761340887140317
0.28490653390114773
0.28502443262998933
0.27505749753530284
0.27569402871116383
0.2760961468978141
0.2765544521674368
0.25209976440580634
0.2519013929089807
0.2516380615153355
0.25143552859854873
0.23210701935588607
0.2316824398003636
0.2317658840297203
0.23170803968966003
0.22678342182207484
0.22710268783089682
0.22767826862835105
0.2282325894886945
0.22355704231469742
0.2242996013666862
0.2250664562580239
0.22586108478635958
0.22516355299640473
0.2257818346716144
0.22640035507612868
0.22688963240043272
0.22790673698927744
0.22755624552131357
0.22733993892680732
0.22722028782341885
0.23687879816079746
0.2369112364254879
0.23710925045717177
0.2373835464549999
0.3053865620407167
0.23927196199498404
0.22819163453659297
0.22989743803736012
0.24694888993427855
0.2469638148820377
0.23375996200248406
0.23379490885663265
0.24525906991732435
0.2444448435377493
0.25516017743587094
0.2533536631285896
0.24181382131140586
0.2610914251678978
0.2608995124742539
0.2606181258657139
0.2585102740226018
0.24676783116933595
0.2522610632814692
0.2568475349186964
0.2695317288927063
0.2865215102477448
0.2893632405872143
0.2841985629100239
0.2961760274791256
0.28046479806188324
0.2821926915761905
0.2837686499016404
0.31599084478745715
0.32954093949484764
0.3209683008019701
0.3160718418920499
0.32723905949476534
0.33156099868215944
0.3342433569655729
0.3106914569006538
0.3354543669625248
0.3348556232431596
0.33263938024552014
0.3301611460495934
0.33270779934556083
0.3559594072317188
0.3630784966505212
0.3644105367043812
0.3760730710899745
0.4114670959447591
0.3830430256781553
0.37320857539154756
0.3419823426041662
0.33065087480447236
0.3336112397844231
0.3349363588464316
0.33169292288923985
0.33172800506139943
0.3311908405004191
0.3312985802445956
0.32967938433065574
0.3302433525516374
0.331833071078204
0.3317208304725427
0.3151526496700494
0.31639359169519077
0.3191961433079211
0.3173696143578039
0.30322141159915283
0.30330277608391426
0.30211972202984305
0.2986528278829793
0.27657991563456047
0.28286589346136415
0.27724442635243274
0.2776116165384241
0.2560336446538579
0.25607479107959374
0.2560969671469448
0.2526647650093023
0.24784345551562592
0.24843005953788036
0.24901815098167357
0.24945407269575032
0.24454782743475656
0.24495627621818433
0.24533597701224785
0.24570168589677777
0.2445036539649167
0.24459611377318083
0.24467952869413892
0.24476559836870476
0.24625533180446466
0.2465293366047659
0.24668316498816847
0.24710911441324224
0.26480635847126444
0.26428284950327136
0.263430994665677
0.26245851984254576
0.30993405440480043
0.25043457584209505
0.2529614616834309
0.47369849241714995
0.6239852341666007
0.6257050261718782
0.4058241415932993
0.2785782222693895
0.30290498536148175
0.3010026957198537
0.30002051278537956
0.2988909098955569
0.31602411961028015
0.3353518364205842
0.34715824210836416
0.345860841616703
0.34220335897087917
0.32046066431430426
0.3016013409282083
0.27504542891527906
0.28619870033357464
0.2903228212619173
0.5086816477607861
0.6533259609590305
0.648560408625004
0.6276461236756359
0.6327294876328999
0.657735386083629
0.6827503901338048
0.7011863537287084
0.6859535059333943
0.4415960880038441
0.28781608866698377
0.3376366006368589
0.3364406251253229
0.3308416769656971
0.31548580130833903
0.28901075373233426
0.28905730169121696
0.28580724407457264
0.2917377470857981
0.29228963565507843
0.27140513836133734
0.3000318848054609
0.31516535486727004
0.313378951629226
0.34180304222336816
0.3407046675563327
0.3371540964918844
0.3357482186729403
0.33588537976524446
0.3364355212032061
0.3345951201078583
0.3355559687402845
0.33551659947194495
0.3353009756036733
0.3338292681927382
0.33373531819062674
0.334580707913485
0.3373487060686349
0.31886386093078123
0.32113495268058817
0.3224442088177953
0.3208971990302532
0.3052948475635636
0.30441617511277624
0.29410304502777046
0.2950115187467553
0.27160547428813
0.27223135327971226
0.27277795256722975
0.2733490542725008
0.2539680224820284
0.25347008875003985
0.25307526115096646
0.2527457698453648
0.24679189288201925
0.24633994615554317
0.24611676128049348
0.2460952023978199
0.24064715281186805
0.2405745805802112
0.24051906209921853
0.24049535576065487
0.23912555266518074
0.2393318828778581
0.23951878313250297
0.239693787406852
0.2411912058326794
0.24147515132994668
0.24187137536213343
0.24231315165772785
0.2516852187235456
0.2595820762431843
0.25917482096127276
0.2590704837002537
0.3147601238373368
0.2523616141374731
0.2530779101535356
0.25590048823263145
0.5063249910709167
0.6529179544579299
0.6389318019782104
0.6377242271797946
0.637608059599144
0.6265790383092433
0.6269263412610598
0.6267940826896781
0.41141383118183683
0.3155234854674123
0.32990839247446024
0.3168293867117197
0.31080344214867744
0.2713327948301024
0.24518187697526628
0.24592599547424823
0.2542447374792629
0.2881300167275029
0.287499086381979
0.28688915060060816
0.29725857634904695
0.2756376754237234
0.28755756343176525
0.28756036687936304
0.2859410732433805
0.2859469490572482
0.2858093853033903
0.2856592167691198
0.2909586451770914
0.2905588151347906
0.2899991248417769
0.27350649249777026
0.29512940421214795
0.2946987064157444
0.2944917811237131
0.2941214831860765
0.32406189843056754
0.3240375802585911
0.2992549138019637
0.29977001376458595
0.3150716016629589
0.31645345653762785
0.31742276162182265
0.3179709944766293
0.31982479334735325
0.34596340789753416
0.34716626028514386
0.3493752402243622
0.34482438289907885
0.34693740904126463
0.3479729102276995
0.34849898573873234
0.34603634185717774
0.34597389829179725
0.34579758739135286
0.3453745777422363
0.3303443265571464
0.33127397653756474
0.33160949531400363
0.33037409064952095
0.32142769499842583
0.32135603718014155
0.32100895348042935
0.3207150585957713
0.2802739502714613
0.2803823060908448
0.28101305157808004
0.2814416542161529
0.2627964496827717
0.2633267507077246
0.26386015389935963
0.264408742341743
0.264408742341743
0.2596511867395192
0.2596511867395192
0.2602459150651458
0.2602459150651458
0.26086040623222284
0.26086040623222284
0.2613270821074189
0.2613270821074189
0.24631979099806717
0.2503040182862444
0.2545339242220854
0.25507634651950944
0.2553193099341076
0.2556926715390194
0.2560207763427695
0.26571898874937816
0.2656997047091433
0.26472833624745346
0.26225014485659714
0.30698236741815677
0.2598630206095725
0.2593685769861777
0.2594416349683667
0.26048963750413084
0.26432648823023003
0.2645520551459382
0.2624181674172773
0.2703131126898794
0.27093061793222023
0.26867522147215905
0.268180253304349
0.27263201941698434
0.29081822715437927
0.27746409705127584
0.2787952636869342
0.2730524041870124
0.24996078891670406
0.25117084095217745
0.24895492790868598
0.2726916479181821
0.30538630561015684
0.30442463833511807
0.2891923253943403
0.28455829476249006
0.26360893344870834
0.24688410402018446
0.24563021224308235
0.28635223087884226
0.3138240333240217
0.31486587043194525
0.3529910053595601
0.3790835350664282
0.3844395484815055
0.3926582322174303
0.4196549603978991
0.4448442778407144
0.46055443938798407
0.46797438708262185
0.5185283354331163
0.549773096049693
0.5264443116479577
0.5016660339496761
0.4854566027554092
0.4662488143438927
0.44580572937007495
0.39296933080534246
0.37636563866702566
0.36593291862248367
0.37200751017965844
0.3972587116439642
0.40005084351803366
0.38855449255761754
0.3868231967498099
0.3857358904379427
0.39625734071756386
0.3827164775877213
0.37036695729232244
0.35169543564799577
0.3429257809294773
0.32768324922799263
0.31234012416547463
0.3162982425944983
0.31541715860191805
0.29577438488136165
0.2946109782961137
0.28743926391105756
0.2886511233337697
0.26347007240090325
0.25868300039922837
0.2599135439009814
0.2612369531842912
0.24297419928064848
0.24392820440794533
0.24486660182387723
0.2452684725532376
0.24031140738204848
0.2402501680874832
0.24019033334464357
0.24011020342659456
0.23529547004652548
0.23598395047439594
0.2367201816462092
0.2374934746255842
0.23654125883590296
0.23684561809119942
0.23712712923262866
0.2374009460098182
0.23860202823743548
0.23847660212039692
0.23915574939787004
0.23938774487254533
0.24889107819077513
0.2486255460182134
0.25325798044690917
0.250013126980291
0.3327231170222111
0.2548172626560484
0.2431212109754769
0.24459009916556199
0.26255179233873777
0.25061742296718115
0.2511332446451645
0.2509835160544093
0.24903537646013435
0.24855131817773604
0.24759305745098337
0.2465380984447238
0.2481265218131494
0.2670811924564696
0.26644206271318244
0.2657907461891228
0.2622455929551811
0.24147519669654693
0.2402341035880731
0.24776562790098786
0.24803263357232522
0.26810078077309213
0.2679816006113967
0.26759622471286426
0.2639180172873627
0.24426095467185505
0.2762709344710289
0.2623620909639659
0.2552786563754789
0.228306427868485
0.24596574781740788
0.24855996408720665
0.24936949055057198
0.23295018678416696
0.2328276613908344
0.23139004249376818
0.28552090613391373
0.31166453106811814
0.3141081942869214
0.31453360725547147
0.36254855262799146
0.36778221273345074
0.3508187736861726
0.3530357287409648
0.3821702568253316
0.33914630045855715
0.33120247504511163
0.32977574258394876
0.3637078597585013
0.365433579263601
0.3661934690338642
0.3669998549931099
0.3595740110202627
0.36626377101590707
0.3556496788919478
0.3496687028965898
0.340730826643517
0.3384383569073584
0.3370836211284954
0.33594995043636344
0.31353470766829855
0.2951954714035374
0.312451459679547
0.3113137614187896
0.2821150903800639
0.28337510362432483
0.2760632131744903
0.28409045320308784
0.25662490669691884
0.24973139110897669
0.2488488007511821
0.24816166905119263
0.22853923843658766
0.22812904951085697
0.2277329967349761
0.23083773677629385
0.2249939359365272
0.22619035638318105
0.22522318024893073
0.22708579934850248
0.22182144607007484
0.22152027704537314
0.22111296358689442
0.22068513961373107
0.21935190835114485
0.21946059836124274
0.21959394692712875
0.22059196539168277
0.222565650474388
0.22300185140178042
0.22376184519466666
0.22452490702313524
0.23367670125649995
0.23207313162587576
0.23122762057177693
0.23065508696956652
0.34213895965775154
0.2580073443433493
0.2321628779723078
0.22561941613971034
0.22950432548535613
0.2305322275560748
0.24266253712107097
0.25094734796318513
0.2818775239792872
0.266182892372005
0.27687828368990736
0.2703533966327274
0.2558013025538968
0.27752866161734563
0.49731284522469066
0.6427525186246793
0.6409138480923647
0.401230012128768
0.2840946241749446
0.3507521204905011
0.3530127594168485
0.3891990980413962
0.4311594696778731
0.42036997458663866
0.45495574782727843
0.4262733853264642
0.39704888570983754
0.33139154513757735
0.3144317093551369
0.3069113933278695
0.31379916748852
0.3025691970311859
0.3118864468843737
0.3176010399435945
0.3234792714566505
0.3266624233680607
0.35209443791725575
0.34996486597334425
0.3166734143193044
0.30871126509400004
0.3373010509196301
0.3353138838242925
0.3435350465801773
0.39514170927474035
0.4041234549803351
0.39456663863467073
0.42407498901970303
0.40329408699627955
0.388796343961266
0.390212343554442
0.39621649798746666
0.3939971333593532
0.3435896350324237
0.32531291628776915
0.32877118340796196
0.33218169113030765
0.33049933332644577
0.3097209569800884
0.3099162770959179
0.3100474340689113
0.31036121549460893
0.286543705289448
0.2984268419526526
0.2982428856004594
0.28917522241018917
0.2896132287951776
0.2907498532862227
0.2930601053969514
0.26974076798255053
0.2702270688569217
0.2702729040443105
0.2699815401955436
0.2515153026978946
0.2518921107894659
0.25207650832233075
0.25223673282326003
0.2466464158355467
0.24630262964376903
0.24577101068508322
0.24544753447764764
0.2397415029752358
0.2396529227713939
0.23981410742378076
0.24017575161161916
0.23913566344980752
0.23942496553616563
0.23971364631012543
0.24000491927150075
0.2433096339399802
0.23552755539123177
0.23833330879411857
0.24260520447309028
0.2594137068165138
0.26024845343630376
0.266366933348126
0.2680408660360299
0.33496667758276844
0.2669609800552807
0.2647814592730409
0.26440955829860185
0.27735873774039743
0.2764543209184146
0.27904096038138526
0.2774727299683325
0.2755354627295972
0.277926155217803
0.2678256749862888
0.25756589480085773
0.2625583766541172
0.28309628827560984
0.28366941192097406
0.28538514597436715
0.27787626694591605
0.2648196404180607
0.2659282011041521
0.2653960760724769
0.2750692406308116
0.29471573413198465
0.2952185060273328
0.29613142805373766
0.2927052367484867
0.27240874204744964
0.2717001828593845
0.27094811478012637
0.26792544764677656
0.26738731732673104
0.2671452615019263
0.2671115528451295
0.2681054758508336
0.266347713294255
0.26499556188631085
0.26379748745409326
0.29132799340015236
0.3071546550326951
0.3056031551698171
0.27331424511414987
0.29183164390542066
0.2952454903868595
0.29734333297717663
0.29376194746136036
0.3100052176577509
0.31050208971272114
0.3120247126073093
0.31207042335832774
0.3149302860086343
0.3235201950046192
0.3273179894708183
0.3301847855365523
0.3311655774823766
0.3326582011330211
0.33276307698045565
0.355899332513305
0.35490688850563507
0.35799951581167194
0.3609031864650487
0.3637036797674163
0.35318655697331186
0.3380136096954322
0.3380646521724382
0.33597017083386843
0.3109117611114742
0.30861599733741996
0.3066583532251021
0.3050778354147374
0.28021344654545116
0.28476997575922924
0.284051154637505
0.28354937114157386
0.261399857865677
0.2616325498132475
0.26170878735059694
0.2617721341357695
0.25416452380237387
0.25566897867322386
0.2572550350416675
0.25890361276930757
0.2543233644004832
0.2550827639610192
0.255806912160006
0.2565391273345152
0.2592038713086894
0.25656633218495106
0.2547266730087861
0.2566936561234012
0.2600128823766508
0.26101426376072334
0.2616862527963632
0.26209822370772795
0.28489275564108574
0.2842299490389155
0.2831672596562656
0.28241396346048286
0.31663601707511424
0.277188154628354
0.2760522298058373
0.2771464535362003
0.28076874670558116
0.28259815344242917
0.270083681408958
0.271331047802187
0.27058383949581627
0.2706094248029164
0.2710751202874736
0.27166919466037964
0.28721091408987176
0.30646222168554965
0.30582624535832914
0.30476457152771924
0.2897692018006393
0.2699845378438038
0.269490473055274
0.26970412398057336
0.27525229208790114
0.29298364518127856
0.291788618061174
0.29040862005087764
0.27137452717506394
0.251184783764671
0.2496798642127796
0.24951470706317694
0.2488207463736673
0.2598531780639145
0.2601273159845691
0.25986381399503955
0.2620816974975739
0.2635598312228916
0.26519918251056107
0.2669886290139691
0.26641084641152213
0.2657160957932642
0.26493974094725586
0.26400907058990375
0.2816219342085511
0.2814927616309468
0.282428062029746
0.30774854495499254
0.3219441689273304
0.3223655563330948
0.3225497473079088
0.32248273572428604
0.3242244547065699
0.32483545395610874
0.32540337091730587
0.32598329611331994
0.3037946135033643
0.3047363145835255
0.30542406125544175
0.3270469228120779
0.36401815206818794
0.3624882509270661
0.36153671273214244
0.3608326655189793
0.33909483405671664
0.3282263536685491
0.3302852368514927
0.3267614094090976
0.31259885813988775
0.31421109311418854
0.3150882127324767
0.3157206215348495
0.2883941292389177
0.2875995918873821
0.28518241437269476
0.28371816272185924
0.2606049200925697
0.2607776577268236
0.2607268119025463
0.260612701526309
0.25542100625180086
0.2572958075850375
0.2596653535515324
0.26250296999138195
0.2554465727112559
0.2543933913564425
0.25317941774252073
0.2524355667402038
0.2489668610188668
0.24890677717858134
0.24905891029878116
0.2492688977286087
0.25154191401559095
0.25195430028894533
0.2523982830922784
0.25292792231282796
0.485773210653158
0.6375067236655468
0.4185089999830803
0.29091989349690517
0.38708172231706967
0.29892685774900035
0.29548804417959756
0.2715623660316374
0.2714660590726373
0.27201182682013186
0.2725061833379049
0.27593001535573647
0.2716443545405992
0.2689321302387365
0.2742260990556311
0.2754417506311176
0.2794064826364988
0.29961600726001114
0.2999130489847297
0.2998308356724752
0.29898691002802874
0.28137583419855466
0.2822979975082552
0.27691482029283115
0.2897663372991195
0.30743164173997956
0.30493976095562597
0.3021542716361927
0.30029434522201276
0.49970067964548864
0.6488638779219715
0.6509536637654306
0.6483047147295029
0.6472561181551899
0.6465002984025422
0.6456528007101885
0.6463313952884224
0.4248627968927433
0.29571421201838677
0.3211720327261609
0.34110017513266594
0.34002486933029336
0.32194825750231476
0.29574569643112103
0.32734434839779425
0.3242221870657789
0.3230329189914613
0.32012405158640167
0.3446165274337792
0.3469818462697295
0.348038697032647
0.3488890853764701
0.3476630424280999
0.3479920229219352
0.3478229545235691
0.3491078538554645
0.3464391699983977
0.34710895914694134
0.3480832579455148
0.349062838726878
0.34794791754941684
0.34466700466427086
0.3450609985463449
0.3651537950734334
0.35599773077300845
0.3417410695062101
0.3405726448769164
0.34146810569970854
0.31353260362190505
0.30521245263907776
0.30511735648024996
0.3050943368970224
0.2809834455667622
0.28090778285033724
0.28093771137505197
0.28099558615765824
0.26244712174323476
0.26318295059586205
0.2639547858107288
0.26475123045176274
0.2593097314178708
0.2590466353675386
0.25877485366646713
0.25855484659203065
0.2534837661397226
0.25418403623413094
0.25488623933712895
0.2555952768292928
0.25469217045125553
0.2550888080361049
0.2554905773123442
0.25591222611604025
0.26103195967480297
0.2602441870520283
0.2594469469521578
0.26226052276989636
0.28558930426750184
0.28509347948766506
0.2837864431276808
0.2825553487765742
0.3143440118417405
0.2761637955194123
0.2737220888136308
0.2751815120589184
0.28916161045682554
0.284804902021561
0.281883981165523
0.2831215582521663
0.27571072095864085
0.27738121618585193
0.27771869413334027
0.2751882442020676
0.26893905792421263
0.2940343152552076
0.2802849322537415
0.28323028212822643
0.2794056282035176
0.2574931805151888
0.256489331807372
0.257000494245398
0.26446568435498874
0.28461837408456103
0.2982744444063939
0.28344515977882445
0.27777530176491966
0.2561043339467
0.25523180040877763
0.2537813641454709
0.250961358124306
0.250318425603154
0.24972997301725797
0.24921380410724436
0.2485580233469857
0.24571977186832702
0.24587255049346401
0.22990239179076863
0.24574834176277088
0.24550326086670163
0.2457719976297274
0.24647338906945437
0.2904914472356779
0.29062533316318495
0.2908583126784124
0.29225253929547346
0.3375451467358763
0.33888547556571375
0.340030211395958
0.33959275608899425
0.3391144675701344
0.339512861012412
0.3404867571783609
0.34005758244625106
0.3381440607211024
0.33938403845596327
0.34047951692582434
0.34028187107495844
0.33721396627658107
0.3401600983332727
0.3414212807226868
0.32265428850827116
0.3270011841556498
0.3153619331731799
0.3175595259282885
0.31520334667137495
0.30495143464542485
0.30404490473426526
0.30451204288991734
0.303498458478677
0.2832110538141087
0.28465837616145995
0.27899883230111083
0.2790160490680198
0.25934549622720426
0.26139495807653923
0.26269328313341506
0.26386624980856044
0.2601380153983864
0.26196308530965534
0.2639878537522249
0.2662545457546823
0.2609628506158869
0.26054870981484896
0.26001240620513477
0.2594759214574771
0.2586664227156695
0.2596705705010973
0.26074380784119255
0.26184112005915344
0.26411923175338015
0.2651483657656914
0.2662649774051834
0.26741006783033683
0.27665355885282866
0.274470090202804
0.27948237588731867
0.28083902703559643
0.30775490580340503
0.28243396015063027
0.28158074717868
0.28076484297286913
0.27983383462019845
0.27852953948921294
0.275861551421099
0.27478192513365274
0.27278933977747083
0.2734419962818052
0.2620752149689807
0.26294444568088565
0.26754568042646937
0.2871425773841418
0.28645354241775206
0.2854553476855821
0.27924768302192615
0.2581150245121386
0.25633403741469013
0.24129887840603848
0.2504946185616759
0.2695750959597076
0.26834878290515657
0.2659829319763496
0.2624424982718434
0.24277869354696
0.25687142734462276
0.2566752044080427
0.25544969878557594
0.2553630250269211
0.2553026031781391
0.25520650585001453
0.25646530182900074
0.2566923471909045
0.25668190410881736
0.25571601658419246
0.27480694516868165
0.274513071461089
0.2932631608635765
0.2926760321082767
0.321433607807446
0.3209226893503147
0.3210348304241866
0.3212526614332165
0.33958603231542467
0.34132155748594
0.342665687637795
0.3428160961719398
0.3417472831247054
0.3415457890908499
0.3162344077810314
0.31947342029482984
0.33864536212183843
0.33827142674746924
0.34067013433051874
0.3181460242968224
0.31851859088798823
0.3206097747888967
0.3389095848285867
0.3387610053512891
0.3368973856075749
0.33812635700968285
0.3251072306026146
0.3123367482953517
0.3053655670976982
0.30663981302942944
0.30535788275914927
0.30592602094502624
0.2800490333036993
0.2779719300422524
0.27973613450337437
0.2793143304847338
0.2595466183176109
0.2626477051971018
0.26434548974761246
0.26511873848773865
0.25945072109309425
0.2601344448780387
0.26020285292231726
0.2601353204141173
0.25468670826332
0.25433365902797117
0.254490060726977
0.25448898294611755
0.2534996632737635
0.253799905015327
0.25426912337756374
0.2547465018632824
0.2559332699218759
0.25577078166778716
0.2556817231684461
0.4747011671702606
0.6361312934143445
0.6343266009610619
0.41418200807477185
0.2859836040799529
0.3644767646234412
0.2804749705637886
0.25220104633382656
0.25344168795739036
0.2556231424689785
0.2550495574836827
0.2584863446122437
0.2585118324296223
0.269988745203379
0.2701177195121077
0.2696189596228594
0.2694130262752759
0.2732803093480137
0.29228677106270445
0.2919969959517936
0.290691410525358
0.2881885837870431
0.26633147969868837
0.2651994912034207
0.26409486165169277
0.27169719125185876
0.28930127773975456
0.27304226910953305
0.2709398446232467
0.25331338792605174
0.2339070644748509
0.24730703339870933
0.24720521742665502
0.24547445060816278
0.24468756054341317
0.24482516258752077
0.24451920933080273
0.2447480982291744
0.2455496391309568
0.25363260230238
0.2825365288849671
0.31478937702311505
0.3187311071439706
0.3299863707968059
0.3264780145979806
0.38087734142150864
0.39411476751302116
0.39506779664996766
0.39847933948486225
0.3964713492504601
0.39157537412257765
0.3905928303388422
0.39004710056086656
0.38542638493373155
0.37683659470285874
0.32256494235015054
0.3163144222474816
0.31206441748927816
0.316541702817161
0.30253991688085247
0.32642611024653134
0.3027687823055784
0.3035766252233888
0.30212574823646515
0.3021476109857075
0.2995214201177457
0.29499354543564593
0.30068870645504914
0.2974236487543231
0.2839286246019154
0.28392457363047335
0.2842124003871672
0.2846478140478882
0.25876938238655167
0.25921524565398
0.25956659896523243
0.2539547163903109
0.2346919831200755
0.23341060209764847
0.23394926310894493
0.2341546421529727
0.22933523300079867
0.22993546952059837
0.2305715543522959
0.23119436200714957
0.22574845919566616
0.22576491009291197
0.22472940616991754
0.22567110847247976
0.22757558148971574
0.22814283249467482
0.22851927691035137
0.2288671322621635
0.23039759743333385
0.23279594863018147
0.23413118161536817
0.2349777295764376
0.25463586334621474
0.2542728672098198
0.25425873453635045
0.2543634720136591
0.3638506885197764
0.25617654680635527
0.25876056939298553
0.24425463797751287
0.24810750146864294
0.2490347193648945
0.26210875036105274
0.2627092252939047
0.25925970563537265
0.2607701694047942
0.2620335599650271
0.26208505665422444
0.26645701371330444
0.2871927676616676
0.28800675605515036
0.2886094417327776
0.28730341691111755
0.26806010872434133
0.2687194655300409
0.26964593199479336
0.26604478001576215
0.28701462348705953
0.28792194310353747
0.28846605721269963
0.2848598720257549
0.27937676951635115
0.27934144081716694
0.2808246246672688
0.27759569577162574
0.2766993137710802
0.27555083016750853
0.2748212529682838
0.27607614826574295
0.2764270182629406
0.2762146049136018
0.27596926353117357
0.27875555186287987
0.2791332006240361
0.27665409740154057
0.2754266438222288
0.32354619489220104
0.322723372237107
0.3219864250604971
0.32153127067832077
0.3379053356386781
0.3379182534893218
0.34128502259709637
0.3438274901583484
0.3427653692160572
0.3440410364036222
0.34457351947760345
0.34487354297901945
0.34129732183281664
0.34138865210458513
0.3413322088979619
0.3405700041628971
0.3368897175257345
0.33747775581292905
0.33758021557265877
0.337459998540263
0.3358036132305332
0.3368830135289799
0.3236909634880654
0.32159321456394513
0.3051522442599113
0.3046217801844921
0.3039337013594832
0.3025430800297205
0.27427782977847737
0.27349722920609515
0.2749702430905158
0.2755964254279097
0.2507936126404377
0.2511040561892324
0.2513740360309085
0.2516453548685077
0.2462906876421271
0.24607526512129224
0.24591408343444232
0.2472347477474737
0.2394792095134176
0.2389215377553604
0.23826115313247687
0.23763651866097343
0.23503678199090425
0.23454111219839216
0.23424420626610898
0.23400953354151202
0.23483525865682234
0.2345959721470165
0.23443521788009836
0.2343010938093576
0.2431323878716994
0.24211882301476167
0.24130492670420878
0.24055865494798997
0.308351202357002
0.2377491933073343
0.228895102145915
0.23040844650681994
0.23411876494761774
0.23490469410387707
0.2351608728746743
0.23510459392336167
0.24716447534063113
0.24708872345770477
0.24703636705604165
0.24698487404588107
0.2476528056358338
0.26547409813585804
0.26435404135547846
0.2651253973335024
0.2639027459702769
0.24411552668810732
0.28881795324769144
0.3492727142503312
0.30626068859562117
0.28452935400220464
0.2636010093565424
0.26336462102790703
0.26406064280884545
0.24570232210236703
0.24541745188290492
0.24461837917594498
0.2435978368484934
0.24889809543897354
0.2542541282718799
0.283097266990082
0.32351120615691176
0.33449562570047897
0.33745832073464155
0.34052959195740945
0.371168147946359
0.37156863856180894
0.369787693627921
0.3667557486005146
0.369447965553349
0.3677704395966076
0.4176818110728416
0.40859725735750907
0.42637210950170823
0.4508798832909795
0.429440989880844
0.4260884701280673
0.38943868330774845
0.379382350903415
0.3737794722479143
0.3712073445304
0.36438262448899666
0.3638464286183804
0.37955941428434176
0.38961637114584885
0.38840824820941255
0.36529700526941
0.3499325993218794
0.32640605367430675
0.29950486247357017
0.28273489418507836
0.29990611242662263
0.29822931122807067
0.28236886294728614
0.2815176901036252
0.2810320887410574
0.280728168088545
0.25426870746744334
0.25416945024802634
0.2539909478686429
0.2536905476669433
0.23197491558311284
0.23254278860320063
0.22949839446172535
0.22994317376247417
0.22579180855132985
0.22811559773263418
0.23001716220727764
0.23133871590896352
0.22635075675307137
0.22737906577307918
0.22789490882166144
0.22829035952339555
0.2271571611909112
0.22757571301953966
0.2279954226561535
0.22841652804763185
0.2342581243471499
0.23297281964778482
0.23304997168647457
0.23542854906791558
0.2509619032977241
0.2512424832919745
0.2515562240721463
0.2519783587596522
0.32830404409378316
0.24629558353961
0.2440384084059403
0.24454191698258393
0.2487398082326241
0.2509803271741507
0.25283826933692805
0.25443899118359353
0.2540877707904343
0.25524115714662715
0.2669351160672161
0.26134556193044994
0.2666972645270818
0.284965613497918
0.2880146394269233
0.2890062297531202
0.2852697653395454
0.2695557306709526
0.2707496943555684
0.2712127335556006
0.29084015098735805
0.30910240496921565
0.30951806598897913
0.310363015866454
0.31201273184468725
0.27936241436800263
0.27984569901212986
0.27952976439470545
0.2768899580713058
0.27613882541149914
0.27560166093175825
0.2750816652465416
0.27669319983732477
0.29217805630577226
0.29122438034017606
0.2889022114176729
0.3138215426038907
0.31354611528320403
0.3131830064163161
0.31312523075550874
0.3253582855488162
0.3282897450620506
0.33182973226620793
0.33574077171140754
0.3533518248729149
0.35473578099766123
0.35387258086569345
0.35392014858366866
0.35460980576795503
0.38123613650510735
0.37997310727803485
0.36158025920298864
0.35810468772010434
0.3541790022027254
0.35236131267621684
0.35072322313186
0.3448410984244684
0.34499677828282316
0.3246895831867028
0.3229334521892278
0.33981544193075286
0.3404035049567414
0.3416194552882878
0.3372658437964442
0.30890129843614417
0.3084849601334934
0.3081215291802372
0.30787478752341924
0.2758829863916695
0.27635142393422135
0.2767491923211749
0.27689435366790854
0.258386647318222
0.2590247505121204
0.259624584821746
0.26022966673384224
0.2546083693343833
0.25626969112022746
0.2574287354301578
0.2584628018804837
0.25320940756676324
0.25323060630058286
0.25331419079715395
0.2534961040778591
0.2525028372230228
0.2529074214746847
0.25334901313553193
0.253630449837754
0.2549750932767815
0.25353583862616763
0.25586143053160176
0.2576053658589468
0.271023942921831
0.2713013396981021
0.2717593996075651
0.2705696974414383
0.3278429978002549
0.27107852755347234
0.26744918526886563
0.27174971744748516
0.27694105791875584
0.2769122967208554
0.27399297127339656
0.27620613646700953
0.27208789075836615
0.2708926908693499
0.2718121032012326
0.2701427144132855
0.2742590043067349
0.2951722108362325
0.29509080458216486
0.29431274407784536
0.29110259651329706
0.2692923729105382
0.26718030017671746
0.26546747930367204
0.2725184517340202
0.2902916014832886
0.2919187216211785
0.29180634612155354
0.2906099023893139
0.27148896617452023
0.27154425289637396
0.2714710891186917
0.26835365630892577
0.2673213671598661
0.2662245820448197
0.2656766720828771
0.26719158821650335
0.2664618232198843
0.2656467801725783
0.26534704213397026
0.2858278778502181
0.2848512490751897
0.2845076017018849
0.2927438679197006
0.32436264533356113
0.3196730107166101
0.317109294685778
0.31461927789542904
0.33246826955048925
0.33555102866291153
0.33676215324303893
0.365088529335576
0.33601958977009727
0.3375697042299966
0.31327005908741795
0.3139061340610308
0.31419519568466214
0.3143205757699244
0.31537227189945477
0.3164492515719476
0.33631080473755365
0.3371024436112715
0.33323604812214913
0.3139987407616172
0.3162571320532836
0.3153409292181562
0.3163090703943493
0.3160282088583584
0.28932048341896666
0.2904769466742881
0.29091788920272865
0.29065298202569834
0.2667002724687048
0.2674530068047087
0.26834830256131004
0.26886674932978416
0.2506801012206349
0.2512452064069355
0.2517541156556245
0.25215419701343394
0.24675532776169593
0.24656526688204417
0.2463783501822512
0.24624070770592307
0.24138268975826982
0.24203649112567102
0.24272168952865672
0.2434176718528297
0.24265944028174738
0.2431022761387638
0.2436704447363781
0.24425899612471721
0.24589156579780255
0.24624983620111
0.2466819620037101
0.24714332918580711
0.26486863663048293
0.2645640300879075
0.2647133325723186
0.26517171187084876
0.3047642016323936
0.2571935027658374
0.25687466802010794
0.25865138612252225
0.24752857398124495
0.24785048877191862
0.24753003355324374
0.24714181824456347
0.24546819584377472
0.24297461329004735
0.25366619977731664
0.2547760988368388
0.26882191193516675
0.287447187513726
0.2885670695246209
0.28740326046467635
0.28355926939749904
0.2665611484712827
0.26603293437618586
0.2648188846038012
0.2729959300176457
0.26467457703246045
0.27515886073404283
0.27751951948161785
0.26256055734955447
0.24489262994543587
0.24633262255655297
0.2478250356841367
0.24610127470463358
0.2445470769012404
0.24294786502612079
0.24188928150258354
0.23976355133797597
0.23896210827051093
0.23800914595174824
0.23634464140698844
0.2509357680133425
0.269388841706974
0.24895948878418583
0.2681625419284913
0.29121061124301767
0.2909690775534373
0.291446608276112
0.2921665870394012
0.3087751392707585
0.3368650285714202
0.3365066619453092
0.3372795493535521
0.3364744676733744
0.33718172901468046
0.3401068296607248
0.3422922045118099
0.3403996396468455
0.3420469422551618
0.34361499957034797
0.34662517639049056
0.3433818795226721
0.34346269316016165
0.3414972532973854
0.34238226496345464
0.3366488551632731
0.33401186369613484
0.3341046406208003
0.33203368130295163
0.3133887462141277
0.2993539644408432
0.3005222087738691
0.30126637717156796
0.2769638113017198
0.2776056522129536
0.2779203780931153
0.27790097667383096
0.2602550295235738
0.26190729047643113
0.2636835848936542
0.2656147731319627
0.26076882250915917
0.2608975959190657
0.2604742425420421
0.26070345913660925
0.25597142749473634
0.2567358749927494
0.2575690553578412
0.2584702008016218
0.25757524608822757
0.25790359427956555
0.2581915080727025
0.25685291787675596
0.26214236144350983
0.26253417092135023
0.2577107824240712
0.25654273795435073
0.2680322374912971
0.2676274019508505
0.2664130942610317
0.2648342068582114
0.2863110757003856
0.2423498585599018
0.25484386912960877
0.25472627839164363
0.25555088630573447
0.2549321293237262
0.25459383578870143
0.2543139696250611
0.25174748649341955
0.23927964071449637
0.25122980300885805
0.25067663017288383
0.25537010419713413
0.2754866644673034
0.263246785108658
0.2629562173150945
0.2587184708728168
0.23767012029615123
0.2379949252996387
0.2376414630888512
0.24474449403179527
0.26453751850777335
0.2648842916439692
0.2653815022312957
0.2627282846856391
0.2419436031087935
0.27102413250841034
0.2562474279029383
0.25444246058341474
0.2546472501575584
0.2541476648498552
0.2547128034277851
0.2544584748707851
0.253750359657593
0.253146654259773
0.25253572803670554
0.27044867682041107
0.2700766942038503
0.2701795033764773
0.2705885077978159
0.2954977912798511
0.296187160975822
0.32218294927357616
0.32268311915153375
0.3409386774909842
0.31493017399323714
0.31567662367436156
0.3152362885775496
0.3183819157575156
0.31965194035202
0.3437245656138942
0.3451227346167922
0.341106956147482
0.3415050517797674
0.34153143203790787
0.36016240904543456
0.352504681994952
0.352285381796604
0.33429080852683996
0.3358063407100265
0.33482858739088545
0.33567741118453365
0.3251451086760873
0.3245396352745716
0.3025548676432688
0.3035835484555415
0.30489662578360444
0.30643185190297223
0.28114582681967704
0.2797572176003147
0.2784185694682943
0.2773363576755354
0.2585687364009999
0.25929349337367236
0.2600985780179314
0.26093721838688344
0.25642726968146856
0.25725640422293516
0.2581015156685268
0.25880030099762924
0.25398763389945167
0.25442319021529314
0.2548221087519833
0.25521414024708716
0.2542748499924234
0.2546756264835105
0.2550734072112632
0.25546766236932933
0.2577934586102769
0.25799255600918564
0.2582276905990553
0.25844788121870926
0.27456064829324245
0.27290347797000963
0.2701073309414873
0.26670782091679657
0.30669515292788857
0.26550870295634493
0.25633970846986137
0.25653768232267204
0.26942252241089004
0.2682254647393191
0.2678415521446819
0.26436986687602926
0.260293358412395
0.25868785039428127
0.26034429123981334
0.2614457036087846
0.26604906140464063
0.2854594040570652
0.28504851785948987
0.284306418861477
0.2668283785905702
0.2450893592381561
0.24363908233916035
0.2420987973540171
0.2494850934634272
0.28331474632737746
0.28347951007690414
0.5054649302805737
0.6515158962864853
0.4126190500698105
0.28475206924937013
0.3109104745552053
0.3232237196042884
0.3279089052740546
0.2927596845429242
0.26283350476557416
0.2668889074979582
0.2667201703898087
0.2673036197072977
0.2676263602366788
0.28836044491712787
0.2876279537660019
0.2873164663008476
0.2872810970080887
0.31812734206831783
0.31967613154864377
0.3208439804590169
0.323669234226248
0.3416031432222486
0.34208638459288637
0.3139083609518659
0.31384193122172765
0.316935674074067
0.3183033396411818
0.319135535280542
0.343589467190185
0.3399435741482379
0.3395462911603539
0.3388286630947659
0.3385101100689042
0.33622564579089037
0.33155710484426937
0.3495824758823072
0.3486168083622678
0.3358119370082057
0.5432183939052794
0.7018661886230452
0.7000952961131258
0.6746232498413671
0.666276215817899
0.6661595987812177
0.438771657077213
0.2849489935373038
0.31149946731000167
0.31043540387039875
0.2867077258710142
0.24230847547605883
0.24438201353315211
0.24552412240243418
0.246434392318912
0.24011317006637936
0.23869086574655296
0.23738869105951055
0.23620533967158752
0.2321162169162461
0.23404281531355206
0.2361995294786044
0.23849113925339493
0.2380877194252893
0.23871469563848383
0.23926132903679995
0.23979380779224418
0.2402532494294821
0.2394409867402282
0.23867237244459374
0.23681245376520574
0.270288556535354
0.2542443376354253
0.25698176930931377
0.2571001029151632
0.34316649410028366
0.26109944081717495
0.2600265754368988
0.27407023237573075
0.2838221072752986
0.29092256648666714
0.29754793162699034
0.30459490923085986
0.29719296476886026
0.2985991274353537
0.2993921885758986
0.3003755650213144
0.2774822412337231
0.3037809310715726
0.30969562347636465
0.3189913291799482
0.3419211094996324
0.3455701973594071
0.35541190587406374
0.37686988053373494
0.3906037121384696
0.39880247985834644
0.3974290397710856
0.4079164755258723
0.3827023042372265
0.36666058464915147
0.39854119178240366
0.412871819715393
0.42082831890825756
0.42354490766270186
0.4221601817783571
0.41701644947514716
0.435712947109562
0.4425380289464968
0.4344296654248033
0.44914623080825283
0.498546113028684
0.5004989607872011
0.49903824234850325
0.4659106874057874
0.4634440480890965
0.45381421313157333
0.43666174019345455
0.42427390599758824
0.37055952198484327
0.34655494283604665
0.3321743932534646
0.3258490242707285
0.3154183253142814
0.30711421480641365
0.3397118240704232
0.3397903477381938
0.3325899772772988
0.3221814343613212
0.31220125351355166
0.3018736031164977
0.30188332318286426
0.3021079776989923
0.33314906305091857
0.3321288136775264
0.29973303284415315
0.28140444013747024
0.3108955768326629
0.30998437739480644
0.2899933937658265
0.29018458635684186
0.29049029757951056
0.29090257461098895
0.2565877043635144
0.2570923300183432
0.25727999384633965
0.2580689322153643
0.23677746649034537
0.2370318022335848
0.237226960883714
0.23741193462564728
0.229418993380428
0.23047219561717666
0.2315786338599814
0.23269649849321133
0.22797434093758093
0.22850146075241812
0.22898627139712308
0.22945800187987328
0.22966277557066428
0.23054363737025255
0.23126802438660796
0.23177349274624667
0.23635980221931982
0.2361669819990099
0.23605189004366173
0.23595172280354754
0.24041600489313317
0.23894415260403815
0.23763827758368708
0.2361729474248693
0.33174663013023514
0.2270576964290595
0.49097268716552506
0.43143610692583434
0.3377486016283979
0.39691883505771675
0.3868192888928996
0.33513106429887485
0.31174858903846486
0.3119479326578065
0.3198808467469907
0.3028508785779382
0.2958148015051577
0.3068048257016027
0.3110920048175996
0.3405273215979029
0.3641981899458676
0.35894202285793714
0.3900947459790017
0.41792613342863283
0.4591211978210966
0.5053530709057912
0.526995271891153
0.5443014372941197
0.5331327862683436
0.5202415417963454
0.5121065056218943
0.5106500110277935
0.49772613206068367
0.5074963456838195
0.5171832714499692
0.5223180018820008
0.56251349277659
0.5744032289969819
0.5763481802643459
0.5770915736935623
0.6121812971845478
0.6179676706061636
0.619612587986438
0.6351225845179984
0.6816214596902569
0.7115888916243394
0.6823054364858905
0.6731737430982715
0.6189410973594702
0.5691884157753975
0.5541051441400384
0.5393605557772329
0.5137624499143504
0.5078840511644849
0.46630770768511776
0.4371921451258565
0.4200288397315984
0.41219721973396567
0.4118440721659992
0.401676512126222
0.3924050358215338
0.39361114899197824
0.3636444123439878
0.36017597399567197
0.29680766486211446
0.28140444013747024
0.28140444013747024
0.28140444013747024
0.2750535968635028
0.2750535968635028
0.26727239262279817
0.26921445870704885
0.24306674839271109
0.23834423454432305
0.23900402078941207
0.23995992707022687
0.22149654305649213
0.22205823169525493
0.22261667543287922
0.2232143389671504
0.2183813032144544
0.21885392771049908
0.21932353461678003
0.21981024341884334
0.21505699517320095
0.21649220324085072
0.21785813923842687
0.2192846960207709
0.2186326980515509
0.2191330568872699
0.21958180284074763
0.2200148921554779
0.22522398302328944
0.22299594700363234
0.22221345820671287
0.22432595530693492
0.2438428248662172
0.2426620358006598
0.24133355783466176
0.23979665635474726
0.40208287109420776
0.35936815746773515
0.358132436508155
0.3711405010815832
0.4082184336616925
0.4091584621236647
0.4099876688767041
0.38963691014081037
0.3550331473708648
0.3562708154017522
0.36002371547246004
0.3638402586034856
0.3476834008647137
0.36386452429084176
0.3698324311558772
0.3831504788911649
0.40358706049663884
0.39013043593375785
0.4070033243482962
0.42582700741230833
0.4667536100567235
0.504435060218831
0.519784194170777
0.5335850861128071
0.5246874570823735
0.5157890941029644
0.5121201239960772
0.5704104639462994
0.6125275078804105
0.6593024793387107
0.7277350141136955
0.7812123409501854
0.7548520514781182
0.742399015249934
0.7326643851014959
0.7419148992258201
0.7577334359687373
0.7468881190021476
0.7484728958655239
0.744408895435535
0.7509770565033578
0.7882228116842225
0.7777137791174003
0.7386403851940434
0.6932241723965676
0.6651601747582225
0.6506537015522026
0.6429900055129579
0.6209109404398783
0.5916561106922874
0.5710883957575962
0.5588910016300049
0.5442345085287005
0.5357606601873249
0.5298243771351498
0.5213951995667326
0.5123111284817264
0.5062747795069146
0.5013356142817232
0.4972457114056748
0.29256908358578904
0.28140444013747024
0.28140444013747024
0.28140444013747024
0.26671808914908884
0.26671808914908884
0.26671808914908884
0.26671808914908884
0.23986329445286442
0.23986329445286442
0.23986329445286442
0.23986329445286442
0.2180582465309294
0.2180582465309294
0.2180582465309294
0.2180582465309294
0.21153864708117062
0.21153864708117062
0.21153864708117062
0.21167335045451782
0.20540762513522198
0.2056392250587983
0.20679434190300275
0.20788588345079909
0.20603528501896826
0.20639689549076287
0.20725007933241144
0.20793405769644366
0.20932813824758256
0.20797522161212423
0.2118285471185375
0.2127471850254177
0.22713073400997244
0.22374196536867
0.22346329581776425
0.22346329581776425
0.41323085690202593
0.3557853774774508
0.3530377816737628
0.3560540185504164
0.3765958323231863
0.35575459005784194
0.3560101979627294
0.35854191302909294
0.3383013051315978
0.3382188854116333
0.3401638518729748
0.34649265440436244
0.374256228090367
0.403295139093831
0.3947659193514066
0.390515549996161
0.4049220882642107
0.39400643214935704
0.3864897031388634
0.39080370980636703
0.3944584626333468
0.41834862430245656
0.42451707956455853
0.4299792334270416
0.4478614820121154
0.45513195812397045
0.4709204706206839
0.4840592487146479
0.5038802271960935
0.5235531168070823
0.5423417418845284
0.5610067463419046
0.5801812111946888
0.5931320919259615
0.6035590075072294
0.5954261272411923
0.6596646843421585
0.6811986913081742
0.6802297691210618
0.6775283822254095
0.6841327477745871
0.6576251284237613
0.6432174827699223
0.5960892310887345
0.5280039009047359
0.496425072317442
0.47601722472968433
0.4651311163116927
0.44732895350257185
0.43480147625261123
0.4647373589242108
0.45950434491826814
0.45221387983895167
0.4498279873109621
0.4476847515751835
0.44600264455331845
0.4375592535201921
0.43461695580080917
0.4323312843728322
0.4354811972090581
0.3081596812685712
0.2951954714035374
0.2951954714035374
0.2951954714035374
0.26671808914908884
0.26671808914908884
0.26671808914908884
0.26671808914908884
0.23986329445286442
0.23986329445286442
0.23376604969316753
0.23376604969316753
0.21601149149330204
0.2164918136022741
0.21724239761097835
0.21806597690519985
0.2135661244388482
0.21438594655773993
0.21519717487389692
0.2160168097775216
0.21148630160462875
0.21233066399340558
0.213063888989906
0.21392755654068527
0.21343798852397664
0.21426978469420405
0.21509628476074713
0.2159210378207373
0.21801878012636192
0.21885593511003068
0.21977481382562378
0.22071182816376933
0.2310121357453312
0.23163791390271138
0.23295065824833666
0.2344385375700949
0.31797849404196893
0.24943247950018438
0.23327527525524785
0.24101963463349887
0.25218547872834174
0.25276158755911515
0.2898057636082948
0.28231011413266305
0.3122879976004759
0.31091923370422236
0.3109950100275377
0.30217697917341224
0.2834084698231811
0.28662698576277673
0.2906370054497031
0.2934805042487498
0.25217804629057233
0.22481272912764738
0.22574184002118203
0.22671339639712226
0.23149114573804994
0.25016165285572933
0.24927505004737743
0.27762099739694496
0.3113557565150761
0.2930873907382775
0.2939958568684369
0.30045804483519206
0.30421369569440077
0.30702938739387037
0.30485868962353235
0.3037512623505735
0.29563347763060893
0.28569861540006636
0.2745408667407739
0.26184360078260976
0.313207285326127
0.31939178425184417
0.32387940171030033
0.32736089310711647
0.36574632730496126
0.36988473610768424
0.36483620444732023
0.3615956497518746
0.3702128995178276
0.35754332457904564
0.34798357155026605
0.33528999808888127
0.3292422468214048
0.33196395578470417
0.3291865452606463
0.3299847970403177
0.3266765752317517
0.32665633410072004
0.3275941939566083
0.3285056290541368
0.32633250594849933
0.3267762041622335
0.32623745750508915
0.3263467007274666
0.3035346108970595
0.29270841640460926
0.3085323457689032
0.3081000143143637
0.29312956101658655
0.29298121160147506
0.2836688047569798
0.284999055146969
0.2613037979419162
0.2615566800634608
0.2616775621219312
0.2616332159811715
0.24313338412581847
0.24381292461809484
0.24450897716024467
0.24522552974070905
0.24058510087475588
0.2412437728057305
0.24188950421223648
0.24254257047095545
0.23763396621486654
0.23790603952562547
0.23825957042878076
0.23862005232529943
0.23765052395722702
0.23801960449169374
0.23838347610698693
0.23874254141004547
0.23963174176411006
0.239127936473305
0.2386931137108511
0.23829589779194502
0.2455430127656535
0.24389506908757067
0.2424217035191968
0.24081674127598376
0.32158196991604593
0.2567219633228099
0.24492917594920544
0.2480738878530271
0.2538345078766514
0.256996166667039
0.260124553842788
0.26303080630044773
0.28003606288675004
0.2937599974782465
0.3121415772216251
0.31305286897401113
0.2846771755038802
0.3006857278384048
0.2921338954734737
0.3074642988592797
0.32200934503980727
0.2686821191639628
0.2750222786903419
0.28639861403443273
0.5185604790449585
0.6954544006590087
0.7254064401748449
0.5037048472211157
0.39803963109554147
0.4475944523720598
0.46962400013489297
0.4795063071699602
0.4882228010526942
0.49465417450898
0.5046777267536378
0.46472751924380024
0.40714600724194244
0.39717869511158865
0.3930938846812986
0.38823416659689614
0.41300307505909506
0.4148172092361822
0.4145704662146828
0.4129834872298408
0.4342326040167951
0.43320038281790185
0.4281718314338547
0.42467055568813644
0.45765143535914266
0.43482958592548865
0.4195145359880067
0.4071076440346521
0.3740004104181724
0.35260835558630016
0.3292936923792067
0.3338897032385843
0.3314976861114196
0.33268068860990974
0.33338444542765516
0.3327824665188401
0.312665358799193
0.31333827468849745
0.31355023006305827
0.31359112245106074
0.3004575007486416
0.29052749497535
0.30184628487016574
0.3004087588808722
0.2976015136362693
0.28858715795118706
0.2881831877326739
0.2882438584965023
0.26447194724079093
0.26469982742904447
0.2649821373125133
0.2650132877610717
0.24681373070495047
0.2467034401050411
0.24724373893800805
0.24795314801315077
0.2421858202404506
0.24187276865709476
0.24150590595783225
0.2401299736164558
0.23816183791396353
0.2404429477937002
0.24275854656766516
0.24513637357771068
0.2435928009646759
0.2442536226108373
0.24482469593153372
0.2440266343716297
0.24793261636576516
0.24998574582792557
0.2495531838637596
0.24944201617512166
0.26333953353527917
0.25820617428196846
0.26389982300400905
0.26295734056190884
0.35305220838932994
0.2836151027874715
0.2717904923461769
0.27235742617584896
0.2694174321768448
0.34867332785721583
0.3590343815115572
0.3174822266852598
0.266167307012683
0.26599941611822536
0.2741956402676799
0.25352528985813094
0.2527663250636853
0.2851220908565429
0.2851517149847484
0.2734971842895366
0.26180298392254453
0.25522033448282505
0.2540452857514299
0.25347285990635904
0.26119255311578277
0.26743368298245407
0.2687939876965802
0.2694711852168226
0.28281845160639685
0.26311343368776674
0.26256271032983086
0.2618277524580807
0.259209566805508
0.2597960574416949
0.25923943453074055
0.2594865255252848
0.26316907661394684
0.2619933055237475
0.26227237607983456
0.2622264053115242
0.288168326126597
0.29584243446751485
0.2842417344072413
0.28433562845833454
0.316358553277473
0.3188544397706609
0.31988699540479726
0.3230202668931224
0.34147956108173616
0.34159083388771416
0.3417064827973407
0.34276921444662983
0.34221407283494326
0.3416061349367372
0.341301305141031
0.33936615212536475
0.3353993457402199
0.33669760570196455
0.33044565928628616
0.3281786953085318
0.3262561624580383
0.30689862504978055
0.30715373481785263
0.30705642194303917
0.3063943030000154
0.29537807312061476
0.30911006459637513
0.3086323539643773
0.2937992238374563
0.29365586446739983
0.29376782374328303
0.2940372085325171
0.2681283461528978
0.26694615548498296
0.2669361677538663
0.2684675927982483
0.24746840937285072
0.2481268676084764
0.2487432178366397
0.24940325235563407
0.24326478062700854
0.24400945136085703
0.24458360045317218
0.24514141287204538
0.23909213778608168
0.23976619367334287
0.24046234329685706
0.24118906606474122
0.23934857860186765
0.23987762164850937
0.24043526357314962
0.2410459266350773
0.24232608702150457
0.24221974062762344
0.24215357873615637
0.24033881712660857
0.25272442888672053
0.2543081080051958
0.2535084091943402
0.25244406991843604
0.3255304103972796
0.2626635186664952
0.2553311031613198
0.2463487732743381
0.2543483893356738
0.2644434901668254
0.25134787125458374
0.2596241799705411
0.28627332915533
0.2848723594179324
0.2959371166390329
0.28942747714842737
0.2511125815757674
0.27226754636371
0.2703738879153896
0.27003939234664165
0.2923920719861147
0.27603553315450874
0.27930021748704725
0.28271800863801605
0.27773561826001697
0.29485153956393784
0.29743076875226565
0.29447100174827795
0.2833491430540529
0.2685342489624433
0.2733736878642129
0.2790258526990727
0.29410700371871085
0.31583112704989413
0.321720114273478
0.32986323716683
0.33968163715228844
0.36392326086743093
0.36204338038534445
0.356797299802853
0.38634184065950167
0.3896116707843056
0.389743789784367
0.3585839332018962
0.38606974442618225
0.3849927325372876
0.37533765798735447
0.36981419266042004
0.35417069985573324
0.34041131460005214
0.3155173953862108
0.3018848906598616
0.30642662306640983
0.3084328170923055
0.309093771272968
0.30939033507478814
0.30790079689378136
0.30695272649433697
0.3065373709088519
0.30553579968746863
0.3217064836878836
0.3218051658809097
0.3251058449601124
0.32750984507331
0.320271278773644
0.3088149394709028
0.31001262850534406
0.309301721218235
0.2863397651335007
0.28626519258896715
0.28641747634252884
0.28669720916320446
0.2623142183204622
0.2622128024583687
0.26202945621519547
0.2618921879412207
0.24304605644793054
0.2433762023641204
0.24370673080848823
0.24403921098715506
0.23857644468152428
0.2384769790225133
0.23836599270042835
0.238527478259941
0.2332083790287463
0.2332059273797955
0.23318227009807643
0.2331525029682497
0.23402075916686987
0.2345618047021548
0.2351858557356095
0.23588504960982665
0.23919137903499774
0.23974429184124382
0.24073735339172164
0.2418078713813134
0.25558977169540525
0.2542652050830012
0.26098699174459267
0.25935073173129447
0.3393037501072078
0.2508958355836675
0.24292178094216418
0.2466860521074705
0.24793214987008694
0.2594323377708706
0.24512958616547595
0.24435879103037553
0.2428376088133026
0.24365252094593912
0.463921979620243
0.6108113436799517
0.6114856764059075
0.41139441089903356
0.2960989012099798
0.3231113910056865
0.347455663800896
0.3516675672423173
0.3517789534642822
0.34876257725060056
0.3493198238995335
0.3680807870946716
0.37358081481623184
0.3642945927841132
0.32999092595237817
0.3144972004830998
0.31474505637737044
0.31349118935386355
0.3210480581042547
0.31640332219598977
0.31731763827722465
0.32436719556505106
0.3269150553519469
0.2962296015275401
0.2871377523034176
0.27981896275444834
0.30017480058478174
0.295013099588299
0.2906637677943328
0.28600452569786006
0.3165871184169965
0.31655116723354276
0.3202207210954124
0.31756368088988096
0.34685725894088626
0.36049274986637003
0.3517478848540558
0.34682767941975384
0.3287481553974785
0.33088861999472874
0.3322005796600278
0.33354386914832396
0.3279465294339112
0.3267744622148769
0.3259559414056063
0.32562154755643175
0.30416622534113086
0.30579314786780387
0.3077824628355376
0.3102245077927393
0.30535261868026176
0.2923412208845423
0.30556432192473565
0.31642508097824756
0.2890047573690149
0.2891722245229838
0.2892258944709457
0.2893535952780327
0.2633172992798329
0.2635657861086841
0.2579385566517661
0.25818028932950593
0.23818641032186816
0.23854187165896817
0.24200042626694296
0.24200149914611124
0.23588257566397383
0.2339900772233953
0.23434578021699976
0.2345243123284782
0.22971986837536978
0.23028312627153893
0.23084190266106344
0.23140171446855345
0.23037190781645608
0.23062475055413167
0.23086438748230925
0.23109896472525082
0.23240838542873934
0.23230250420537932
0.2323751560753552
0.23241992208219317
0.2414426891990857
0.24068182502386032
0.2400922039944163
0.45861653905805394
0.4733881849181312
0.282537806269435
0.32124483367395557
0.32461439117656393
0.33209274980548487
0.33600266221539177
0.33961126991987256
0.3435566172780618
0.32151092462629854
0.26545625756385505
0.273891565115213
0.24612692052350524
0.24169971336779517
0.2618428919773554
0.2618131561582979
0.2614185175931468
0.27318331525002104
0.25626461414432467
0.2586819013203869
0.26101947913923107
0.24526207090127056
0.2645056665926194
0.27760384248992814
0.28025137394973315
0.2751674417605616
0.2645995681844956
0.27577002187235805
0.27103768914539655
0.28592974318619535
0.30171252554857564
0.30423675141501383
0.30685768922157036
0.3142084492531385
0.3179296621730206
0.31844400772465464
0.32151555706671564
0.34923853212212036
0.3348140496676526
0.3412913029404419
0.3283399735514399
0.354731701599368
0.3530953985245119
0.35836715014370796
0.35214418889828303
0.36616883426113794
0.3604349805143951
0.3574659022693202
0.35480303572227073
0.34951552704373623
0.3461159309358656
0.34766697817740033
0.3443425705025036
0.3371414746720515
0.3332589937141849
0.3289598884937728
0.324873230029093
0.32240738449430173
0.3222402234235428
0.34363826032118083
0.34757000987109576
0.3270585007036584
0.31016751396919284
0.3144638559853463
0.3132993198564177
0.2929953275363671
0.2926224831500793
0.2845568595112564
0.28434289054121764
0.2525163564845338
0.2525968096702587
0.2525014135039919
0.2521159995928022
0.23306698971284895
0.2331731819155785
0.2332099106547279
0.23323845595614903
0.22875725970363744
0.2292252323434711
0.22954860561116758
0.22983578220233755
0.22460892839454277
0.2246500764216154
0.22457953156305646
0.22465793836771566
0.22363727882829207
0.22406678012347608
0.22456492528461874
0.22511986000940373
0.2268289461229383
0.22792741689010543
0.22611759740902052
0.22584899000088407
0.24859993768262423
0.249329530808791
0.2521316646608899
0.25309023255980023
0.3471949313163429
0.2761409747508358
0.28448669851300595
0.3443478128426332
0.2674488522102717
0.255196268225866
0.25559936286170143
0.25526383796988644
0.2521739112553517
0.25468528560278303
0.2558774432951079
0.2563146289805563
0.2579621627478602
0.2658688641022864
0.2659678667290956
0.2661084595641818
0.49791345121427766
0.6237622751272088
0.40255459532745363
0.275015784194596
0.31928092391008844
0.3489900154524984
0.3562859066617788
0.32117926137072655
0.27937757126935764
0.2608797976912757
0.26061314938641167
0.2599669461590413
0.25827248657485286
0.2620881509365855
0.2666064230415016
0.27053777472755264
0.27483230933927416
0.27665745528714264
0.2886137676923814
0.28390442990559733
0.3058725669476395
0.3058636992684644
0.307611978079554
0.30833436046294954
0.3620749599092622
0.35929068418518884
0.3536415283577083
0.3525374596888555
0.4090320025070958
0.4102317484551166
0.4050090288414824
0.404464402160122
0.36479466965845175
0.3224424715847725
0.31481096581278895
0.30965936911726144
0.3046188295643255
0.3014359302494187
0.30158960359569725
0.3014359302494187
0.32569692972495445
0.3293657373567122
0.32582194443194973
0.3248635155703296
0.31341763393056893
0.29776529084874365
0.31365008874215977
0.3119358110802527
0.2841772587592832
0.28363913791019546
0.27517069797331123
0.27468505039941793
0.23229521837119055
0.23296820399729073
0.23351078998282981
0.23405612849687374
0.22840207927537903
0.22788535782619554
0.2255550582227707
0.2263661741034636
0.22056881607010276
0.2207122450609419
0.2196275942506954
0.21955044930989043
0.2183490513672782
0.21855613899640616
0.21878786621679325
0.21903393197417842
0.22156012602670672
0.22216423466011223
0.22264345666017682
0.22328426990906383
0.23332547675752516
0.2336739596157602
0.2336449304950288
0.23399642648814298
0.3461142201823782
0.26964425499574246
0.24042167724822527
0.23982763213199215
0.22921806468133524
0.22957044345833183
0.22939201235322743
0.22886266830118432
0.22720042608971625
0.22662494716693837
0.22650558832538353
0.22635075116940276
0.22551265213986593
0.2440564845160211
0.2467962121360135
0.2502854735051196
0.26011138783533627
0.2541983825662803
0.254047649920173
0.2600795632265818
0.24944306230108307
0.26777898457269644
0.27037296146315265
0.2743688473163227
0.28742204800693905
0.3208234061621987
0.34398663861125695
0.356108485008183
0.34417213268860275
0.33544658136898553
0.3340223496961843
0.33543413033667424
0.5734614113256412
0.7352463503342509
0.771844729219895
0.7800913264371461
0.824589843352963
0.8379059559136643
0.6160357636617366
0.5177263055286421
0.6295425528741672
0.6015665510675647
0.5762408335992003
0.5415420558082003
0.534607084151939
0.5184595656004946
0.5047401776582056
0.4945811582310382
0.46788949897745885
0.4474559339474138
0.4357511642746471
0.4322147987882185
0.4075000354825057
0.39234968169727374
0.3805834662989275
0.37166805593991264
0.3632114074379181
0.3559849039751169
0.3505483494465006
0.34827997100858255
0.2983276775645199
0.28101798372885534
0.29370092651209645
0.29330671162404215
0.2768677174700168
0.2774906314293169
0.27600954700985963
0.27493961166761793
0.25116596896901217
0.2529893335525725
0.24904490016466266
0.25007776439483964
0.23180565912701054
0.23484748265890457
0.23537200558259505
0.23609041875569892
0.22793953528424762
0.2283809599490141
0.22878076819875595
0.22917391524101463
0.22438514837839915
0.22500830587977003
0.22565387606635795
0.22632740473161003
0.22503588399589478
0.22531907285265346
0.22563682608324595
0.22478490416672964
0.2294853751787517
0.23111777335098188
0.23074032441237713
0.22740593944039594
0.24323203004050245
0.24327939545466634
0.2444413203150464
0.24770602544048392
0.33760464085193376
0.2605366660668764
0.26182830901339027
0.26877050173585965
0.27720082278232305
0.29853863756890375
0.32131672215335155
0.31145388650233813
0.36268845678197753
0.386059523756094
0.38723381101798554
0.3814585663794262
0.35277042858049057
0.34247368304761616
0.35979615153634953
0.3480120892294008
0.3738403345279032
0.35445070134012213
0.3415338632378758
0.35033415609245394
0.3350872683914259
0.33433508258414174
0.33242719382039915
0.5707686076568649
0.7251560249929069
0.5086401898147924
0.39571702959379706
0.4751938839312568
0.49383599692689606
0.5012052151479566
0.44642522024787934
0.3700033998254779
0.35906002312751745
0.3574874131291003
0.3590589980842923
0.3606808104578978
0.360453989530035
0.35962353495180777
0.3429088589606668
0.34398855414274376
0.36307078050078817
0.41468548491036206
0.4098495839750111
0.40904007496583433
0.43031640140673344
0.4344986078660014
0.42399406581487287
0.43498730507033323
0.41059415667271865
0.4536887052354373
0.423168144862612
0.3921970996220108
0.3518724435271238
0.34064018054745726
0.3080679501568347
0.30339027515014266
0.30150495335807015
0.30207709477890093
0.3025213342553286
0.3027290849657521
0.28676036042368463
0.26998735259155204
0.28602986824113663
0.284946341375632
0.2750079168269322
0.2746658038258745
0.2746647879344598
0.2739962337169274
0.2512905074717407
0.25219031372212564
0.2534398457795924
0.2545178947474407
0.23605566405691195
0.23658416280793929
0.23707641536302093
0.23757037017743404
0.23288332708891601
0.23341346344219455
0.2341358758209124
0.23483787947578677
0.22992252786509895
0.2302962462869989
0.23064168721206235
0.23099703776083114
0.2299610793567842
0.23027472100985236
0.23060693394624995
0.23080799418584
0.23241341177653013
0.23276756183728373
0.4523194439403544
0.5971727908414205
0.6223473280615309
0.6231025320299132
0.621267507238565
0.6230691434703183
0.4907795526683329
0.27966113397330916
0.29351152757662313
0.3069234654517157
0.27304014805819943
0.247887433220032
0.2609828300230185
0.26014947552521134
0.2654899353353611
0.2796169532999994
0.2933589123423396
0.2855716451470989
0.27744753662698907
0.3103519160284496
0.31952379791291385
0.34704155319310476
0.3535969394027756
0.3390903470195562
0.3458727517192354
0.35374367935916334
0.35196463677835715
0.35868264540334505
0.3556829503428472
0.3818565112291855
0.3645476923943249
0.3552974332670566
0.3747400614712316
0.3923373575914832
0.40201536857845444
0.41233965777868065
0.4016233206596609
0.41034437319548833
0.4263292609633024
0.44140301622667755
0.4570546364617885
0.474478921552719
0.5115127469707723
0.5235078891894763
0.5558812862335384
0.5745529102995969
0.6165419200076248
0.6470125109117502
0.6597084298722136
0.6890387846434537
0.6428556233999871
0.6112140266688866
0.6162065599510729
0.5730276717882853
0.5116982294129583
0.48059690640666697
0.4259346449616539
0.40654484577754263
0.39307565593218996
0.3884611266997159
0.38818713984774683
0.38918135594967057
0.3958004703139462
0.4092552997251934
0.42243007744690314
0.4254460027738504
0.3067157245003451
0.28101798372885534
0.28101798372885534
0.28101798372885534
0.26637771345095484
0.26637771345095484
0.26637771345095484
0.26637771345095484
0.23958255496777262
0.23958255496777262
0.23958255496777262
0.45997249701812903
0.5851550034277311
0.5851550034277311
0.5851550034277311
0.5859777861626365
0.5804383186108292
0.5786495173038934
0.5786495173038934
0.5786495173038934
0.35059085632480247
0.22403093244760175
0.254580988682157
0.254580988682157
0.2532386979498733
0.2532386979498733
0.2532386979498733
0.2532386979498733
0.2548617534593727
0.2548617534593727
0.23449504930300244
0.20394499306844718
0.2147448520805111
0.21703123046775136
0.21688749618899833
0.2181232423085895
0.3678172738801256
0.228416017362555
0.2879163660165026
0.27705518137892815
0.27006798197892756
0.2653260308178076
0.2799542976510649
0.2798287885357454
0.2779333108895715
0.28600793374233247
0.31420881007294066
0.3112675309129659
0.3206066149892057
0.3468852440596576
0.34606401442205387
0.3450138792747229
0.3626497857505434
0.31317724849667616
0.35013983403035803
0.31719659259991867
0.32324195282892626
0.3521511478973318
0.35847495939003404
0.3642722119714117
0.37897563204449863
0.36539935523514444
0.3607785870042453
0.3444523689758421
0.3137808311276557
0.30472020710016884
0.2984079646042039
0.30623185901838545
0.29368005258971136
0.28884253669411514
0.2881796678239042
0.28559165089413885
0.3053872736595834
0.30293928647437024
0.3025819068637284
0.2943817632976889
0.3253183849518706
0.3246411795861308
0.3429714448800665
0.363600449271854
0.4076421614979624
0.4126933311424459
0.40092495524724503
0.367362240898703
0.3746097621854118
0.35269417104550693
0.34454238428753026
0.33274572161291177
0.3250053038459899
0.3252015427311243
0.3251473500321444
0.32508122351079366
0.32351084300473204
0.32505981555194347
0.3267043668506455
0.32708351288572524
0.31744994442549956
0.30552581221426445
0.30728211787810633
0.3069642494155202
0.29067396505909593
0.28901992396216675
0.2911309359506687
0.2907305503561502
0.2719287016730536
0.26711777584783375
0.2679246460367107
0.2686795108600116
0.24625471296038867
0.24520775383948842
0.24078265383226302
0.24012218869053423
0.2360576909996279
0.23803379283184722
0.24041766420269178
0.24311161140437532
0.23661978478948248
0.2349308752818867
0.23351851854824748
0.23266867759741405
0.23122432379529662
0.23135937707171456
0.23159608486001362
0.23052348238907844
0.23861813416474756
0.24023756147650083
0.24053934278699918
0.2429547552292525
0.2630759549687398
0.2629478049876139
0.25586357435565105
0.25585933828977625
0.32231573420331117
0.24801725938517025
0.24635475787505795
0.24650112820815853
0.24783815420695515
0.25184669896314227
0.2523098114413512
0.2519204030621972
0.2592132854410331
0.2561315780458558
0.2556352683678585
0.25507419585172225
0.2568912441451949
0.2750875843026754
0.2735130476791352
0.271827728672315
0.29430081138004677
0.27815969376680777
0.2828902212467324
0.2904009559468272
0.2686962840831617
0.2805666115319688
0.28397446099130086
0.2864034010076259
0.28683363848607746
0.2676830595394812
0.26765647222583683
0.26772212511816346
0.2507916080589452
0.24885623543217206
0.24657888450954896
0.24368208220932328
0.24461832776009065
0.24504956682391923
0.27408099791384577
0.3309722219874531
0.33337321755278904
0.2860062495375169
0.28598154186119806
0.287940476764708
0.3190451355498537
0.31986791087512434
0.31789009104834903
0.3174118267342253
0.33580569593666504
0.3304341451359525
0.33118868555372805
0.335585760842137
0.3380691038152083
0.33982406435930457
0.33998868211851957
0.33989637924763794
0.33695430577075486
0.33588270883620014
0.33495402541094343
0.33143627168199735
0.32703805331271973
0.3470104444414194
0.34646052731736
0.34697000980080434
0.3212091304866964
0.29843562941051116
0.31336178509098644
0.3140344334584345
0.29115427892994467
0.2908731281803728
0.2907434750582388
0.2907244328452901
0.2664469266489443
0.26624959884180477
0.26599449981458023
0.26576974965409117
0.24706679782784172
0.2479013424871677
0.24873725612005865
0.249586216675507
0.24474190050680977
0.24511228590473907
0.2454372755399543
0.2443622032231299
0.2407010857055537
0.2419113484199799
0.24290403307402797
0.24386094076816442
0.24354389310631946
0.24449341645316844
0.24567209730398346
0.2469175046870207
0.24786804831916964
0.2472880897654585
0.24678936968493448
0.24638087734693548
0.2635093874593711
0.26269992402952286
0.26038897887680046
0.26615087742373317
0.3375969576497534
0.2666328611188613
0.2548175732649022
0.25675048564614683
0.2608846738890866
0.24982183032549718
0.2507087808210308
0.2511490182860353
0.2479714968005733
0.24708688318884817
0.24647547812794093
0.2444304199762519
0.25776502781253735
0.2787210588647195
0.2792047255453591
0.27891764816679165
0.2795628338657466
0.26019180183180984
0.2600021314331183
0.2467978249996139
0.25569105491959226
0.27477182704628683
0.2748788066539778
0.2732205693407018
0.2729398335874749
0.25243116516724995
0.266805617787429
0.2674778006994753
0.2616229912334645
0.24832434844813217
0.23742829191013284
0.23795622368948344
0.24885936020968308
0.24557535954750978
0.2619962025766452
0.26125647579688754
0.29414812680925995
0.29505850598777317
0.2939478315923456
0.2921158017277505
0.33385542371684906
0.3378483363275105
0.3799118374789062
0.37444874124141864
0.3843756622288058
0.374760298104113
0.3602743448271593
0.5813464246359697
0.7224253897313885
0.5054834239264488
0.37953623599905395
0.3830566690700863
0.37958679262652023
0.37976982156281597
0.36173227456689705
0.3347914543070638
0.33276087438826907
0.33269718443341934
0.33181666678162736
0.3313925557966981
0.3370239193570352
0.32667888898288705
0.3268811738151059
0.32698818506144495
0.30663675395810613
0.2984395388789903
0.29717245249836843
0.2970579920064059
0.26534351243548493
0.2654382466017176
0.265126633646751
0.2648902521414456
0.24614336345072427
0.24663880383922665
0.24717129032389365
0.2477335393423332
0.24299378639993904
0.2438172932919754
0.24461368386440066
0.2454118597906689
0.2408302503124421
0.2415999735211495
0.24236294395861882
0.24312942033558144
0.244411759104949
0.2452541397057446
0.24598512964044683
0.24684022124288946
0.24975687718393041
0.24993707597281858
0.2493869112991739
0.25067953258946707
0.2779735890718382
0.2696886355593244
0.2701716562535843
0.26969075803008125
0.30052928049004163
0.2672113786556417
0.2574286657202668
0.2550799259617746
0.26814411763084944
0.26537980958912405
0.26311551538840033
0.2600335420169094
0.25284437148006883
0.25522731988423764
0.2528928177281821
0.25466068518921414
0.2584117018603556
0.27785624038029794
0.27639762314822836
0.2763097780209805
0.2762584952286294
0.2567253425660465
0.2558900849781329
0.255891460151125
0.2501078666787186
0.2687623927530198
0.2673748941661502
0.26632112318030193
0.25038257443250533
0.23050370390037245
0.24461065733596649
0.24704345870703323
0.24442384727913694
0.26001373595831695
0.24825090780858872
0.26656159538364
0.2658807262373288
0.2676740946427417
0.27533581491825865
0.2783970728766925
0.31082560357991973
0.3172998439269951
0.31572928417147855
0.31712144364619976
0.3508849740074757
0.3537605554474769
0.3528254965548293
0.3496432138495922
0.3660569325355288
0.3613908870048881
0.3748012545865214
0.37646179855221046
0.3584091547691152
0.3428764771347484
0.3257959782218596
0.3130708158340474
0.30247728743448077
0.3023013702412345
0.32627446778161184
0.32858011018633104
0.3069648367679484
0.3079228719839268
0.30838445911540174
0.3087023760876416
0.2870283031136598
0.2818598968956997
0.2889639754297672
0.28683628054431126
0.27718651482293
0.27687977953071413
0.2768030530386274
0.2768580370588018
0.2525345886324107
0.2521743729682062
0.25172579833233677
0.251875951419604
0.2327223436770642
0.23266827501523854
0.23264520237059233
0.2326718910072484
0.22806467989774898
0.23005927234065038
0.23230711674608137
0.2348610288300927
0.22979032545447922
0.22925095479708585
0.22884513482598476
0.22855550683491746
0.22850327659452108
0.22910168744931297
0.22988165373706465
0.23069822363487186
0.23055978067794866
0.23089202256062027
0.2312966024503546
0.2317304420341687
0.2410798618597363
0.24063255936453676
0.23977621359544943
0.23867818868008672
0.3149259485001072
0.24948984000375793
0.25430419302876583
0.2528488216723036
0.2675066693521534
0.27771674030031807
0.287598123792842
0.27836190091912355
0.2996896687830526
0.2945486616349989
0.31516992086271334
0.3222534312758719
0.29779698797997123
0.32369255365219235
0.33785990536590615
0.3275240939704617
0.3529375063521609
0.3304370285673018
0.32730306765402756
0.3094229535869207
0.27583803294041115
0.2933646401036734
0.299676531422121
0.3079620460624558
0.324174886851107
0.3236637125421828
0.38844494569851235
0.4042441759011867
0.41741964897652145
0.4141512424752992
0.4325750336640894
0.41070960004274865
0.40951654805769727
0.4086717152290933
0.4067602130335271
0.40524126997254967
0.4321742947712941
0.43080039569626294
0.43569218879220506
0.46278575238598746
0.45794253079622926
0.4577565692054974
0.49288969220743756
0.4971950124999507
0.5049857551563766
0.49642336120826147
0.5263606505960631
0.5216477269679509
0.4965317254516497
0.4723955334204171
0.4525507241273438
0.440161343563763
0.41545635214599236
0.40893730154158736
0.40592000080076845
0.4045392784507742
0.3913377099478162
0.38758424654711404
0.3810143595949589
0.36279755476859005
0.32708805160329496
0.29591109855653325
0.31454767009063295
0.30196908025217495
0.287382232384876
0.2868059545114507
0.2865306717788607
0.2866614176100267
0.25395405395429976
0.25306287040707176
0.25219466533459634
0.2514481503913042
0.23227376404038694
0.23234139560699024
0.23243485339703582
0.23255011396530645
0.22726398358051378
0.22725989815705552
0.22723022271974416
0.22719601168893636
0.22262294815123865
0.22386422394096464
0.22518318249493346
0.2265627257511398
0.2257013604270426
0.2259577012135403
0.22615113980448331
0.2263277389644111
0.2275791670131166
0.22756095152359007
0.22751919155520398
0.22762857149935325
0.23748702620993536
0.23771451288518616
0.23862293939029589
0.23739864431257884
0.32844555480235876
0.2667455011930282
0.2691049089428493
0.25851252107849154
0.2451564415448374
0.24180279716917386
0.22983011269054357
0.2294230800903596
0.23965938268755296
0.24027884513297929
0.24175899505022566
0.23059343559086734
0.23132158645889922
0.2501623086270385
0.2495574175455827
0.24900162427660058
0.2465562780192248
0.22698940216176455
0.2266135379124251
0.22634500058679694
0.2282956689826445
0.26375994864191543
0.2690852074240512
0.27789587291402307
0.3110628521349796
0.2972404117150816
0.30116967323679
0.3024284457687044
0.30824920561653163
0.31405224852078995
0.31844361349208283
0.29903955960671763
0.29300806096363397
0.2866315634846251
0.2988793913514422
0.2922215681368576
0.31279459399398546
0.3102824142598118
0.30944300501462596
0.31916397039485034
0.3508150315316879
0.3519225263518153
0.35392534267910825
0.35327390851962165
0.36988523817092295
0.36828265559200685
0.3578937223742181
0.34925837245682956
0.34130819336721424
0.3490574263869783
0.339672523898028
0.34406989113335557
0.33343440244300254
0.3255982793876863
0.3253458489444813
0.3249281463420139
0.3241237617083945
0.32409299354269383
0.3248785201352277
0.326573621819049
0.30598896678357423
0.294737500103066
0.3087451830895351
0.30830680788325093
0.283902820770642
0.2904039309175207
0.2913098787895785
0.28249684154862653
0.2598738065198156
0.26068889680797813
0.261240434375578
0.2615146240453882
0.2431027620307441
0.24362127243220819
0.24396709585576817
0.2444716280912706
0.23965359978249573
0.2401366300684635
0.24059966381755823
0.24105724341791537
0.23680588680637912
0.23980725927741114
0.24172109810458411
0.24331628754140902
0.2446649277532078
0.243584217528079
0.24376841186172454
0.24340392689587625
0.2450950122090512
0.24530700857235044
0.2455449410301877
0.4648690622837636
0.6203639212425771
0.6272007480432598
0.4161069100988298
0.28816488142680313
0.38447286484866955
0.2964184428795507
0.29521830436595303
0.2783784723786145
0.25638510480023274
0.25948458085356035
0.26243353597228175
0.27069192051687035
0.2776250951272465
0.2761320250212058
0.2752121636715566
0.2740257261420776
0.2764560002376449
0.29541818921202834
0.2945571194896089
0.29323672463722267
0.29125623765706055
0.27125344117320077
0.27117092905572027
0.2697946624640039
0.2835559783470252
0.3059430244671921
0.3231579237541345
0.31899031753664886
0.3197729609651331
0.29927613185933755
0.29741208223372106
0.29692750973725596
0.29302926758555187
0.28948286695087383
0.2891133995598037
0.2888213537936815
0.2946066626723789
0.29583865628969996
0.2971432842098572
0.29869579498961546
0.3025335046262317
0.30040385530933733
0.28052888167515166
0.27983520247556903
0.3048199131382072
0.3305294189782494
0.30610340151368365
0.3076210395194554
0.32212041809435826
0.32382193945065324
0.32661888206012263
0.3297184890981686
0.3333706737312343
0.3348890810322353
0.3578676714334357
0.3569035299301523
0.35541888601511135
0.35518410703341385
0.35402389917289373
0.35242206914528473
0.3295852175318342
0.3295300865973947
0.3293103012410102
0.32903977808082224
0.3271634320593935
0.3156659344046134
0.32605378633156895
0.32533529632913316
0.30981721186672395
0.3093055759298294
0.301261007350854
0.301409150263185
0.2774302166530642
0.27753922103758766
0.2773887756207455
0.2774691929947161
0.2584322092733441
0.25857127431710586
0.2588019076571918
0.25915316216489587
0.25417679961867023
0.2545059138012635
0.25481169214345145
0.2551195984626495
0.250985094710887
0.251350123976011
0.2517822349756587
0.25227983251350894
0.24960469605768543
0.24870894084114822
0.25085470282959005
0.25263843061920166
0.2561006020581379
0.2566201617719271
0.2571758222619713
0.25631109123109574
0.2702466336856301
0.27119909182749935
0.2632897054329236
0.2623766327202353
0.3058390489727764
0.2559807518161658
0.2530659612214148
0.2535445013748218
0.2544368416594544
0.2533093851956048
0.25244827172390577
0.2518680901981221
0.25827216728791746
0.48576479834263225
0.6488959394356167
0.643860526070211
0.41574132632054744
0.30809603621525095
0.33468057846146576
0.3463110370359244
0.3874083156931704
0.33038256232475977
0.27267364120020665
0.26946630663701515
0.27793382658966886
0.2968161960791398
0.29432394130689843
0.2940983256708833
0.31267436617319694
0.3041351267555685
0.3119548123589904
0.31479940590474326
0.3195599111871964
0.3273619403442403
0.31325007182036685
0.3209298827494742
0.33362610178822244
0.338447074439648
0.33990159595091535
0.34007888794394653
0.38339963448084885
0.3813328810663561
0.3816123921559758
0.39606529553921466
0.4486889850252011
0.45694007869047565
0.46003407433068133
0.458532288006867
0.44406927917112465
0.4269823259778015
0.3975259534187388
0.37319167187680075
0.34839173351937225
0.33827465177379884
0.3178224482657646
0.3024910473410046
0.30314834630666765
0.3045804738134691
0.28393830294437256
0.2846753760394852
0.2867136554595417
0.2874385418390125
0.28780030143835383
0.30667072705611154
0.30482546877085215
0.29305539318910073
0.3092914723000817
0.3095666526770972
0.2942119139555937
0.29350603113539897
0.29306348633434237
0.2849201275616488
0.2612594684626084
0.26158928956110683
0.2620523689559832
0.26249744229828353
0.2441605310167181
0.24500413145986485
0.24586647695968322
0.24675499399357306
0.24163288112364437
0.24167442777073891
0.241676841670705
0.24156867482669575
0.23638455067395497
0.23660012296776084
0.23681285728474516
0.23702715965533896
0.23807172268858087
0.23875460541741067
0.2394793343419861
0.24022785588112772
0.2408934500260693
0.24130132561006815
0.24140820615849923
0.241668739391672
0.2508338198040992
0.25024714351633176
0.2498853846013138
0.24829924523941937
0.3023645829161044
0.2598316550863002
0.260662856492726
0.26376023467334864
0.279632814842389
0.27428696618219806
0.26961366206765836
0.2757972950802447
0.27333213940490925
0.27266012295585773
0.2714430620811552
0.270102123252525
0.27308295023944107
0.2926203487378398
0.292352958394383
0.29192762983193316
0.2891015198868422
0.2671053809347826
0.2646204182387903
0.26424523307457054
0.2762284896022469
0.2976105209220372
0.29876417389869436
0.29976999680203986
0.29775816585500087
0.2781568194247168
0.2779521103088222
0.27754150836061847
0.27528203266129436
0.2744404883926106
0.2736397993788135
0.272862839680845
0.2577495980621178
0.2558019629172633
0.25370550523093033
0.25164526572896617
0.28550955981590953
0.2852483859039705
0.30294302203465723
0.30833810910995635
0.3536000160747525
0.36291734414588833
0.36235258778778334
0.3606409288765791
0.37675891327093575
0.374700254320002
0.3692474600552219
0.3621462174803946
0.3412033909586982
0.32883150600439515
0.3288083905253055
0.3307699384420979
0.3304126054950474
0.332044186716415
0.33372108833252123
0.3351272961981686
0.33291018025026653
0.3333690696578085
0.33382443741853235
0.3343193268603397
0.3092118490870211
0.2980534915862056
0.31079799315678647
0.3101683301666121
0.30157232296624414
0.3012324591976938
0.2928066512706758
0.2932813972275008
0.26768443930299
0.26821028292820154
0.26856811386909407
0.26889996001534844
0.2481860350433295
0.24921657831698804
0.25027396379666383
0.24806068806965542
0.24346750042842266
0.244083250993513
0.24465305137458737
0.24502449174283714
0.24017140615923316
0.2406247017790146
0.24107792618248033
0.24155425985081166
0.241518947083577
0.24269750869407936
0.2435745344173339
0.24426925168451977
0.2458309113324603
0.24605289184877696
0.24494658308176764
0.24624863838425806
0.2612530845680292
0.25877134187594847
0.2567298785988472
0.2573896814033922
0.3324722927932667
0.2700174213871666
0.25374469284075324
0.2637660798615456
0.2793059790127612
0.27461651694022304
0.28438277896947267
0.31073436071781535
0.28291034473128357
0.26707616314514687
0.2619053185429135
0.25265564401390184
0.25317803145026124
0.2735784455632522
0.27433679906823916
0.2700573785648776
0.2612245500302386
0.2449759642513174
0.25760925210815844
0.24406568286505503
0.2503831371402564
0.2688387892596241
0.26626316499446034
0.26635210280332483
0.2787860778135791
0.25948870115600964
0.2604637163182562
0.2612281096873465
0.2596584800995366
0.25936164421077795
0.2589820060694965
0.25825761648516643
0.26778493761547484
0.2739125530263585
0.27813367795328003
0.28328574768664727
0.31919802230234673
0.3239418419700615
0.3230165802506591
0.32081501504337684
0.3604391570523365
0.3748246715375579
0.4086989074935485
0.40618694220762697
0.38623412593355266
0.38169446881571184
0.37703866150235843
0.37335184541204436
0.35107553857614926
0.3374952652635531
0.32890914863678117
0.33060525379743705
0.3282256619432967
0.3277335737791926
0.32677124106195216
0.325840624568178
0.3228227283940158
0.3238571221008672
0.3250262239037906
0.32590516186901464
0.3170002553701569
0.3044220943477048
0.31982840838165333
0.31753658241911814
0.30366526961056495
0.304151926613892
0.30408602432752624
0.30383584429164784
0.2678869770320058
0.26849967965917565
0.26324793061749424
0.2638924795346084
0.24282957245196596
0.24306797128890043
0.24251593853221828
0.24328298918878283
0.23656625197290412
0.23808188212567616
0.23953142157113558
0.24104073928480912
0.23710448771905304
0.23713551169854186
0.23623326236967737
0.236415441391999
0.23655191579431833
0.23744383710356837
0.23821481382517787
0.2389804126480332
0.2406199129488462
0.240925787554777
0.24129197664994756
0.24167039084760097
0.2510960795073303
0.2510504345213393
0.2504852520011936
0.24979556747570933
0.3007281318589677
0.23236638902435558
0.2308448195214521
0.23170064255558104
0.23540489138331303
0.23563011758426644
0.23493824120812634
0.23383572334754948
0.24472179191053772
0.24233959119663276
0.2541067159331083
0.2427231373838109
0.2528267185575715
0.27375132427879917
0.28478355735012384
0.2759062744735138
0.2936280940847243
0.2812378398049629
0.2883001984833619
0.2817360150064965
0.2589061060420785
0.27905030204834097
0.2794693097123627
0.2797657575484087
0.27958729837447077
0.2599007920264226
0.25948870115600964
0.2662897277744678
0.2598961665926146
0.25854434407242793
0.2595993101735849
0.2607210092356649
0.24742686088943935
0.23272228573974899
0.2337744903681618
0.23406855828602716
0.2649725474347546
0.29455259223573377
0.3047067718213039
0.3111072560092713
0.3401609691843133
0.33327265302251763
0.3412020138782989
0.32608460800474354
0.3389536033845408
0.3030629601297931
0.3052179555648319
0.3340822409369829
0.3340894945296062
0.3349412637224786
0.33719165454598293
0.3141571621965534
0.315187772101115
0.3146604883217065
0.3134718031977776
0.3121186793170711
0.3110648073299193
0.307003243401934
0.3254444105618748
0.32426058402999636
0.314253262814447
0.3107233319412435
0.30435332921365965
0.30246983197092225
0.2789226418725042
0.27878880331443967
0.2788958048253251
0.2790888622926188
0.2535771898244346
0.2538815677201885
0.253861284722853
0.25422731200274684
0.23589695346902617
0.23689449410694613
0.23816657651940398
0.23978120633398453
0.2353115203869846
0.2359716684288521
0.23656696818761597
0.2371593114003176
0.23243491388766008
0.23311486276034935
0.233999946756437
0.23494885035907467
0.23429577516741737
0.2341621731663929
0.23255828984950738
0.23400075203269385
0.2371991267138797
0.23626446922497069
0.23680566020071042
0.23822490386079745
0.25158413872533647
0.25067007588073387
0.2510829795904917
0.2490253529506532
0.3292764736246249
0.26302497503243766
0.27507273674393157
0.27905162625263213
0.25945122164158846
0.25126306945622273
0.23785594466728435
0.24909029400109595
0.24666134457549338
0.2435757588152909
0.24850021321738291
0.2515400833995623
0.22480924824408158
0.24413272329240318
0.2445275957783638
0.2473865849250179
0.2624216327312619
0.24733094264654806
0.2517226346895616
0.25750600976033866
0.25773620679483167
0.30650140147670896
0.3089805044305177
0.34240752191794394
0.5767006891233446
0.7178454407623028
0.7713070517426579
0.5678251060050178
0.4712403055555774
0.5536116418953505
0.5726290129153359
0.5938106479779066
0.5752955144463204
0.5196536061283742
0.515557998014517
0.515283846631372
0.5385369826679268
0.5327590944875503
0.5237429969493749
0.5130127160396134
0.5487390357170729
0.5587670706257691
0.5551659582989721
0.539639830004401
0.5641715482549102
0.5342855716412357
0.5198655700924482
0.4955095794233382
0.4537235193709046
0.4223063531295907
0.38364131069053076
0.34665397963300904
0.33949581121277705
0.38462053410392144
0.36747082017842453
0.37396981243598576
0.3815346787625226
0.351052913224404
0.3548489324383383
0.3762725391721956
0.3127850937995699
0.2946033444722667
0.3078639758068258
0.30447289541816713
0.2876668533452646
0.281018058920953
0.2814919190571189
0.2820436318516115
0.25653894933568516
0.2572890866759096
0.25792622990840575
0.2570512781338734
0.23608177734877872
0.23720513887373093
0.23591499789834433
0.23502671261800143
0.2301080911566143
0.23008779788148329
0.2299680682135752
0.22987102830848727
0.2251552402238329
0.22597232065918968
0.22684106810542853
0.22774210677200965
0.22733928250993848
0.22832325070437165
0.22920078660986506
0.2303121564989694
0.23178241531272006
0.23183893424174223
0.23059600905109356
0.23177764266418857
0.24186705994896246
0.24206451720379327
0.2416238615552583
0.2410013768550904
0.3119129286948467
0.24561091945527988
0.22647572552205883
0.23461232781326774
0.25695165692226274
0.26735858660338363
0.2870552936093542
0.2973628963412409
0.2958611356809422
0.3242715329882066
0.3113835944031852
0.30333305900886076
0.30270476957308545
0.2958012673042997
0.2958985391972368
0.3113596057701208
0.3315719473393738
0.3058569844372576
0.28558851714379674
0.29005605826815417
0.2874475620366861
0.3212858152715563
0.3413669081440446
0.3646370342785326
0.3723709272279435
0.3639052893744992
0.38030985020071645
0.39490199779145096
0.4072006272797033
0.41787712488459317
0.439110761398297
0.4862316948350001
0.4704656983652332
0.5251417704921839
0.5459779720702259
0.573959234551596
0.5781300779485298
0.5725111252728156
0.5878944264641662
0.5811074448293656
0.6239057324516506
0.857373818009915
1.0130577704620352
0.7830322807997818
0.6767433803981439
0.7251047066416212
0.7197103506045972
0.7085557067961264
0.6476847266187362
0.5586133233378279
0.5231753765415377
0.4975391091501914
0.4660682481713602
0.458511829151477
0.44551548801097135
0.4355822507806148
0.3930967166484052
0.35429436204547043
0.3421604067960281
0.33090008257594516
0.2845864732966464
0.2674326229854441
0.2709773268613014
0.2769969035992887
0.26444531604024574
0.2646111273521449
0.26463683911674635
0.2648877910907528
0.2412379830274604
0.24171977468998507
0.24213112761131836
0.2425485003983712
0.224348379381992
0.22535376630082976
0.22637569523865728
0.22741401261415117
0.22288059461987367
0.2233897320198122
0.22412040510801184
0.2248096149083957
0.22004989390786855
0.22060876950491934
0.22114564300162073
0.22167322361654693
0.22075582774039396
0.22114594922300798
0.22152651273125062
0.22175194455820177
0.2234998694065727
0.22400212370771388
0.22458381722942242
0.2251783611496954
0.2347582456207851
0.23449423439519784
0.2421108625167306
0.2413221967442638
0.3459854517561254
0.24342271313461758
0.5194789799210854
0.6682474791896449
0.707136364954755
0.47199952516631916
0.3381148229589947
0.40967285123809194
0.41722778788759024
0.42254770003569364
0.4345677482036487
0.4335677949044971
0.42057274097020925
0.4457795625775273
0.45383895050997086
0.4712193622852431
0.5078255100148131
0.4890159732217132
0.5018428440602343
0.5071306914605352
0.45511162180889075
0.4260026068887018
0.4249468095814168
0.3969951664690927
0.40918271385522875
0.4143700491784263
0.4269383564655464
0.4455919505204285
0.4501340614095553
0.4516931760713442
0.45720477692751244
0.45118553215977825
0.4586566056561385
0.463645819652652
0.7109808848342604
0.663974177027885
0.5730871866869949
0.6399874116484647
0.6475133398100774
0.5906359269106977
0.5531964339134607
0.5379759597855447
0.5266673560567051
0.5185190743166342
0.5219118489101894
0.5044436597055618
0.4959064091875366
0.4835642770264899
0.4591193246582137
0.4441239616229295
0.425989166561893
0.403673463531345
0.383685560713392
0.3747810152609249
0.37135672955536453
0.3831606172609811
0.3670356416661231
0.36007716103502313
0.356504131388872
0.353843571484207
0.29914913142419985
0.2946033444722667
0.2926875679796602
0.2958444366133744
0.27948778971414123
0.2792258066138688
0.27117512832945156
0.27121931435678265
0.24693890063935842
0.2467852418976634
0.24666558897957103
0.2465269250719929
0.22787724831150266
0.22839569993617476
0.22890666793354275
0.2294125240341037
0.22491656697797735
0.22578706042496519
0.22665310878187114
0.22752142820909557
0.22250133960545762
0.22268199351827714
0.22264026839340997
0.22281063564431336
0.22174637039958234
0.22204449422394174
0.2223503132166797
0.22266355282332598
0.22425956021628513
0.22329964443630507
0.22545347317447115
0.2278874985934382
0.2414767076075651
0.24216136615106024
0.24993702982241905
0.2464723644183145
0.381710569818061
0.25730543505052944
0.3009480584287402
0.2816168500057661
0.2718397151761674
0.255072612158828
0.255072612158828
0.2578222296696701
0.2412790242216309
0.2442536929450175
0.2565484280192843
0.2549502164939454
0.25627788312565175
0.2759172538845719
0.26176241819335644
0.26249528893714286
0.260645033499854
0.2394514838084064
0.27063334939282774
0.2782580741146534
0.24482177582255035
0.2643683971652494
0.26321899543267363
0.26254888531469517
0.2785878954531377
0.2678863583791312
0.2744680023640243
0.28070444874708994
0.2833712420664401
0.26757582823754383
0.26124049054490645
0.2595551033179961
0.26642629529965467
0.2746771635730922
0.2827206420207402
0.3345703580407806
0.38786451847097764
0.39565195235813894
0.3983644102815014
0.398611303372537
0.4326940839962652
0.45517610482178594
0.4419376657243524
0.43263947851442236
0.43270887395598806
0.4305283558014745
0.41163003615564614
0.3995184694226403
0.3819051130702728
0.37647558303224005
0.3708927766013743
0.3676334196577575
0.32736445423899896
0.3164384455718251
0.3098231956396572
0.30476502808290623
0.3015881608263251
0.3025343234839034
0.3034670304597363
0.30409760303503935
0.3014999788033866
0.28754242198011976
0.3029307200398184
0.3026429306090736
0.2797150423953835
0.27964759971034525
0.27898074427576336
0.2861575395598573
0.26078591274176594
0.26143779730909283
0.26178304512965106
0.2622557266872611
0.2409549298299891
0.24120691094292734
0.2381062011925409
0.23834282620958133
0.23356639086847758
0.2341648758929895
0.23476296637518768
0.23536617914438618
0.2299417182910418
0.2296877685612765
0.22980156955960318
0.23001205322014365
0.22892496394572232
0.22922294699596363
0.22958225256303982
0.23001756286460592
0.23489430730037114
0.2353458405654191
0.23592459604064137
0.23640888642472802
0.2509594996084387
0.2505839772173869
0.24999040857380195
0.24915937715012018
0.3302166828069852
0.25663127194515567
0.24162777843929722
0.24307267005560249
0.2473334777417986
0.2483306792763011
0.24835551151788535
0.2477484712275441
0.24525279712011283
0.24333401567944146
0.24274475547603813
0.2452292551913881
0.24851563660329565
0.26833464419391106
0.2682078199646031
0.2679735102730481
0.278974741051919
0.2588087426050102
0.2578216694728577
0.2581325053139597
0.26518323862587245
0.2837920559524441
0.2688217208472943
0.26754213755540684
0.2665632503181411
0.2473041186679071
0.24716279935367869
0.2468361882403407
0.24589836726906794
0.24556384654975355
0.24578157925478836
0.2457872991215812
0.47025404868195886
0.4113368098704486
0.31352005126648347
0.3898510831121276
0.4777903909762147
0.46724354409512586
0.4106452468969505
0.4020477933549843
0.425872925962183
0.4199060166324468
0.4181860006008306
0.41659660204060944
0.42468503943457625
0.41463325734353756
0.4025205762048742
0.3895427207335862
0.3619946541201281
0.3413783976594153
0.32917135497353517
0.3321144803896578
0.3301083447701543
0.32990128818596876
0.3360031941136583
0.3407523110111215
0.3359874036620211
0.33077206454233166
0.32543760636418884
0.3270738935720992
0.31360665911585756
0.3082089150530049
0.31245155798531854
0.3088084736233449
0.28813646610322785
0.2878619511045639
0.28785271221641723
0.2879929880496076
0.2481916783837691
0.24868709609286385
0.2514798723283046
0.25255695826146835
0.2346571354798545
0.23576337108993095
0.23679747797419914
0.23780090725483205
0.23227212350609927
0.23327080120120974
0.23395051615833137
0.2344756725264664
0.2295945166750035
0.2300405858344021
0.23046414872693552
0.230878224113175
0.22977628220432625
0.22994012459469526
0.23021960703874628
0.22928722024137232
0.2343112910456212
0.23524682599431734
0.2340526329272216
0.23568611886534307
0.24940104076892167
0.2502424119649225
0.24804664660826573
0.24647212051075096
0.3429539608021018
0.26511868720320775
0.257979211889787
0.2589177594598894
0.26185509177219973
0.2628361706915696
0.2632875133626202
0.4827897497633558
0.6256809540448677
0.6254157171650466
0.40637676659838695
0.27763055950642485
0.30628296122511456
0.32381876445307173
0.30949384187705786
0.2909935573075081
0.2757621679461422
0.2560058232256743
0.2675664497217118
0.28029737380559194
0.2801482994911508
0.3051325349036927
0.29327187162352103
0.2938870032249617
0.2994696906634103
0.28754287111346527
0.2897455971550346
0.29261964637823923
0.2924640140727674
0.2988482414463928
0.2918452438818094
0.28693908163979165
0.30833383445477525
0.32155623622817864
0.2877992206795827
0.26083815026331014
0.286961602074753
0.31631219757279927
0.316156945189384
0.3126617321732056
0.32294310288717526
0.3308832906843367
0.36418961035698416
0.37273268415721916
0.38859700700536554
0.3865289244626037
0.3789712260806339
0.3709757832949766
0.3387858358787443
0.3217642233775882
0.30857522263704157
0.3023993037473462
0.305200483298608
0.3070692605459615
0.30728084055375887
0.30904148150831867
0.30849534826382824
0.30701102304832456
0.3067741158242817
0.30633289543009956
0.3037501277560635
0.3039475468677448
0.3190620026951111
0.31806160570262704
0.28961824832944455
0.2891081723624481
0.2885359917288628
0.28778058980406
0.26217011228960985
0.26254715549338836
0.25694651586171424
0.25715885990883014
0.23831101185615003
0.2380844211789546
0.23856590589204815
0.23884304870600082
0.2338585840343583
0.2341909478202672
0.23450511991076606
0.23481857480006105
0.22743849101076918
0.22858843353677985
0.22864736880089365
0.2285859984220021
0.22643683179035848
0.22636659998500944
0.22648986709740326
0.2266712609147022
0.2278106141272289
0.22763962863288198
0.22754596193673307
0.22747828338225567
0.23687199519092386
0.2366970954606589
0.23578756364387632
0.2335591212192516
0.3642241575265493
0.24190866012405998
0.29870647895129965
0.30569716304188405
0.2950275060554072
0.279605796637926
0.30602057590320264
0.3010298839700048
0.28716808039387504
0.28243972254930955
0.27175871582019473
0.2741605479181355
0.26037724444699384
0.2825857870433957
0.2860714248651501
0.2903112765145822
0.29130946229585564
0.27011847180381476
0.2732330343608637
0.27843329933955246
0.27658895833952346
0.30898323460675053
0.30686207393784465
0.3175101102487818
0.3504323347107546
0.3158533075959262
0.2986791271811792
0.284747696334775
0.2976128792695308
0.29770064622510395
0.33171239090310006
0.33511659735291566
0.34502362524422414
0.35779840312351097
0.3620958278942733
0.3858218610256316
0.4451421808710876
0.42331918406401703
0.421049003723929
0.42507160414587886
0.4675911575983155
0.4730545397988753
0.48090574269344055
0.4890113228480743
0.4988384132459186
0.4916911642638828
0.48375489360230767
0.4838207981295179
0.4799086946171994
0.44843775574803896
0.44280926444550095
0.42572387431012226
0.3983172629152343
0.3912244813010552
0.36218052475395474
0.35818204249389435
0.37492539050579066
0.3691457205236586
0.36401297330767496
0.3606797868898509
0.2971054771866561
0.28101798372885534
0.27209834345404393
0.2789652596215182
0.266182666978919
0.2664509824006524
0.2667150936811264
0.26702346709585323
0.2432170157795106
0.24352920274057305
0.24379132141207252
0.24408737707524863
0.2253874628318632
0.22564842682913056
0.22605331473701282
0.22644816247430993
0.221800424238035
0.22258214912679333
0.2234377358499112
0.22437501363489104
0.2191992271251048
0.21922808525614304
0.21924515776549455
0.2192958917073581
0.2177950561230016
0.21787569096680945
0.21790253302188198
0.21791014957703278
0.2195293058802774
0.21998046961159934
0.2205398917157382
0.21976943231828408
0.23786447609543282
0.2377808242914529
0.2358241887941534
0.2360579275335958
0.365687915126139
0.24117366193948342
0.2796944426022685
0.27031645323503345
0.27793556836682004
0.32992157665384936
0.3104339355494007
0.30605847362559585
0.28921194220709107
0.2865975782229942
0.30939220882563856
0.3051120142015878
0.25634088109722536
0.29851990720789345
0.29838070902669356
0.2899140970044765
0.3205457121267873
0.31025410614926885
0.307362246470655
0.31742596640793175
0.3030526607468839
0.31874037964071833
0.3274285432717065
0.327263551027235
0.344618426141686
0.3110813364876224
0.2920206793525804
0.2952775234954246
0.2962512403704556
0.31972634703070413
0.32196708941654073
0.3246700321304238
0.3285742438689738
0.33332642094333487
0.3369787263906337
0.33979827790362227
0.3790611689886426
0.3742799950771205
0.36773202253549153
0.36588384269406377
0.4039519290312223
0.4101492514697709
0.4128574162359782
0.4154891391262579
0.4393095870056794
0.4400594441295954
0.43469350539000007
0.42872561963952754
0.40960607070558686
0.39844694497053756
0.41835156918878824
0.4149485693413869
0.3821578829568734
0.4205861771116327
0.42854062599127624
0.4140336286659768
0.6327959726897633
0.788795599396433
0.7760040025159078
0.5421090606094392
0.34412018386214127
0.3591054656066034
0.3591054656066034
0.33216340616902407
0.2848354072897191
0.2858088683018987
0.28687939573504595
0.28738585620540286
0.24834456044122014
0.24922083241036647
0.24985268562174603
0.2504052355100957
0.23209112214826585
0.23304422670131017
0.23399285005084494
0.23495423958790596
0.23002687329617236
0.22959913619313865
0.23020708317281485
0.23048271777134058
0.2262174412451236
0.227524541046177
0.22890514436386566
0.23034442968946314
0.2287073557016858
0.22792852731187388
0.22729638068998728
0.22666652742584228
0.2278808453385029
0.22796993004850125
0.22817037504519358
0.22840006758706435
0.23854087453524803
0.23908214817142867
0.23960625940895572
0.2398107752744868
0.3248804504626355
0.25421376028050746
0.24192810389622335
0.24272205210125455
0.25668616179346526
0.24712631506201035
0.23046049906963345
0.2314004230288006
0.23169476531163125
0.2319635326741631
0.2320217724790046
0.23071611655961682
0.24618866378249907
0.278800763963021
0.27932547967530696
0.2679670153505
0.26718715747835997
0.24590746874652963
0.2443137320344153
0.24526071116972414
0.24922278611798385
0.26574728073847687
0.26679474148337257
0.2646305213681589
0.2807065318137385
0.2507775200627304
0.26268472720794256
0.2755995828711132
0.2632671001832071
0.2687282403693474
0.26495656379673943
0.2607006068938083
0.271374985007054
0.25506247866719145
0.26239532971645974
0.27018825867766283
0.3006016425107581
0.3144742020759276
0.34396077962268756
0.3433105823005407
0.3785199039619845
0.4212508359433373
0.4210066766200023
0.42712074055431587
0.4387069729720314
0.43562526419214465
0.6458923307556598
0.7984628215187608
0.764247596437337
0.5163883501059421
0.37802913273098787
0.4182304925071949
0.3985379857383102
0.3916249450541974
0.38717863144694337
0.3836980163871934
0.3762968757358418
0.37498145155468715
0.37350541585476
0.3768453693651923
0.3643783119775193
0.3319347441197808
0.3458992989690338
0.34357151525320334
0.3278860602688141
0.3274883409179431
0.3273474888184344
0.32732889428204814
0.3008403927840698
0.28289511318456784
0.25696596070236216
0.2525506905510442
0.23515688409057206
0.23654238638640632
0.23800192896912029
0.2394298280078726
0.2353559875331853
0.2365230635279319
0.23764542616292772
0.23875292989861122
0.23335091546954612
0.2330424965024353
0.23267553937117808
0.2322637757863667
0.23158877055477944
0.23268792341896025
0.2338448335543119
0.23419685337530594
0.2369497464065567
0.23770182501526893
0.2385790883847062
0.23941764426940615
0.2493459482179484
0.24943873398033184
0.2499697719594608
0.24966043593440923
0.3015985364982298
0.2355109282136551
0.2343309733775917
0.23486621639205182
0.23491811942298488
0.25230455366094556
0.26728712231521096
0.26351169756449766
0.27056172563037484
0.27279956575014025
0.26958112017449765
0.26696717537346
0.27208027677810925
0.2887370226182437
0.2913503787440638
0.29151079249374146
0.289856256759073
0.2707176823470408
0.2705876981458927
0.2709054651309905
0.2768179440335947
0.29287041155634524
0.2959369602559164
0.2940273031843636
0.30219351238398245
0.2755475162455758
0.280749942306975
0.3006823113057845
0.5052896282583158
0.6606128625255455
0.657089741678942
0.41973968479034063
0.3212050936941638
0.38742422033717144
0.40720824751882306
0.42000497664040565
0.4196023022150496
0.37444133527200063
0.36791475040769694
0.3682905346418784
0.41682518805595764
0.4108979137014342
0.4177545989332921
0.41598618002764165
0.4177155799863055
0.39045752767436354
0.35880606369331985
0.3357213214671721
0.3101806927465026
0.3162069681130765
0.31973999132183195
0.3208438747553147
0.3220746269083333
0.32384036905719876
0.3159383274169948
0.31437756877835127
0.3138118401298679
0.3135754701197213
0.31329766446674834
0.3114655607646082
0.3062315748974965
0.2965037754567232
0.29559484730025
0.2932461267013977
0.28465139862439215
0.2841375877588282
0.28354140188475724
0.28319151627322087
0.2579384823081781
0.2589164270545185
0.25909283290105034
0.259326912388492
0.24043358067886003
0.24062045953924818
0.24084989534818252
0.24113583085544513
0.2388829204002317
0.23831642086502436
0.23908575388450143
0.24110319941111052
0.23428745815042495
0.2347459991670767
0.23668286378168724
0.2378104113742757
0.23478016197010723
0.23480348578166946
0.2349523304060511
0.23606883739365705
0.23781117341026425
0.23800371629326447
0.23844010096967128
0.23885353385964583
0.24859359372794912
0.24830246639277173
0.24782913436135742
0.2459425168119427
0.3229061614081938
0.24689083533441217
0.2407813662824696
0.24227927084762518
0.24416790565102475
0.24269367971950923
0.24368384416575922
0.2437519049429689
0.26800614227881386
0.2879431458555397
0.29647650672742243
0.302613510323919
0.28224885988096854
0.29739827199963437
0.29586537450447903
0.29472750907794076
0.2879255285325175
0.2607908626822663
0.2599173570149997
0.26624901015750685
0.2643619231772804
0.29139012943324494
0.3103909833028058
0.31462782342065476
0.32664303587572974
0.3157350780606602
0.3228688699539551
0.3295965989028767
0.3318916117929546
0.3313977637117426
0.3310476817190229
0.3072026400816218
0.30929087580305503
0.3364616605448547
0.3390483678790698
0.33839857393232947
0.37475357397609443
0.3833845320638789
0.3900912861915971
0.39447222735366533
0.43120004112789817
0.3947716680965315
0.39175916869051686
0.3916966396294582
0.40494429843503416
0.38377364825867494
0.41680533201191844
0.4051851746584581
0.3859297120158533
0.3831067354772425
0.34709884807610614
0.330239913928676
0.32703350377041235
0.3284979518945971
0.32792809984951676
0.35428166310882026
0.3317149676812264
0.32372557681911984
0.3252544940999436
0.306650117717585
0.2924525516767784
0.2787191975300908
0.2929373362495507
0.2919230529133457
0.28158471131719115
0.2813835103363932
0.28157354611029894
0.2818604460332301
0.25649194488839294
0.2552095334953075
0.25417249662568053
0.2535704035714059
0.23472723322550615
0.23527176848045286
0.23579584816373805
0.23644383581249356
0.2316915670386673
0.2322241856328637
0.23273143757365727
0.23323905232380948
0.2280376952759165
0.22828249664249983
0.22867137498476667
0.2291916313531178
0.22928333857148048
0.2300170303111043
0.23100591882200994
0.23225086088175562
0.2339448147524201
0.23418317066962793
0.2368328883364214
0.23681032508493344
0.2511151148589531
0.25009488106334044
0.24885634193152592
0.24760292334832704
0.33647183720747514
0.2469867812443261
0.24250311166011665
0.2443684688275773
0.25852340506203175
0.25915066802098013
0.2649662043811757
0.27482989974000416
0.2912427988379868
0.28698346471932423
0.29214375542643467
0.2969408148249376
0.277389931945066
0.2858931343223217
0.28446925742898616
0.2847396746641665
0.5341165306249507
0.6976630501126548
0.6934762877073413
0.4778749078150773
0.35977186968639807
0.43176923661779654
0.4633840496238825
0.48956602183477
0.48289616502962873
0.4105150828471566
0.38518591351855547
0.36897532939593986
0.3429255349619104
0.33885917578185215
0.3304453693596787
0.3438505682265115
0.34409964842069946
0.3476768282910945
0.35254842134467773
0.35673701072196434
0.3966414131130469
0.4105609124956876
0.41241181322786985
0.41521747423670907
0.4630111689008424
0.4728853662824425
0.473045408572121
0.47459525257530466
0.505612046062988
0.5151623032524432
0.5238912858058555
0.5274988480978835
0.5015795691675384
0.47926514133503023
0.4545194367877795
0.42373700145737864
0.39656772073887064
0.3866883185483393
0.3805462246377546
0.3740138212060725
0.3609671698435976
0.350970223941967
0.3437299848644932
0.33226264448342385
0.29911554700798815
0.2891082218343133
0.2917403114599619
0.2885545287423016
0.2701506306640623
0.2717993801021006
0.272777717852263
0.273701097173982
0.24993868686757068
0.25022304954915053
0.25043001118056846
0.25066193483590016
0.23178242485441025
0.2320638742888884
0.23489894532881475
0.2349376764261736
0.22922787996139468
0.2303187841360764
0.23144870858259145
0.232341260706564
0.22620914924050706
0.22634983415111984
0.22647833553311075
0.2266761356785706
0.2243265099943994
0.22430966447802084
0.22449542375820458
0.22464730510388634
0.22620184459758216
0.22651647634856456
0.22690925890130847
0.22731013415750184
0.24541007554247743
0.24499304187999718
0.2441434204899662
0.2374295446334227
0.3296657516521783
0.26176387060879786
0.265664838379712
0.25664782679689896
0.26171619943082053
0.27529449489462543
0.2761813025719635
0.49669068782789416
0.41801681723262923
0.2905557376393548
0.31651315732731816
0.33645532760793323
0.32042792022181943
0.33514396187970547
0.3481305046518832
0.32154308481132315
0.31853898553863264
0.2544807900825381
0.2551677349966915
0.2551993205642323
0.263946275628026
0.28251643457150116
0.28149077200259687
0.2801325724293938
0.2854902362774208
0.27264706220244495
0.278381361682826
0.28618025543784703
0.281493240801288
0.2812808924012848
0.2805737143171783
0.2819284893025748
0.29078244768281347
0.2957994971471748
0.30965329903807076
0.3118622846140818
0.3535145134767756
0.35743940110646766
0.3578077468179824
0.36150292773050496
0.4035517135359062
0.411912603714822
0.40034026838693315
0.3935519697242456
0.3926193417162143
0.33729848950273034
0.31671636326070696
0.3363064038353424
0.33068248796078126
0.3310402020316453
0.3308305053360455
0.33503908519349335
0.33082703903701394
0.3320226394976283
0.33396394171650884
0.33142798612769603
0.33074288887260406
0.33095839489325096
0.3301807954753029
0.3301270720582978
0.3230419264735169
0.3128685856305925
0.32719544422330565
0.3272744252817347
0.29860166299024854
0.2981687484680305
0.2978571625134249
0.2973750933925307
0.2715613638123278
0.2712804053892329
0.2715127879804852
0.2718919224342014
0.2494621967338863
0.24848634316355092
0.24401689803253404
0.2431110883155732
0.2375061150741794
0.2373817985301288
0.23709894187477684
0.23712029982498656
0.23176150465535864
0.23182719434446286
0.23197114242754543
0.23084177164345043
0.2323797860086038
0.23242651916082677
0.2309738570207132
0.22884034226792163
0.2344265063182927
0.2357570252713996
0.23541267866156965
0.44566166827627246
0.6068587849716366
0.3953966492751316
0.2695007237530028
0.29612321710177786
0.39549942336412075
0.31372396005464454
0.28366188986429514
0.2429501574707163
0.2469220689519245
0.24780336167064793
0.2619968973336011
0.26227954972827916
0.26843909423469053
0.26555233135822964
0.2784405084820651
0.27646246164720584
0.26639050820887245
0.2855732024613749
0.2852477174044344
0.2849536469071381
0.28959496553714753
0.2715200038321372
0.27177576055896957
0.2712081167465719
0.27850201531809843
0.2971111291131612
0.29593069297635893
0.2948813702643382
0.302630677403081
0.28028642096289946
0.2819380752641404
0.2811676584856248
0.2820213700023516
0.29478785097822413
0.2920494860048364
0.29362362089188987
0.3178548031391273
0.3371268141425609
0.35606261094686714
0.39223832368737505
0.43140583840989266
0.4402678809694547
0.4208766855269268
0.39862299559752057
0.44797239961804314
0.457354178256573
0.4698447256366476
0.47353901470892845
0.46156859465664424
0.4345822690253217
0.3610158432764268
0.3312052750813337
0.36818488858543796
0.37041837590614884
0.367509117674054
0.35104218110818863
0.32536911350669223
0.32623733539586686
0.304225003318615
0.30548701448500043
0.3060115346154324
0.30662298703061647
0.30585130138408073
0.32530363512947374
0.31709057378175076
0.3023541786672872
0.30599014631723936
0.2930115419485626
0.28372540353795117
0.2832955194654076
0.2829737892836315
0.2827558923243637
0.2571681149577781
0.25589878422230566
0.25474901068370104
0.25391080955659484
0.23521823743738848
0.23596810500759774
0.2367768816508747
0.23760987556973953
0.2329400264190782
0.23354044073315133
0.23306014195165428
0.2333737578356101
0.22842562877331246
0.22887384807556743
0.22932414784926386
0.22978120349166253
0.22925762857917215
0.23015647170074638
0.2310805125599405
0.23201670176828412
0.23375225851991305
0.23393721402032255
0.2343806196157935
0.23480560028305633
0.2448273870632058
0.24512285221109467
0.24565737408019309
0.24624292195871958
0.3056411437696325
0.23601876880286046
0.24974548041736375
0.24939901232248557
0.2803493417456598
0.28125477773098123
0.28002781849712616
0.28055220968525196
0.2748931544683487
0.2614415769712732
0.25873460073488996
0.2742113684038058
0.2549565945713129
0.2718778761643316
0.2723795368282379
0.2705972487057784
0.28928784212908004
0.2775467010697671
0.2679750565414529
0.24239955425862292
0.2443554966409467
0.264711593070635
0.26481210572472413
0.26487214037177215
0.2644371330315037
0.24839923430222086
0.25102659623177276
0.2528415320735167
0.266466353583509
0.2662587768804888
0.2659983400569705
0.4710164153890276
0.6175339400945913
0.41363960519361637
0.28386940521115417
0.3316670626113825
0.38494665718923843
0.3953327444626918
0.3688879220274667
0.31535965541486977
0.35159113043661183
0.35549490150438295
0.3597024929833441
0.36246942533336
0.3888294166926348
0.39769425376726236
0.3951856449731317
0.4025699475369542
0.40583048474375183
0.38907820690266676
0.3877259021118305
0.37263862951902504
0.3381572587871856
0.32723578805861436
0.3250104379523232
0.325143709336819
0.3230521500931657
0.3236248810682706
0.3227381470876759
0.33120931120793584
0.314791352204876
0.31238236711786666
0.3194757015948691
0.32002222824239224
0.2918002025293582
0.29879228021942256
0.28205202523538414
0.28221505553381554
0.25870196989393646
0.25945434395649913
0.26016816013432453
0.26090643852793544
0.24194892434329734
0.24201028530176238
0.24202722757479453
0.2420404598190149
0.23643634684461767
0.23625389353191278
0.23607142244373416
0.23591130123750803
0.23030806982871482
0.23004917422847063
0.2297776562001227
0.2295068201108934
0.22841669595053446
0.22879396964619889
0.2292033290924206
0.22943746284578728
0.2310737075232165
0.23140520327466663
0.23180493630170695
0.23221753560237818
0.2419182178881005
0.2421119117730047
0.24232551089025273
0.2425720703194966
0.31277006859232026
0.2390286500538946
0.24141958058594887
0.2414925217011168
0.24405166373850765
0.24433748301978156
0.24393423179050505
0.23018960510402423
0.22833052126798872
0.22772613554116378
0.2274899844815076
0.22733133814593512
0.2413759146362429
0.2603619258171049
0.2600226792411048
0.2596727739038756
0.25963270479539613
0.24046144463928232
0.24025235990800425
0.2398084699092674
0.24597750762711076
0.2639809497765192
0.24953364694429211
0.2495198961671491
0.24789106201919592
0.2547898211581189
0.2618253454730896
0.267208453092186
0.26997034003688974
0.2722578303663286
0.27489467567024944
0.2779891989640985
0.31100021487598933
0.3153536260679077
0.31785661422277595
0.29350543513399957
0.3099556463112583
0.30383793341019044
0.2948953220107524
0.28444550990703465
0.34286684523835215
0.3426177687158836
0.3421657521593376
0.34442083585739947
0.3460081640561562
0.33803682336853325
0.3811155669178056
0.3911731183660393
0.37136263978943207
0.36032402762205923
0.3606832834203387
0.34215076275028017
0.5522311675171803
0.7399860332821778
0.7229078545376147
0.4974282924535862
0.34620640497171895
0.39641526033594815
0.3972185294298686
0.38799665809629497
0.32989018712470336
0.2844994956709943
0.2908094238837965
0.2900562536934508
0.2794597972656062
0.27910548126709983
0.27891037629826204
0.2787092642553894
0.25489844935294265
0.25479327369515387
0.25546923578208675
0.2559722194538103
0.2375703993687386
0.2383812704679865
0.23919743335941565
0.2400256858105643
0.23442147106231764
0.23394286141312196
0.23347940261249628
0.23311782499124423
0.22813923600741914
0.22903724648527632
0.2299761788192141
0.230971153367451
0.22979194505918044
0.22907582847423352
0.22838102236952113
0.22792817994105546
0.2295651383920976
0.23025505211810224
0.23107456087243547
0.23223079640966476
0.23968670435706166
0.2467279578956197
0.24644933175174846
0.24541885882886993
0.34505624723482764
0.24528737849429133
0.24121652160002605
0.24175647815463225
0.2576910872777891
0.27360812491288
0.3206233990298989
0.3178474213904841
0.3155311572048106
0.3246759207149079
0.3363542849538834
0.3478258932712723
0.33246412736548475
0.3457837130549338
0.31996048980335445
0.31352411142459957
0.30982232432525364
0.2919538208462153
0.2925253748622499
0.3112822870835298
0.3349067285365471
0.3917998731340655
0.3823736469739775
0.3933176110962474
0.3933172057869327
0.3752250373057817
0.3750866767532394
0.3725720715348993
0.36662378587657934
0.3605769998558527
0.37538942116317714
0.373763008077092
0.3866277567177644
0.42288001964337485
0.4326804610235604
0.4229695591252654
0.4536734789521949
0.45705905986561596
0.4609268535481209
0.4624297815649144
0.5226400790072733
0.5284629048304942
0.5271662412665143
0.5251757011025275
0.5413515418256428
0.5337231697366511
0.4840467859597951
0.4684683901086259
0.44383983673374855
0.4229272871315717
0.4026583505910937
0.3795010373544202
0.34840193609809544
0.33748517676886575
0.3780047291544853
0.3837766838764668
0.3784851944223018
0.37543726735535604
0.3696676685219762
0.3251454927314584
0.31283614453111747
0.2951954714035374
0.27575252762200725
0.2806855653293252
0.2682852644879252
0.2677606562930018
0.2746556879565254
0.2731601331261474
0.24771890465463542
0.24389786882042494
0.24366037719153147
0.24976104493477272
0.22999605997330597
0.22738822915094511
0.22799979085575964
0.2285402353705694
0.22392704924137444
0.22485604490384045
0.22578815178221803
0.22673252059869428
0.221443167972834
0.22135795097727
0.22128014413317448
0.22126902537261509
0.21973586372281453
0.21951759466104204
0.21931241200499074
0.21893348456616393
0.22059905767591464
0.22109428643551482
0.2216878672459606
0.22230403839505808
0.23130427840903148
0.23079104351827084
0.23042107469407064
0.2301724118358685
0.3578669371463818
0.22824936977021323
0.2749154636279776
0.4860786520661474
0.6513251640160717
0.6487993495721355
0.4108411405278626
0.2924500442526776
0.37986940449017237
0.38541113050415376
0.34826369174220473
0.29224576227734345
0.26941147972452967
0.28860574547231654
0.2945303667341351
0.3003475813079708
0.2942694643767099
0.2790115231759255
0.26025150410980274
0.2629105152654415
0.265449782565482
0.2907425205705756
0.2987970638047423
0.33120454539077626
0.3442969139364634
0.3094212027089925
0.3378542475147171
0.35004266771996745
0.3534956486642853
0.36262081398934465
0.3720948253493428
0.38256760358042885
0.42047355564390704
0.4190675004374932
0.4316675058172062
0.437798780493938
0.4826093563670363
0.4778393457106199
0.4877316697388367
0.5042104607664635
0.5284503628673273
0.5383006189889231
0.5499728687593033
0.5373881841234444
0.5598491279260097
0.5685883473797454
0.5400978019518774
0.5266883991805206
0.5045014436839522
0.5039675037982634
0.4857646881547066
0.47567222819910393
0.4376284953643592
0.4226071800522487
0.41796716781234083
0.40920130793618154
0.4001167827012438
0.39613193472072017
0.3670816146705764
0.3620782081414731
0.2971113052489913
0.28140444013747024
0.28658514430229876
0.3047500780487167
0.2798541815552864
0.279019092281868
0.277643946143637
0.2784821536189459
0.2553787982357166
0.2569994981037351
0.2511205459849943
0.2464293932815069
0.22319722193709535
0.22469459954070997
0.22509082506449676
0.2251673473512251
0.2195615969197719
0.2205526907902872
0.22159421526071843
0.22028553951982358
0.21520907700021738
0.21529828906017098
0.21519411378098277
0.21521142995085757
0.2140037644395604
0.21762961799473046
0.22079517415851227
0.2259777771769913
0.22949746398015794
0.22983830231963537
0.23016120334430815
0.23048560292529452
0.2512967382660902
0.24639651729288736
0.23615508327901774
0.23921135591225795
0.4152990503354985
0.2802013340930539
0.3573298956057264
0.35023117944240584
0.5461186660337761
0.6937479747947631
0.6885910678774754
0.44908454241963475
0.33373454424358395
0.39210271135092134
0.41914704043679446
0.43897814417866743
0.40751249428886555
0.36238401293537054
0.35731460342230514
0.35858271473733483
0.37370406512737814
0.34009939133626454
0.3305160499327068
0.2739839665716421
0.27468626691995235
0.30429141710358093
0.3048871108238143
0.30622725936082584
0.31492657564941806
0.296936086838035
0.3040202084213659
0.29669149896976627
0.287796129440758
0.2931291810875727
0.2787095228722043
0.28156843912414814
0.2974269899376871
0.28122284242421225
0.27991148172123415
0.26460907236852155
0.2850915132610001
0.2861392652351978
0.289290567203567
0.3002956397385312
0.3427421312177543
0.3486784961336015
0.3519368450957663
0.3533999936301016
0.3791541097061256
0.38717095099430693
0.4024107416039623
0.40134722468334993
0.37251996810298654
0.6041383809685783
0.7487819370104927
0.49803583240275534
0.3398278801656826
0.3767043935545397
0.3701920710656648
0.39128150650643057
0.3437510895438679
0.3033795514188441
0.3147877439561951
0.33030169370415324
0.2991195810548408
0.28140444013747024
0.3003452133885274
0.3015350590369145
0.27952353208780045
0.27997459355934906
0.280614096649542
0.28133324893802214
0.25755871469803193
0.25783154523891877
0.25717210305313987
0.2573110635716968
0.23931247056734048
0.24009585287757368
0.2407632624573287
0.24140815122549
0.23543342412187915
0.2345125657689735
0.23344740814901072
0.23254805286954033
0.22649539279941003
0.22590786827133036
0.22539881139450677
0.2249807339883876
0.2244259278918601
0.22555224164045862
0.22682354160042972
0.2281980529736231
0.2297123486768788
0.22954776049381528
0.22960184455404262
0.22964952020939303
0.24715136171394228
0.24682904981110942
0.2466789519119525
0.24661772489721984
0.3407983192727665
0.27166377540512515
0.2683814191844431
0.2712290557805737
0.27622195834209323
0.3022576621986856
0.30285636508367714
0.29057959029753727
0.29665708399571883
0.31069558659779933
0.31192093498924545
0.38333615158239365
0.3445900256406321
0.35153915940932823
0.33359242840340664
0.31941668820948493
0.3299799445758736
0.3193228767013115
0.30673003802137916
0.31335520011403406
0.32015197066739315
0.3319620248724862
0.310315205548023
0.31491373216558455
0.3197234741060316
0.3017424386100616
0.3071503511765609
0.32785457214720465
0.33449638819039346
0.33225535662520045
0.3322787481866887
0.31763815760907765
0.34485664603434535
0.3497830116652996
0.35212258660639467
0.3541544681128847
0.39328115100093847
0.40099064783899485
0.41339939337961473
0.41094188531445497
0.45244318275051637
0.45534706948929676
0.4548964054763508
0.45411859882773287
0.45872315956266013
0.44675377364113417
0.42266005167664766
0.39775506093580254
0.38739433081463037
0.3932368460512473
0.40145565802674094
0.408678731559963
0.3488511364001354
0.331846878496885
0.3314886578653366
0.3354050011317621
0.3016652320585548
0.30345526825092445
0.3247135002218125
0.30937014302847277
0.3048842812642976
0.29378958059034715
0.3088478853503096
0.29480387193120633
0.2846001430611223
0.2839326907906934
0.2835484228772356
0.28330857638987067
0.2587119222275057
0.25806940949543344
0.2573453995401473
0.26220980633884267
0.23646582054559162
0.23610229605120275
0.23581433160528498
0.23562996613457934
0.23059606141056344
0.2310281811315302
0.2313182142810647
0.2313638409763256
0.22701869320513923
0.2277133030585156
0.22832818906718477
0.22894474837892265
0.2286649471121011
0.2288410023575886
0.22914202008603898
0.22945355781805016
0.23101427676966474
0.2313066738878675
0.23167452740463707
0.23205528988116733
0.2406358853690098
0.2397561056897884
0.23895037386643803
0.23813633099400627
0.32598708253208386
0.23090048868075352
0.25562708918589294
0.2604890198871605
0.266179648773295
0.2705929536486214
0.274542302423177
0.258759750522555
0.2557549426469837
0.25970042963726114
0.26276021746358824
0.2664299436079846
0.24464837796270653
0.2572059351318559
0.25936364855798966
0.2634775506610065
0.29887007303646096
0.28894738555347005
0.2960331279244383
0.30530906843498423
0.3578936201951819
0.4072723744072736
0.43496320338189
0.4639632897445475
0.43782470142876473
0.42711177351504837
0.4386507401754076
0.4505821255947592
0.49211379115084486
0.5098657444696646
0.5165095792505903
0.5197976647796358
0.5109476852249772
0.5219952862229335
0.5335027759027235
0.5441839336421024
0.5618620242344302
0.5558386839961317
0.551401407384832
0.5838876751405264
0.6257138143222869
0.6367852987856045
0.639766384201341
0.6384360561412996
0.6604329475034393
0.6651962181939689
0.6741245280738165
0.6612937938035907
0.6300337243146591
0.5896347836854314
0.5425687670650446
0.5171700829847207
0.4680113602501699
0.44818629168507634
0.4457598877522804
0.4366531658225243
0.4368669593494257
0.45690521637165343
0.48118771149952994
0.510158796729204
0.291038299143057
0.28140444013747024
0.28140444013747024
0.28140444013747024
0.26671808914908884
0.26671808914908884
0.26671808914908884
0.26671808914908884
0.23986329445286442
0.23986329445286442
0.24596053921256134
0.24596053921256134
0.2180582465309294
0.2145195283083229
0.2145195283083229
0.2145195283083229
0.20910995688837317
0.20910995688837317
0.20910995688837317
0.20910995688837317
0.20370038546842337
0.20370038546842337
0.20370038546842337
0.20370038546842337
0.20236050521461912
0.20236050521461912
0.20236050521461912
0.20236050521461912
0.2039883816810773
0.2039883816810773
0.20741427641119298
0.2039883816810773
0.22346329581776425
0.22346329581776425
0.22346329581776425
0.22346329581776425
0.5469501166196014
0.49441585609506183
0.49515661750507434
0.4903056355927626
0.4816336009892306
0.47714519294547364
0.4989124527730056
0.5028799442186536
0.518111267786926
0.5030575315608278
0.48636211404791035
0.4906810631671598
0.5059880429853384
0.5646413854544057
0.5555551243253811
0.5670148944344182
0.5450445062742841
0.5131876233581976
0.5315267008018063
0.5239982149998718
0.5511590497451012
0.5808374318527066
0.57784430456509
0.5887167254937147
0.5969966025957922
0.5615276283329597
0.5744597991339114
0.5661060033100629
0.5638735744523389
0.5614387187101829
0.5852372109410607
0.8130427108622343
0.9778712652028164
0.9867263026877036
0.7571829195829416
0.639751325395532
0.7406416845613237
0.7605665086339266
0.772578268483528
0.7787403866427641
0.823383075864427
0.8306230333251051
0.830610298425523
0.8318648508320222
0.8054616529269317
0.7330309617742015
0.711148804773347
0.695494256230461
0.6756900102735176
0.6518793010559246
0.6341857658120164
0.6147539675733603
0.5721152994748796
0.5510823779773415
0.5366429777924411
0.5261600342750565
0.5117051452414718
0.5115267161001094
0.4980254062385589
0.48971803708571776
0.29322595834563053
0.28140444013747024
0.26761340887140317
0.26761340887140317
0.25838258143467496
0.25838258143467496
0.25838258143467496
0.25838258143467496
0.23376604969316753
0.23376604969316753
0.23376604969316753
0.23376604969316753
0.2145195283083229
0.2145195283083229
0.2145195283083229
0.2145195283083229
0.20910995688837317
0.20954068507181522
0.2108519571250601
0.21076614077604686
0.20637590676933812
0.20713383307437155
0.20788838024258582
0.20866747359910814
0.20712542887588206
0.2071331492838364
0.20732227994658403
0.20768163388156632
0.20937972613717099
0.20854824762786253
0.21184536632224887
0.2137624074534368
0.22829066831835956
0.22071556268769085
0.22124245442860527
0.22174809183546312
0.3632111827895194
0.2568725629632231
0.31245965580573687
0.31520528512392015
0.3232130777172305
0.3279250021188791
0.3317984163504548
0.3357199969630364
0.35037837200275296
0.37724481173130997
0.4234411017321282
0.39756534718569425
0.37892443384456487
0.39397254525690295
0.37898386378228427
0.3853024690691751
0.38625806656236295
0.3649440751892074
0.36713935916003354
0.34906028934954475
0.3449853449462265
0.3670055860057019
0.3487840786309077
0.3524235918147565
0.35735152580599916
0.3409013246928148
0.3529015690317819
0.3490103428683367
0.35051793749738336
0.3545226648881067
0.3619031104065437
0.36475021997263746
0.36632886367280176
0.3679760740653365
0.3698891512963465
0.3720408140734369
0.4049710407486109
0.41152152869574216
0.4177890937208441
0.4165875916911796
0.4485610512065728
0.49087032069687303
0.5839452381098587
0.6027156525673599
0.6293873259653229
0.6284532952432766
0.6076595503651826
0.5987992760744848
0.5733778456856538
0.5511002189808316
0.5100868514049163
0.49436982864428447
0.44778469426549833
0.4299567473100279
0.4200378756751245
0.42463927396944723
0.38450537685182945
0.37208469793206705
0.3659562010660482
0.3702395050885316
0.29748483308368273
0.28140444013747024
0.27372708239635773
0.2802783261674383
0.26599890966537676
0.26582435228800466
0.26622956536993975
0.26650568569817784
0.24278080263378674
0.24338606423626577
0.24298704426856338
0.24187196026925287
0.2242036834916346
0.22503843906196286
0.22564157399067872
0.2262021562881132
0.22140419023310492
0.22190120769879937
0.22235809926078828
0.22280771786896034
0.21787295733479434
0.21828209739002813
0.2184946429992639
0.2189044123503325
0.21824385079979944
0.21897790802221392
0.21972879315561178
0.22049183274503753
0.22263586410868333
0.21946204798617225
0.22307895986481652
0.2230393002710789
0.251914529710167
0.252618760935589
0.2540023275175526
0.2544138459087991
0.38954182291752437
0.31999874897584407
0.3016125216541273
0.29007611899941027
0.28059450083938364
0.26127194189613634
0.2604009810820443
0.2616322044676586
0.25933599360593085
0.25988767432555776
0.26023275157794107
0.26048285422061496
0.25085421513913314
0.2585039690791568
0.2583944916130179
0.2577700288856455
0.2536880361995394
0.24550640452251352
0.24592651337785645
0.24528039138599197
0.25290717542022434
0.2720562681468274
0.28562845887070143
0.26948150252067254
0.253858610315042
0.23347656815440965
0.23326426046892385
0.24855913356169254
0.2472013214921262
0.2470176700272596
0.25978812604634105
0.2727208317119216
0.26555225873259336
0.29941797857366603
0.26988790809013774
0.2669315759097022
0.32990338133337826
0.3374693609451712
0.3427275373855772
0.32018984443563026
0.3944254529305389
0.40508829675921804
0.4114310076047203
0.4093281608291044
0.4270783433186126
0.4642853053536909
0.4608227582740953
0.41878383953930104
0.3985795564794967
0.38694285422167896
0.37779006094234135
0.3681211944236203
0.34054577181897416
0.33392708379227026
0.33279064721535834
0.333394214396832
0.3271163599011916
0.32247539639661427
0.3236480044584607
0.3236112900001045
0.31318276878422113
0.2951954714035374
0.2902503760691394
0.29370530464118044
0.27045587019179657
0.2777267064988077
0.2692495076127728
0.2691934102471597
0.24527314233557987
0.2455586887159383
0.24576677482802284
0.2459671948168651
0.22691899680958807
0.22726167984116802
0.22755260084843446
0.227830693140408
0.2226304587607729
0.22271531971197994
0.22278378404548743
0.22286090231755215
0.21786909447932326
0.21831571375734624
0.21864146172200194
0.21911739445406558
0.21817754020823352
0.2185511693178085
0.2189160231738719
0.21927701914369155
0.22059434832704952
0.22057625699165376
0.22062130419209133
0.22067927509097185
0.22999114868845594
0.22937580174955502
0.22923728459206547
0.22912998686622205
0.3345422977424767
0.25609741281620274
0.2820101918908085
0.30761825577877694
0.2531502004346416
0.24273151511572577
0.24210507458019367
0.2989634610402065
0.2793149654935074
0.2650830977119135
0.26254076510320745
0.25775432366447154
0.25480078969460457
0.271159098032107
0.25750422325460876
0.2605865755810417
0.2784423882955519
0.2734835297056333
0.2739171822688573
0.27309098436960655
0.27594373573558173
0.314094889184006
0.3100937535350195
0.331632230038489
0.3485734634737561
0.31573368829303766
0.2900084836840851
0.2890035747572497
0.29025716435933757
0.2969882166923127
0.29444676371678136
0.3171141287693379
0.3313255876020279
0.3447901462276319
0.3520098868287339
0.359738319967736
0.40104208766796207
0.4100419993509293
0.41860424007022257
0.42315402888368286
0.4626235677978835
0.5045356468837923
0.4758394664544
0.4727584912466805
0.4848329430130987
0.47795845340488896
0.4666343993182897
0.45310717171450937
0.4406543664408411
0.43220634009573344
0.4291331009938288
0.42254733881794343
0.3883456717696555
0.3722481007870789
0.3622321808583784
0.35483273447844543
0.34715399749060394
0.3535798607632414
0.3842484267058022
0.3705083536180109
0.31150319988823305
0.2951954714035374
0.30054465854951623
0.3052629732402802
0.29064810895073856
0.29085156733597006
0.28972238582485066
0.29037338283717357
0.24698965113158486
0.24901336963452445
0.24976649216731103
0.25030493536827764
0.22637499800871588
0.22658689181247013
0.22570664483955863
0.22779061926853936
0.22311749130113823
0.22165854411393437
0.22365410835177352
0.2244740416184658
0.4377541068286065
0.36502070991783553
0.23712149931868318
0.2636791129710252
0.2598772253243403
0.2595805860788146
0.24190994391326645
0.2164932795340253
0.21951658460813908
0.22013721082925336
0.22048540980802542
0.21939928740347342
0.23638979911875754
0.23537590759374624
0.2344491073889848
0.23235674578001617
0.42885477563695035
0.3593218673845327
0.3407881542861655
0.33144132515356944
0.31696089615747297
0.32090379132419034
0.31532978917139987
0.28625139743517275
0.27149353543215526
0.26693468899847445
0.26587377146400837
0.26600230886052206
0.253255694257153
0.27486624405544513
0.5081384255381478
0.6700014354776435
0.6846247815024628
0.44055523794612905
0.3268759869510216
0.3900858328170273
0.39638422333270446
0.42310613406387326
0.3939386882237511
0.3406574723565078
0.3352608953356074
0.3146304490873298
0.3136509354334538
0.31333528658088206
0.3175968880986187
0.3173368175099991
0.3368612361743979
0.34127428426674433
0.356925930460019
0.36848524317816017
0.37777040884372703
0.38780059376873965
0.42833598195574835
0.43594115095747016
0.44000940446639736
0.4415339834186326
0.48657173535982223
0.49531071611755517
0.4970577743397995
0.4975574232204442
0.5117293921542413
0.501175335059436
0.48850241526071475
0.47616938404486964
0.46013136536711874
0.45331986526032725
0.45100412375193144
0.444880382292155
0.4034715148723799
0.3834616714754106
0.41087001871419293
0.4033783657426362
0.3683983170076045
0.3520133678983749
0.34014306218566204
0.3293939296687662
0.29951302532284246
0.28140444013747024
0.29428818426070624
0.29575203550123846
0.2716421107816021
0.2713785388979304
0.27093069891859145
0.27075145722770805
0.24677249488583217
0.24700316458722024
0.24715525326236337
0.24730462415382393
0.22851629369432783
0.22890944276233982
0.2292866424135947
0.22965761838109056
0.22416664082489246
0.2240445397601963
0.22392287004910782
0.22384240678993284
0.21906786446735563
0.2198123387945507
0.2205929404951786
0.22140155014408425
0.21976652935577987
0.2201028893855134
0.22059454076636834
0.22185759219057977
0.22350260076342274
0.2235866830680989
0.2236773111478518
0.2237651119623518
0.23267968494275107
0.2324403497964188
0.23267766607386572
0.23307093113184638
0.35692061429430105
0.2399087705472859
0.3028435245440294
0.2874066370772497
0.26415623936780475
0.2576799174193693
0.291020039593998
0.30544345959817176
0.3025686417731883
0.30187051499697576
0.28630980852927523
0.2924843134611235
0.26464628878249125
0.28586750340737666
0.29101809671740914
0.2965103562270886
0.3171843391820132
0.3051037107354769
0.31788626098657885
0.33946914816492185
0.29960323867712607
0.3047175355225449
0.3048577792163246
0.3192529779758215
0.31731331118797945
0.2988502223607833
0.32494865193084344
0.32991007773934616
0.32676714115867334
0.2994177172450938
0.29139505860407355
0.2845756251084376
0.27010579238806814
0.273805569048048
0.280163213951301
0.28481447612399596
0.3497780704302905
0.39028488942366896
0.3899525772679662
0.3972946501341547
0.44008429967799834
0.398845243005414
0.4537827122899406
0.43036411901286253
0.4345136061497135
0.42223032209316325
0.4040575044854542
0.3815572245808326
0.3816287513481596
0.4211112696275842
0.4498586128850109
0.4015163249392063
0.3663486318347945
0.3437043568308326
0.3414214838402034
0.3331768498689738
0.32364346878818734
0.3352488417277509
0.33193209609614766
0.33102049115278825
0.31322125240479953
0.29573824966532947
0.31472016595818514
0.313929009320539
0.29215469128549343
0.29170380541330476
0.2749663844892855
0.2745922152569075
0.2503547817192598
0.25029196754320215
0.24877747532009342
0.2532752668127247
0.2333276123444533
0.2344389012743861
0.23539249664713108
0.23633221683183406
0.23037211772196395
0.2307054787666326
0.2302599502698301
0.23101397596888726
0.2244165557961512
0.22420842051144704
0.22396087741194284
0.2237224576093294
0.22151377430609467
0.22180784087402397
0.2222950248114314
0.22277950396991997
0.22424641691701236
0.22438629167589044
0.2245912874126012
0.22481042819819974
0.2340812391744138
0.23222659028646947
0.23880573027506574
0.24036787794833875
0.3674357513782044
0.29412912865169694
0.24780571182657143
0.24654520950172146
0.241961537220537
0.2456428373604131
0.2583912079127207
0.2573958875896796
0.2541528620095418
0.2542676200184171
0.25666728422114454
0.47746927001808986
0.6253530907526819
0.42508770015052366
0.29671773583475464
0.32204963453968477
0.3504422728087486
0.34328805460784706
0.31663572270716966
0.2629401361298845
0.2616974565862109
0.2808720886543993
0.28482234298966574
0.2846372822343027
0.2834749387677823
0.2642995222878533
0.26447432076370697
0.26466889987129666
0.26332841853667327
0.2636119119506411
0.26397076670257963
0.2641712813229607
0.2515717026601849
0.25211100737310493
0.26633987419104943
0.2649634205188126
0.2866620967357876
0.28709201821140945
0.2899670841909676
0.29199149580776196
0.3211330085415887
0.3190707114770966
0.34520167138765506
0.349198352711512
0.39536687558228634
0.39329900183037536
0.38178481229692973
0.38524048645731374
0.38130510377370114
0.36892228490353834
0.37520709916509015
0.36101462693019365
0.3323437699572951
0.33775412725745063
0.358425927580792
0.3517298601523641
0.33816567428609323
0.3313277663394719
0.32303312668166306
0.3576987753667753
0.3272127035429108
0.31185414391628824
0.3030400460322794
0.3020171465833182
0.27910532801903126
0.27964308835895746
0.2800830256435362
0.28074439167111975
0.25669385948131895
0.2566583247812848
0.25650874892928005
0.25635027763692025
0.23720443871435415
0.23724689407218322
0.23728949175358163
0.23734561248935157
0.23292350308789814
0.23387085068088326
0.23514377731090022
0.23646082168383958
0.23179314180870142
0.23234490247331266
0.232853466475867
0.23335263500636658
0.23187338786125067
0.23158990573641777
0.23127750081116227
0.22942297198870218
0.23376599113183186
0.23585146992926828
0.2358318624088969
0.23752875846481053
0.2500769569713668
0.2459798638696316
0.24406654869132546
0.2516211937482351
0.36450352418473
0.28423554814944857
0.24125117539356766
0.24364362931872402
0.2345100033843729
0.23634422142471284
0.23784504158561987
0.23924831335738522
0.2395434401801477
0.238727333926427
0.23953569639277034
0.23998298147557137
0.24052455135224773
0.2597923397866368
0.2590321837182528
0.2573049050606805
0.2564756865681406
0.23705246380607906
0.23665747129937123
0.23613360082457746
0.24037032926723068
0.25899296107083725
0.2579963703089555
0.26943389079518104
0.26740367126673564
0.23408038739922843
0.234224394901092
0.23304655922552509
0.2329651808437335
0.23306510078804643
0.23341610737201263
0.23380183692170953
0.23161290652036035
0.2313619454301923
0.2303347830920258
0.24528251271440585
0.24471984318774354
0.24543906908517954
0.24624627790969023
0.24707659872739549
0.2929018885427348
0.296923996822572
0.28961840943357336
0.29160065315766565
0.3054877090529878
0.30583567727292826
0.3063575508298255
0.30703148213359127
0.307355118031439
0.30649148418941413
0.30558663731313596
0.30477091788450894
0.3047373516286374
0.3276958372623454
0.3292210993371139
0.33007355827742985
0.3286248423293355
0.3301848728677571
0.32996341715459077
0.3491860427263386
0.3118079573796562
0.3024011931845228
0.31365464686984446
0.31251456861272514
0.2871317169787891
0.2858217451289558
0.28428714730430477
0.2830406499320413
0.2591047337365146
0.26024585046566007
0.2612717929925121
0.2623077788444886
0.24441797321904624
0.2457595428459897
0.24713373904673458
0.24838021623362103
0.242151681675597
0.24074187096661684
0.23926015712827772
0.23784437979676934
0.23210921314048832
0.23197153789216843
0.23187834508250948
0.23180696067508352
0.23115062465294656
0.23191182984781364
0.23285461137131006
0.23384134984078178
0.23594282517204537
0.23677205217424604
0.23769080350358535
0.23863992312486548
0.24820196989003768
0.24786736684730795
0.24771251984805953
0.24757926129862734
0.31932651627811437
0.2581353949471427
0.2412264855086072
0.23549786886151003
0.24068366890059334
0.24152053041979366
0.24144782684922725
0.23978247900089072
0.25085341169026526
0.25199409262667893
0.24987076544411646
0.25126874881755756
0.23824190999557496
0.25462973140225736
0.26538246352967065
0.2643766376481723
0.26240882245505875
0.24225579172446574
0.2448549959258813
0.24537421195072337
0.23829343777109402
0.258243697920612
0.2585219232210501
0.25852789788647645
0.25636218643286934
0.249437060519339
0.24878913614807122
0.24764484392864153
0.24584848448596897
0.2454645184809313
0.2309947675831367
0.2305822532118016
0.22873108321615032
0.22732647217805932
0.22837685557081414
0.2490915948767485
0.33013229767047114
0.3044512072465
0.3169143992451716
0.33041899683726955
0.3474354079767465
0.34710366977676116
0.34174854219461964
0.3251370382645265
0.3083269113401567
0.3100394478095095
0.3692073256928892
0.3809603861798038
0.3849863878958903
0.3489687172855192
0.32745260105693325
0.3112056644143145
0.5236651008688623
0.670744311574349
0.6714151077257008
0.47370482310957257
0.3446993509971649
0.37354289918699757
0.3552765999937515
0.3581112644975081
0.34323828511799576
0.34426629196595127
0.3590635562241201
0.3589071698705292
0.3247992790561552
0.296704141723706
0.2961241987962682
0.2975818760084378
0.2712801925100212
0.2649574682843897
0.2644320457172515
0.2638418250603747
0.24372379356410806
0.24271832591998935
0.2417564646910892
0.24061496160559182
0.23512045727272152
0.23478214383384044
0.23456483825186233
0.2343847933523653
0.2291175246641159
0.22931427240623503
0.22956011325930856
0.22985447293824657
0.2307433092085938
0.23100690997519835
0.23127214098396415
0.23153699971893257
0.2341449799563241
0.23430462619890888
0.2345381299046641
0.23479207448584866
0.2481281232548733
0.24690765672468945
0.25401471962448197
0.25275410230791123
0.36725333508576924
0.25774498279317376
0.2950854838033016
0.29557396296804656
0.322411939285142
0.30869272240209605
0.29568915257953415
0.2983040376557626
0.2987608951399474
0.3017241025907989
0.30291892653315
0.3054305300134781
0.26829675115856483
0.2705825537039477
0.27280176977496035
0.2749252187480086
0.27449147088605
0.2544778771838518
0.2541656922317623
0.25432293639854575
0.26255774347362737
0.2814632319826864
0.28088176740383586
0.2798795654785991
0.27997875466709576
0.2610201403421417
0.26078872465035646
0.26164312807868056
0.26058331899790255
0.2603295728832304
0.26148346134572165
0.2622413267201925
0.2652099164656535
0.26489135484255477
0.26564509731889235
0.2661369343716106
0.2846684401078394
0.2906413545832759
0.26361004752925343
0.2641591050890911
0.2887526442047184
0.2891003510807491
0.2890868045785928
0.2888721526462581
0.3075330311838977
0.38816077515663927
0.4287039512844368
0.42694489046701145
0.3885462731839739
0.3879938188418483
0.3888412764788083
0.4281241942568254
0.41577741550317704
0.3749215425950824
0.3455751244805985
0.3317556285266143
0.32206239246995577
0.3227498904832517
0.32325740935379726
0.3240409237521261
0.31467671568436983
0.2997786202302576
0.314648218750131
0.2999975868909876
0.28531039308296946
0.28529631953803797
0.2852971298222642
0.2853716040380216
0.25987439968383663
0.2608738828090965
0.2612816075484244
0.26760601852989774
0.24305405483301093
0.23908708023931277
0.23862556128913245
0.23568826283669483
0.23104229341637122
0.2317176914195075
0.2323802210431455
0.2330506897788965
0.22785037838169336
0.22788010295419456
0.22798762708728607
0.22807402958703785
0.22589117995064137
0.22572910990631467
0.22573488490509777
0.22578388661581744
0.22720591171238969
0.2273947166092456
0.22767029211579645
0.22780567831500603
0.23769777755071902
0.23796478251078
0.23853573160213395
0.2378956227767634
0.33163518184674196
0.2555008893482918
0.24246744025953304
0.24350370977278712
0.4774741488821113
0.6246840048944611
0.4064331043328859
0.2789405811348332
0.31044688502813855
0.32117199398794605
0.27026421274639695
0.24465729227696453
0.2588307919262175
0.2895731332932323
0.28909736682377213
0.2791842079158334
0.2804294917137036
0.26103812314888736
0.2607411598793635
0.26041663776333773
0.26905294418094655
0.28869222157526575
0.288723117267353
0.2886928101909226
0.28680558216978747
0.2661668863587599
0.26585501729842914
0.2661799413887919
0.26394243358937597
0.24862981354178942
0.23320620064021735
0.23348690622628218
0.24982004760201168
0.26400832208307773
0.26266256158397605
0.26256871496054845
0.28581673684445796
0.2854752915338813
0.2863954797468668
0.2855408512722438
0.3212880019081011
0.3355539465727246
0.3229594753126241
0.3144466479590739
0.3397196358078432
0.3440950945296074
0.34582462429965344
0.34635203164611017
0.34434950128381586
0.34461685583805596
0.34349936366632516
0.3411050765504768
0.3255405075371285
0.32643155723517503
0.32678475103957105
0.3255986369579578
0.30438934433240095
0.3050702483053386
0.3053953095566369
0.30564582928759493
0.29245896047573877
0.2807128824185398
0.2933366661705411
0.3042899724849375
0.2814614114702071
0.27942527444922394
0.28003229233212396
0.280097080357963
0.255977170826541
0.25601932873719757
0.2559978193919692
0.2559895786308481
0.2368437422152741
0.23665934648973744
0.2367179492627256
0.23674969624555717
0.23168660293961663
0.23200528369411128
0.2323273291953434
0.23265909997898768
0.22740468332451944
0.22748289529601567
0.22755855705094288
0.2275020797841895
0.22637359465190798
0.22661742683473224
0.2268725096420529
0.22576159617921984
0.23047021116255442
0.23137448226818183
0.23040563328496064
0.23131486463866194
0.24616769704949493
0.23816380746751675
0.2382330774016028
0.23803479911811865
0.3165382963348502
0.2448520990911221
0.24040377805937918
0.24290496351799995
0.24597034807524232
0.24627963134767386
0.24475527404369757
0.2419655555844444
0.24298316336628623
0.24129011579611742
0.240091555190568
0.2400626769117896
0.2407354686418868
0.2596248647700548
0.25881619928260097
0.257833855323231
0.2718736859269229
0.2614500058562801
0.24681193912152247
0.23969291997119704
0.2605163115239086
0.2813988572906107
0.28360168474470776
0.2842455214305334
0.2828541357713733
0.27661887755087344
0.31129924775872275
0.27976964570592433
0.26000699163927715
0.25984564822209333
0.2585651572706534
0.259103882234746
0.2465901201044923
0.24753345737391086
0.2483811908030493
0.24929068221661238
0.2655111954037486
0.4939245888084811
0.6530310579520066
0.6959305077926343
0.5200988068340132
0.41732653493619837
0.48766811823594736
0.5044791698089002
0.5436215553443141
0.509422572242956
0.45601253981262413
0.44029059682105304
0.41915838349300255
0.40191455622419126
0.4271873262927806
0.4203287072994524
0.38190809646299817
0.3690496159451171
0.3648472818995889
0.36117633955947
0.35398077816659107
0.3492051117907844
0.3458654742724055
0.35013172463932685
0.3262259448947087
0.29869120837657737
0.2894412038737301
0.2942060648086351
0.28088296058037426
0.28131009260666223
0.2730590016198834
0.27346442433271484
0.2500068522280655
0.25077032556009826
0.2513212410757852
0.25207615719684906
0.23268003824361472
0.23228861680754295
0.23166552864539458
0.23165215712059473
0.22666666650377432
0.227530092374522
0.22836313282881981
0.22919364026345942
0.2241639793285563
0.2243748669084608
0.22454286670119522
0.22469871079869305
0.22369071443457134
0.22406570414138965
0.22318468988634835
0.22537868737088174
0.22904704025328443
0.22922373771152696
0.22929972732344456
0.2293495280869229
0.24391772191790798
0.2434749981586494
0.2435684712937526
0.24367621159429892
0.338968663775957
0.2620648350210105
0.25484578309390826
0.24253461230440024
0.25957971545872427
0.24698477351677522
0.260335943000597
0.26017783845022463
0.2553910579063298
0.2434960839139641
0.2436139101692753
0.24233829440448734
0.2578541629418524
0.276997508308442
0.27507784827596526
0.2740812888361187
0.2735087829276758
0.27732346599773783
0.2587481825621786
0.25360301840887944
0.26072170338999334
0.28038713814293215
0.2795771246175263
0.278105219695822
0.29680814149279416
0.28784837563061305
0.5242032315605368
0.699696755538035
0.4897648490937106
0.35176271237969053
0.4179314833533906
0.42259008596718445
0.4274124041457112
0.3980808500197945
0.3413429670720577
0.3426874762711986
0.36724847748833006
0.33898593027711976
0.3416601704544835
0.3458456731551527
0.3867185232865143
0.3912096297251471
0.3919652661464813
0.35712325143578383
0.37042248339510314
0.3656457113415791
0.3590152729171421
0.351439276474695
0.3549618332823924
0.3599915799185563
0.3657246775813707
0.3626004170253372
0.34722350074413344
0.3867639736808379
0.33298831377592925
0.33456977984895653
0.3436779385916099
0.34032381735583517
0.33782617626131706
0.3370177998701192
0.29755793694409555
0.2951954714035374
0.3002616767723675
0.30343254767731415
0.28058756385190187
0.27567607896272084
0.27767123459416987
0.2703416662647367
0.2469178658401993
0.247434377180429
0.24777315979061215
0.2477838486705912
0.2292838555679682
0.22980147306699575
0.23006958687947515
0.2303062067192901
0.22554742724430057
0.2258923927560284
0.2261532138714826
0.22638898140111158
0.2211817560618979
0.22131764679711816
0.22134278347674047
0.22140738252017989
0.22031400449330663
0.22058949685612955
0.22087052453459016
0.22115233505386422
0.222514973077205
0.22258996095674385
0.2227488917238744
0.2229223397330642
0.23263470595024055
0.2324890648733547
0.2410774017704441
0.23380658948481134
0.3251191973148637
0.24846259528342202
0.2254864672145013
0.22650908358857139
0.2288989603225181
0.22881644068961543
0.22862452066959046
0.22844302987561954
0.2274545493994001
0.2271191580480612
0.23949055605710615
0.24108323934886539
0.2404026827644899
0.2619953104112893
0.27264663513600873
0.2742440531088313
0.27378214646670945
0.2555708938946553
0.2543005210139187
0.25395975195230114
0.26166158244121684
0.2814413061370248
0.28198914225978267
0.28243680463291054
0.2802544655662235
0.26328931956447
0.27241926028015423
0.28096126639837987
0.2691210087846163
0.2666687583563606
0.2705460444497416
0.27031613155361717
0.29281736421390037
0.29498399555178934
0.29678157328987653
0.29829771120521303
0.3314404976171209
0.3400724883313837
0.34455906527802466
0.3485874540279926
0.38793230374525484
0.398728251094271
0.40315519851880216
0.4018381377920924
0.4312003040295278
0.4261878340330567
0.42772471375918586
0.43726364807607426
0.42410908664423147
0.45109076463071446
0.44461455073865647
0.4405767260654396
0.41507108222910194
0.406350690019769
0.3982447967715379
0.392808097712932
0.3807596093542963
0.37170873083350014
0.3364350045251332
0.32438327464605077
0.2990635791299386
0.2951954714035374
0.29187798586750996
0.29484241196167243
0.27803058347053244
0.277998513400315
0.27815738414343744
0.27842613880564604
0.24692700195049694
0.24817410792422162
0.249347480589362
0.25055407789934675
0.23159386409519486
0.23155214881017117
0.2314469219173649
0.2313438826272205
0.22606727868399862
0.22614040263975052
0.22606937529695956
0.2261197693125695
0.22171595841073188
0.22293341767868027
0.22424498210492974
0.22562320037299685
0.22537860248616048
0.226423790584108
0.2274728559483502
0.22854646625592276
0.23039952307415035
0.23070374000128147
0.23128341279928266
0.2300435174613703
0.24527601098989985
0.24444688939478706
0.24180602775175222
0.24086432004783062
0.3659769811741402
0.29206944724709916
0.3228947082950187
0.30488669503873017
0.274839360854079
0.25592843761993983
0.24601397373669687
0.24544821188664379
0.24156907871198322
0.24224604550985024
0.23987138060724716
0.25605760768118085
0.24005862350422383
0.2576413411528578
0.26654754389219665
0.2610591398242405
0.2861917450084949
0.28201034640096456
0.269849533434173
0.2776499018331927
0.259664130327453
0.26603143931202183
0.2662295138849503
0.24884835560869387
0.2522057030169333
0.2402373687518199
0.24771339683070473
0.25210122580974725
0.26215132149283277
0.26882973679543865
0.2750011121546076
0.2810895743533107
0.28781588117024587
0.29547324657821167
0.3010619780017102
0.30593512019012237
0.34168339056635955
0.3534383529680807
0.3671142296196323
0.36888692642013404
0.42852642447983674
0.4357837654061907
0.4748436316588104
0.4788961903547767
0.49843299989289497
0.4947411637822386
0.4866647831222945
0.47652232493920693
0.459296392991459
0.44937891806743924
0.4402047355772881
0.4313328923639393
0.40304819624729926
0.388702346439078
0.38109840196079514
0.3759593303963403
0.3582804049032693
0.37973304061054586
0.37408666044477673
0.3688997183612658
0.3131426425204827
0.2951954714035374
0.3069287353289548
0.2940526854096585
0.26964150912872825
0.27016189848932204
0.27019670924261413
0.27008311175183347
0.24162033901395127
0.2416479064755213
0.24164047120737947
0.24174101693282182
0.22677288282815114
0.22707153227841448
0.2274275754027281
0.22777842965776512
0.22328385508374532
0.2242237919993407
0.22518003384019503
0.22615324976541593
0.22137114976598238
0.22190232181958738
0.22246004452590099
0.2230864394354595
0.22273789768686345
0.2232489002528273
0.22359233787639138
0.2239269952925929
0.22549154593267146
0.22579619863175232
0.2261892744230349
0.2260029921274901
0.23403082437126882
0.23261606188898595
0.23133527688621597
0.23014000572147902
0.372044131136281
0.24387586173714565
0.3076688785962238
0.3213186638747377
0.33928648702895836
0.32982558884756
0.30916620024005237
0.31136129283266484
0.30902081267559833
0.3115115265594246
0.31515317113313684
0.3206556666911629
0.2813066208284557
0.2974987963346913
0.2994271938732862
0.3021241951640892
0.31142982292143473
0.29636245603831984
0.2995052575824063
0.3054850477348584
0.3300576379395718
0.36254519705983546
0.3793029366014988
0.39922189574535094
0.40880801350321394
0.40261271704775065
0.4116355534663794
0.39776750823710655
0.4064419848278706
0.40411151897028225
0.4049162552427571
0.40633387108846125
0.4140148798181628
0.4307177546469662
0.4891337804763309
0.46844260804202326
0.5163697702287748
0.5360174666597695
0.5269025605001224
0.5537437540769042
0.5376292601142472
0.5348535813123523
0.5985844213675174
0.579851577143626
0.5868861587144545
0.5786841651000741
0.5680476345643862
0.5563607422566766
0.5386046854274195
0.5601326897284352
0.5482200974175107
0.5322140831471096
0.5094146857415153
0.48248867890032754
0.4712683918080897
0.4612619710432013
0.4428490253645619
0.4083192211463018
0.39974305315372466
0.4013882500118316
0.2963432301375825
0.28140444013747024
0.26761340887140317
0.26761340887140317
0.25838258143467496
0.25838258143467496
0.25838258143467496
0.25838258143467496
0.23453466626814418
0.2353785225191355
0.23558337554735548
0.23599408300516292
0.21763047778963304
0.21828669112791954
0.2191831249154916
0.2200549355994171
0.21479359641700613
0.215790358301461
0.21642348300201397
0.2169592794058093
0.21164642658453425
0.21183060233727646
0.21198394346358726
0.21214538438241917
0.21114656056463255
0.21152260789546487
0.21190353292237174
0.21228213076716992
0.21395426549397312
0.21437075390690274
0.21806701918339302
0.2179416899504388
0.2347772969529365
0.24077483841133882
0.24077483841133882
0.24077483841133882
0.5145004020494899
0.6883353242398389
0.8082104622596462
0.8008623596041113
0.5828481119674338
0.45925174176053285
0.51863260840249
0.4893555664254188
0.42739557521683186
0.42089931441752604
0.42167403659509567
0.42487164272092837
0.40963775238058736
0.42759894750585287
0.4318452150552832
0.44059941401339314
0.4377090896365357
0.4277431868592632
0.4427571368359694
0.45354571670385596
0.46387743467418036
0.5216154893720707
0.5723501680181442
0.6302803850892038
0.6164896160687566
0.6071387799188733
0.6235829396647565
0.6454443738928539
0.685807813804155
0.7056284259373256
0.7239905255276026
0.7421459489242677
0.7699250172912016
0.778321126963862
0.7805671164307261
0.7933151408570349
0.8483702609147412
0.8760381049040276
0.874569528546186
0.8960237811954188
0.8999855813670959
0.8731671145949633
0.8335790194209978
0.8035247910859113
0.8086131611475804
0.8055081023935856
0.7158352947032031
0.6721556769686319
0.6456226155740392
0.6423498079182273
0.6351242020062362
0.6205752045154044
0.5824022797616423
0.5542978160655863
0.5352824106445434
0.5234138096630607
0.5487523363917405
0.5316362819741954
0.514712610463673
0.5046238084338777
0.30703008208741117
0.2951954714035374
0.28140444013747024
0.28140444013747024
0.26671808914908884
0.26671808914908884
0.26671808914908884
0.26671808914908884
0.23376604969316753
0.23376604969316753
0.23376604969316753
0.23376604969316753
0.2145195283083229
0.2145195283083229
0.2145195283083229
0.2145195283083229
0.20910995688837317
0.20910995688837317
0.20910995688837317
0.20910995688837317
0.20370038546842337
0.20370038546842337
0.20370038546842337
0.20370038546842337
0.20236050521461912
0.20236050521461912
0.20305238169299789
0.2032056049436596
0.20489149241528665
0.2052325300278478
0.20559113614928948
0.20542652798420638
0.21480752452097693
0.21480752452097693
0.21480752452097693
0.4351974665713333
0.8419378740452163
0.5895595275451628
0.47703365004955917
0.563694508212647
0.5951805527103735
0.5865677759683829
0.6080944180182999
0.5365737271376356
0.44108516917603485
0.4310978148245785
0.431666200207612
0.4345604889473607
0.4303081253574994
0.4521899026928044
0.6854490577419288
0.8464135033578787
0.8395139349823637
0.5917613872888629
0.4801649774245383
0.5463897743004684
0.5620804781650517
0.5912835444996957
0.5834685369847835
0.525743336261793
0.5150862805213641
0.49388111945948493
0.49367566678795893
0.49571384133739704
0.49086935302633905
0.4885525914155795
0.4863083265899352
0.46214558073973805
0.4975320058286383
0.5098121546079137
0.5097658497225006
0.544068996572787
0.5683939432276248
0.5879366331223996
0.5674318455064303
0.5579110102677305
0.6163700713813846
0.6146546053726107
0.6092991673109791
0.6397698540804826
0.6556328617729823
0.6424068701820622
0.5824152196408013
0.5579623471774726
0.5257570035209023
0.5035724929973439
0.4863398638719054
0.4615736680874433
0.4340094895541667
0.3994517083083547
0.37966672569330756
0.36711266431167283
0.3322789763300243
0.33589771815189856
0.3434636178863665
0.32572618212650484
0.28529029030394754
0.26761340887140317
0.27953245756515444
0.2832009204294519
0.2714299994017824
0.2703750719027199
0.2692476454683484
0.27560468318649556
0.2491673300293394
0.24947087807638035
0.24976552504070856
0.2440973275736202
0.22497130831457113
0.22491280277610565
0.2248648680426811
0.2248776589381537
0.22026857904454453
0.22127334842093438
0.22235626905062209
0.22348941932076624
0.21996331602936134
0.22204728657462408
0.22427487904494856
0.22662987060475623
0.22767835772668987
0.2276548865457005
0.2253070175995346
0.22520967337918432
0.22702636131014178
0.22762687036377008
0.22831123815638285
0.22897496803938114
0.23772007510553905
0.23646322765400515
0.23537192005671675
0.23432538864054575
0.3357369221260202
0.25980769121599184
0.24173234871555674
0.24373680060462774
0.25780092505872465
0.2578369588358022
0.26667560577287636
0.2711391970490321
0.2809039584755312
0.2803334687245172
0.27778009742754955
0.27628251656556324
0.2776956284367487
0.295746129006821
0.2957553385163057
0.2840342767507224
0.28412476266755016
0.26646595472345536
0.2668004887218759
0.26682717694439106
0.2734338922296974
0.2909360930300993
0.29049969850676227
0.29067829016320074
0.29003170334621137
0.2713566186116623
0.27307879861387874
0.27380866111964314
0.2716533604054896
0.27051267450582395
0.25346504402187153
0.28154619685622584
0.2854606606993608
0.28277885379666073
0.28226586999147274
0.27960740462303674
0.2847104390399644
0.28416662052876873
0.28456332400104456
0.28467315892966005
0.34118443721490854
0.35472543229854536
0.36164709008009605
0.3637747652203593
0.37235716142124387
0.3695763265829435
0.36822215162078165
0.37668713590834246
0.3445580285226208
0.3296403331152882
0.33268760624975213
0.33575213271471394
0.3345664360123305
0.33558116312841696
0.3360497175725071
0.33614841773331944
0.3364701186056948
0.33974007819174823
0.34298131891398587
0.36513144962023003
0.34492915121837314
0.33504284482954705
0.33221474979988697
0.3349851134830491
0.3155150538114885
0.3154068100126983
0.3155172033249617
0.3154001621891727
0.2868068677552043
0.2869140536662082
0.28637142380748604
0.28012543360895925
0.2575453177114013
0.2563925964902334
0.2505849756686143
0.25015372122000024
0.2442618595725052
0.24360407881081644
0.24290872483004983
0.24221080449529087
0.2381359482561638
0.23990340330858145
0.2418102836595313
0.2437894485997151
0.24312882644259323
0.2435082978827523
0.2436324482976621
0.24395115882143625
0.2488786078857276
0.24830235259182917
0.24762121043171306
0.24649780647687677
0.24821758941671218
0.24361989456428823
0.2396037481645872
0.23617224311500204
0.31781566559324287
0.2454474225651526
0.22665720815419227
0.2288821530255662
0.24668026642016933
0.24732852080461162
0.2476423118768332
0.2478015635509601
0.2578209451363083
0.25684538418364466
0.25565514836140063
0.2548542925540391
0.255212663249151
0.27384289922949706
0.2730849395173067
0.27223537676100734
0.27419524718135463
0.2554080158706482
0.25577848566139466
0.2561621110763835
0.26011833958413666
0.2839926319070748
0.300784977107338
0.3020666332790839
0.31104114215584533
0.28327031157723137
0.2822954014823917
0.27854893348864324
0.27326705469021656
0.27188655044414245
0.27194022466454665
0.2729443107328212
0.28493576886080274
0.3073603005420158
0.32481929170890156
0.33602522336920376
0.3777133009389268
0.3865533647805305
0.39164041312808207
0.3797751002479675
0.41510798511913555
0.41960556260442217
0.4247132116918076
0.4272492567473333
0.43851880783636116
0.4283739694759936
0.41132007374805823
0.3933530952730326
0.38076917030606866
0.3640471387944614
0.35281819774577344
0.34523223236903344
0.30399655068383646
0.3056933392396926
0.307469844452037
0.3084069942018498
0.3092263793132494
0.30945745580815265
0.3093381061858297
0.3091266129988235
0.30802092813478865
0.2943707251511997
0.30744961453221653
0.3062783521168256
0.28286001097669833
0.28276041132671814
0.2829118672524086
0.2829171475135422
0.2582094414670382
0.2573341787971062
0.2562672834808364
0.2508454229327278
0.22452350597974768
0.22447646118849332
0.22451913258574588
0.22463500585946877
0.21923649247586735
0.2225954092843007
0.22410473065073572
0.2265637613199429
0.2265619268858095
0.22713936901974788
0.2275396690450894
0.22788583455784406
0.22706008787055215
0.22776236824181237
0.22846794230529277
0.22917577732279534
0.23028779266787533
0.2302292713794868
0.23011277022770207
0.22950489439449046
0.23684091373588767
0.23527348996472616
0.2334130933720928
0.23152837935793869
0.3321475371410451
0.22549189207919734
0.26595605625340596
0.27556980849341245
0.28030134434716486
0.28393654373560034
0.29556108489754745
0.3081643038898778
0.31882000204373445
0.360413095849414
0.3728744733324841
0.6010336565731469
0.691918021420768
0.711714064319313
0.48166442847315777
0.36234216879260606
0.45456201474891894
0.4620814753623578
0.4749250924007639
0.47004807197991516
0.46559303079709885
0.4971836218817641
0.5151545652524208
0.4962651313992719
0.4391823715879183
0.420376919590914
0.4329189393790638
0.4491569104791607
0.45305168141595514
0.4552969241171242
0.45587047430903754
0.45803403093395556
0.45826037659043445
0.45665582692466816
0.45501596639124847
0.46292830672097673
0.48943563398720147
0.47944345676003486
0.48668972754446027
0.495075785142439
0.5241331001889235
0.5269413753960148
0.5260860707164803
0.5232909351665516
0.5269942816671173
0.5141288467970118
0.49973582206536865
0.48497934608000864
0.4729605000466387
0.4664058344502506
0.4616047588302127
0.44414753638995286
0.46904435522078664
0.4541554868068989
0.4352030655240824
0.4194127805024329
0.40027332508245583
0.3783971161285961
0.3554097526858177
0.349393485064845
0.2829139093213504
0.26638546059854534
0.2706200890135276
0.27622510582268756
0.2578370354230684
0.2574246706842316
0.2579788066849417
0.25664907227898154
0.23306996029425953
0.23337457977509513
0.2351791120560519
0.23564056641250197
0.2190879670527286
0.21984625497939722
0.22056843743601834
0.22128600786995647
0.21675310786972132
0.21710256964250937
0.21743469239559418
0.2163534698472328
0.20779616975478055
0.20880083959489495
0.2068378405928261
0.20962103732803225
0.21299354350314764
0.21332879533487137
0.2135565518353469
0.21374791037477642
0.21506259616808987
0.21532613951309493
0.2156706418306421
0.21518840730520497
0.2228572838981573
0.22080225996232722
0.2187684762094841
0.2165231842820908
0.3835156400547072
0.3489734882791263
0.3501067553755427
0.3538778422934618
0.35344984037944865
0.3550275123484033
0.380416235953265
0.3940188353423025
0.40608617607410186
0.398604625776652
0.3948370327429216
0.4054222244854551
0.3988324106635822
0.41784211945976163
0.4292216754065145
0.43120212614656284
0.4255688710429392
0.4201092965101953
0.4142089308996589
0.4254637436061427
0.46446371324517693
0.5248756780304797
0.591600569758963
0.6462806921058032
0.6010551062195166
0.5821316048704137
0.6095987481021813
0.6249365863442142
0.6303978784320047
0.6410864528492629
0.6506188204074141
0.6284334768207708
0.6355807026565731
0.6458518964965728
0.6585377861089092
0.6704967214012214
0.6847665870627928
0.6954933289928327
0.6859504059784547
0.6737027452767517
0.7065629563317525
0.6962588785942304
0.6911980363980653
0.6873962485163142
0.686950848750308
0.6695403815919234
0.6490615623735702
0.6353387090086868
0.6078442492323778
0.6391454863321975
0.6089430788485143
0.59069163162768
0.5612750908804105
0.5320611481411118
0.5077000718089985
0.4870243721344166
0.48005287364466914
0.4719225331771952
0.4599484700457304
0.46036624272709664
0.28384365564493175
0.27164116517439424
0.27164116517439424
0.27164116517439424
0.25360339414112587
0.25289121220094396
0.25289121220094396
0.25289121220094396
0.23030055951076314
0.23030055951076314
0.23030055951076314
0.23030055951076314
0.2131393637863597
0.2131393637863597
0.2131393637863597
0.2131393637863597
0.2081076957705707
0.2081076957705707
0.2081076957705707
0.2081076957705707
0.20307602775478178
0.20307602775478178
0.20307602775478178
0.20307602775478178
0.20161186788858532
0.20287148586105
0.20302883515092363
0.20358112974870018
0.2050660433382327
0.20408769945756863
0.19966218104629346
0.2006620136493631
0.21408111417821118
0.21408111417821118
0.21408111417821118
0.21408111417821118
0.4585654972988157
0.6870641658989837
0.6532726491465717
0.5149608624360671
0.536637208764775
0.5387079300368659
0.5450679772030995
0.5210649632488039
0.46229091687274504
0.45944258419777595
0.47104295761068465
0.4722697367950015
0.46022357054045143
0.4957826681160786
0.5011943094299547
0.49736563577826703
0.4844533853913594
0.45254571090956697
0.4529359318913143
0.4575404375316213
0.46629210135264754
0.48662364209676057
0.49447275221568693
0.49789799089423403
0.49528049775598676
0.4790020404542296
0.4820086078586847
0.4843267039596311
0.481632487992044
0.4805382869858203
0.4732074324597313
0.7000372498171273
0.8560317648938032
0.8812805986691387
0.8944734712430622
0.9201219245814353
0.9507295315387275
0.9544576120882382
0.9553803734306593
0.9538328054936779
0.7601799763357514
0.646668425936599
0.7084699717872848
0.7198015097185941
0.7115017835746702
0.6702610235256954
0.6025526831448701
0.5862563613092604
0.5701306980340226
0.5571889862761883
0.5430768416707259
0.5261366399918561
0.4995266423504941
0.46978975647791105
0.4458000204429668
0.42549501523906036
0.4318901425612986
0.42500987586090283
0.42498535966780115
0.4131560841090561
0.2858429169565643
0.27164116517439424
0.2733371913490158
0.27183109792974863
0.25431557608130784
0.25360339414112587
0.25360339414112587
0.25289121220094396
0.23113298013665437
0.23173450327596443
0.23100179032664173
0.231450877373566
0.21575321800536282
0.21672061271552337
0.21803709442242533
0.21938246929655722
0.21477910719053006
0.21488368857896795
0.2149252742689967
0.2135830311812818
0.21007015174734345
0.21100447561839314
0.21171464579365445
0.21110453391322392
0.20615415656727798
0.2070810302188203
0.21307422582809002
0.21373739897132774
0.21560918220328573
0.21644632680243459
0.21737495159216785
0.21762287166993988
0.2260193467279817
0.22565808523695507
0.2260755430161209
0.225756176050773
0.34871375003181754
0.23796242993748262
0.31439960443896525
0.33035274755721966
0.3465035930468252
0.3582334631309974
0.5798037387043202
0.7291875127960702
0.721336625709334
0.4900277703980712
0.36964200509045664
0.42564245969926306
0.426693643563176
0.45196835014150455
0.42041991870456585
0.3653153466468205
0.3586702902532373
0.3361850112201837
0.3496067490891699
0.36109021039049105
0.37384327675092177
0.40259416441950097
0.4067111508505129
0.41042296663139416
0.4059471519993596
0.3807785813001417
0.3847803968441074
0.39883480469921323
0.38744364231283523
0.3900982920508559
0.3820576260494015
0.36483218602351536
0.34973779329742577
0.3833210268086778
0.39228822746294983
0.3994681235437917
0.43532559428970663
0.44812885572003747
0.45427687895078844
0.4614364990503704
0.5053291739269947
0.5117048429012311
0.5153851169778958
0.5169861777244611
0.5346543843560505
0.5070307524786447
0.4962518903042028
0.48314914960484273
0.4695972972854721
0.46014529338893684
0.44863219021642636
0.44245618864850966
0.4287115247653215
0.3811166373154045
0.3544685683704006
0.33287502617787745
0.29831680176738173
0.27395241200917786
0.27523026657814376
0.27688622870123536
0.284688207700418
0.26803782652820807
0.28109961546483087
0.280391087150184
0.26933729116668553
0.2677556837308141
0.2665747436569334
0.26557842257427766
0.24404829887155466
0.2449989388506344
0.24595417234207329
0.2466642143081601
0.23069075954526636
0.23156945679579796
0.23251239456241168
0.23344305460884182
0.2292933839428691
0.23004117037899297
0.2307597610660358
0.23147389617747974
0.22128951877939929
0.22110902728357118
0.22087388979031541
0.2204739536293473
0.22236364442302506
0.22043714342061008
0.21890688992200988
0.21801034697836136
0.21936107600517024
0.22000869390551278
0.21617067137011886
0.21007656138706252
0.2180690883337626
0.2237999625426029
0.22463326889210808
0.224882928512949
0.35593223821050557
0.22842912180889352
0.2720775009502497
0.266202536223381
0.26777805744646294
0.27452305124410237
0.2820907687796109
0.2894525688686644
0.30765635661128404
0.3383779572019838
0.3504330233392726
0.3067346084860983
0.27928246682342117
0.30914743272216244
0.3055978304391721
0.30447157088582916
0.31097107275775865
0.29215282176613533
0.29386115413252034
0.301693530023688
0.2934909620756131
0.3128774937210825
0.3167040284046747
0.3217450416331071
0.3341778401978372
0.32357043499781285
0.32749206463779107
0.3328776616419383
0.33169440515456083
0.3301439141095721
0.32774395910142146
0.3252582207221827
0.3290005307807795
0.33253712278569236
0.33386303710728465
0.33636651245188615
0.3763359691251302
0.40465501360945405
0.387653217548204
0.3876562655688505
0.4351473207167143
0.4388690568745187
0.4420069538403592
0.4493137198610039
0.46333440555076777
0.4545908549087242
0.46186767829324127
0.4427308071310268
0.4355938655590366
0.4331828101759219
0.40784950951425103
0.3915888547920308
0.34942000543850893
0.3246785667445808
0.3193481796077548
0.2943263516266919
0.28524604720923047
0.28420528540379214
0.28415125135488295
0.28823445501877554
0.2850159652923335
0.26638546059854534
0.28015954722350084
0.27834163028937126
0.264902940957387
0.26533228845084733
0.26561283019872156
0.26585091500146507
0.2420981133088367
0.24223123135580157
0.24226468181863453
0.24230860082844974
0.22702840784834052
0.2277573382107823
0.2284981549911642
0.22905789647372934
0.2254009643729043
0.22680675692728725
0.22772643694685762
0.22971670432071145
0.22614662290025667
0.22742733297682727
0.22851163296685037
0.22981383688475432
0.22764575879980004
0.2265576725042321
0.22545214687667478
0.22442945654780386
0.22216751207852953
0.22248679014775738
0.22635856989527084
0.22682871587125472
0.23611700944399175
0.23661285690151435
0.23735300432740264
0.23670405095551234
0.315928518198055
0.2388679952310027
0.23287612898545995
0.23490573824789857
0.23817541388624183
0.23582420505845628
0.24188611506806992
0.24081937337195874
0.23703557991277588
0.23612090205811462
0.45896808079819523
0.6013627343951443
0.5999166233739583
0.3990482303532322
0.27733347532801844
0.3392482615758509
0.36112677495026674
0.35014796498946626
0.3314965996350696
0.2856801926748775
0.2957149362621969
0.2972144729350851
0.2952404025181323
0.30435043955730995
0.3114768786481053
0.29643910793632805
0.287247924859481
0.28760324089687034
0.28826730652706
0.29091958457409156
0.27964196033389765
0.28071650687581096
0.28487512533710074
0.3250656510129688
0.3461194189787672
0.34365803013751656
0.36424284863708
0.3693269953612866
0.3673908180039387
0.367097402018814
0.4057518484252906
0.4121979419346268
0.42611719815279386
0.42230246318357995
0.44225598040443537
0.44748956319476463
0.4491840385991776
0.44646061969569245
0.4109526024206865
0.4158789633175571
0.4058601403483693
0.3849588744057994
0.3634276889283997
0.3459802299860998
0.33313376774017883
0.3322074224124285
0.316188439616313
0.3024771387405015
0.3155421823207575
0.3179836323323721
0.28453414826431456
0.26638546059854534
0.279313785224098
0.2807663333396205
0.26699605103013685
0.2670794344959941
0.2672528491482554
0.26750388773696154
0.24405676672778395
0.24592936325428474
0.24675638008502376
0.2465297349779242
0.2316610922858931
0.23356045332756173
0.2353218941132261
0.23708858044952652
0.23278370330219914
0.23316457731686388
0.23346303923272924
0.23361835857163965
0.22809842758582338
0.227407848700405
0.22669101865732513
0.22599245209208094
0.22351365131481007
0.22247263813475585
0.22147448107036008
0.220540142439451
0.22178481495442365
0.22222450871658603
0.22263349239601538
0.22311430134672686
0.2316573825680336
0.23112173132966363
0.23139520009415934
0.2307594965630956
0.3438744726583219
0.26642412330612625
0.25224459122718473
0.24437749514429896
0.2434158204982558
0.2461526289626279
0.25086882948691835
0.25705919492173196
0.2453669687098302
0.2473870727039373
0.251446216687464
0.2562472142490251
0.2497497463157764
0.25914058676506097
0.2602565010121306
0.2602521030535964
0.26838597843829665
0.2476635375824304
0.24995098016049305
0.26077051222961856
0.26680331612097874
0.28195404557198894
0.31377988121271294
0.3236975372645701
0.3391836291175081
0.3278941710407898
0.33559729006491906
0.3430873001951161
0.3319448484850274
0.3269538444840268
0.31245305857093947
0.3103909016847101
0.29815529962447535
0.3026159001821923
0.3263991236485965
0.3695358337864617
0.4192722824025767
0.4201496681831268
0.422167572308436
0.42984884554590297
0.47431620418861
0.47554556714818236
0.47821537817307624
0.4802366297302077
0.5061331920441176
0.4974798386428452
0.4845395721506386
0.48212730039668
0.47593842984272583
0.44549685907435516
0.4244943019412402
0.40443536849811484
0.38445538371856164
0.37656500226833944
0.3634159761898943
0.37849308756010824
0.38129782611693724
0.3876763296096995
0.3909334400563795
0.3988797407529884
0.28633564808299866
0.26638546059854534
0.26772211409983815
0.27752230635013275
0.2622834689618561
0.26145051226318833
0.25690314083794974
0.2598927601547393
0.2371785066473269
0.23844715045545972
0.239297884334101
0.24005394678021127
0.22349692300093824
0.2255619089401238
0.23359529398938222
0.23806068080785256
0.23197842460528423
0.22971412484867426
0.2273295418290206
0.22507112543566538
0.21952700421518248
0.21923743819506292
0.21917438759244348
0.2191289157514554
0.21823897404897397
0.21894197618305863
0.21966682534456108
0.22038840273312346
0.22190903235158846
0.22095305211664595
0.21827956022820935
0.2187347668037616
0.23107036226846506
0.23035475145940212
0.22967936956592777
0.2289557444889993
0.3418185568447304
0.23187821881240506
0.2745728648686617
0.26394902895785716
0.27923875999126135
0.29160068540999656
0.3035885607660488
0.323624089672855
0.34404510641652103
0.32507163164393515
0.5515263747437225
0.7082689674637261
0.70421735617992
0.4917001863654847
0.37359232205633114
0.4315000433086644
0.44537814292498523
0.4316249169468589
0.40011511168723013
0.3477131977179782
0.3306565955394871
0.3418818959646384
0.33751345856728177
0.3339586506005259
0.3502221562362948
0.3420135062539014
0.35340863373271103
0.366826130436215
0.3757611578460886
0.3821539769599263
0.4345938746075457
0.44886078630780396
0.4475275968780142
0.43851594634778324
0.40796025926386914
0.37643090809878377
0.3909837619767194
0.3955593013328054
0.36911492612840496
0.3921218502644686
0.4207808866491779
0.39886543524729307
0.37382965880357755
0.371753674923443
0.38254048877300645
0.3825570384801094
0.42104330498433423
0.4306182054488772
0.42981936926750836
0.40962974323946555
0.3909257661744523
0.37687470227942416
0.3611354889983126
0.3604009577977837
0.32108649400899264
0.30317306008064754
0.2999375379185751
0.3050923048044084
0.31230406801871624
0.3198932817941481
0.28338486071792296
0.26638546059854534
0.2717858076521927
0.27584665531630687
0.2597986185197312
0.2600950929129379
0.26066407594720586
0.2612857286994768
0.23935886506385767
0.23944591607607696
0.23942277384772528
0.2393933782428564
0.22237183727791174
0.22188259725200782
0.22221743367671865
0.22241974384819085
0.21706908790572568
0.21672236807714035
0.21654999973165734
0.2165324922577311
0.21160670842583995
0.21167514347970676
0.21172949737900523
0.21162002943839806
0.20946354482847848
0.20955085178022478
0.2099438543047909
0.2105374293848846
0.21194333481301564
0.21223061581957617
0.21258440861999994
0.2115875398319574
0.22051656423677313
0.22193403782650342
0.22234129504083996
0.2225045104324832
0.35652172371505314
0.22369505582680926
0.33500658903502833
0.3685443396344376
0.3288632691268055
0.32412863466353387
0.3585285406164106
0.3207809910675117
0.3068083045300904
0.3184846599524612
0.3365757090241236
0.32410863287909814
0.3188755990896365
0.33796101915377713
0.3202487425368276
0.3140796629838445
0.2888035724580694
0.2655741647009456
0.27924738790909703
0.2833119420059476
0.27342880956497745
0.29587508208219643
0.3026069092245539
0.3112359607092923
0.33962703161162905
0.3050768750003773
0.30495862156862763
0.2971863258500147
0.3004637588312726
0.3216362775238937
0.33157948187333447
0.34103016747806525
0.3487522219534566
0.3596556955758232
0.3409849163893302
0.5768421941111564
0.7424733930740723
0.5362871533803312
0.4238363514829518
0.5039223634878133
0.5489877473573691
0.565517622062134
0.584946027133324
0.5614940228281896
0.5713720034048028
0.5731053628474836
0.5723012907303254
0.5527066928399768
0.5303344300443561
0.4662311189458098
0.4419221263680944
0.4183292432663406
0.3686532027344671
0.34614257861075276
0.3282452863940804
0.3246117543527953
0.31207954239412583
0.31418200409319713
0.3280515423500569
0.29628589887966306
0.28431460191136915
0.26638546059854534
0.2800325842850839
0.28173144108091874
0.26770737985213133
0.2677715516370733
0.26830728074722093
0.2686260011216342
0.24524812106653693
0.24580168713790607
0.24744606948123068
0.24779071402512132
0.23081472169609474
0.23086346586082165
0.23088958726479222
0.23093759396933886
0.2259833265659813
0.225961629247365
0.22593507483125766
0.2259271265062182
0.22176924949040064
0.22282148508054642
0.22379015692954238
0.22499445747093236
0.22374664923851628
0.2237565586431575
0.22374693586628416
0.2237660060847821
0.22481880362292672
0.22479977720199756
0.22486141531419265
0.22445722768262483
0.23266668604635862
0.231283539203295
0.2297382573741927
0.22803334247593504
0.34252011137879096
0.22390841412656884
0.2814687135014137
0.2897410973298628
0.29608461748813936
0.2888901544210865
0.2947444804126014
0.3001636634971521
0.30180483016193965
0.3049964879446343
0.30831620854864183
0.3115735465993366
0.29738642096088735
0.32629896184222623
0.3432165915391182
0.3366512468557625
0.35584745502152315
0.3331495164457038
0.31990565000267196
0.31705867870216037
0.3426570076958387
0.41401825277998044
0.4305466062920958
0.3563666726539536
0.33826443030830117
0.3134698716255996
0.3105688120757391
0.30789103248187866
0.30703005204797396
0.30661549655897397
0.3071919759950315
0.3134746903639809
0.3092245428118661
0.3123312174085543
0.3094190076855062
0.31153750274554054
0.3344952818071864
0.3409722795675926
0.3654686286627023
0.3735663294066951
0.40577760483875047
0.41022579070151616
0.41232644497311055
0.4131849287604749
0.4394095053672486
0.44229252527134644
0.4354350901469868
0.45892131039517936
0.4533847669550544
0.4277499337259914
0.4093831671234907
0.39072381577697685
0.36461771664947656
0.34908266509003677
0.3463601230067846
0.3531850007945952
0.3395717720463489
0.3291034181701023
0.306534470847567
0.30691137744401426
0.2891745701286056
0.27164116517439424
0.2805744594184053
0.2799518389273694
0.26478021456859635
0.26397953160191057
0.26462259781697695
0.2655505985937942
0.24014181486083816
0.23957873210600597
0.2416763669174295
0.2414386028883167
0.22487725368606135
0.22795741197591
0.23027637867328682
0.2315323373062413
0.22672124894507345
0.2264948787414117
0.2261576184004852
0.2257978310670717
0.22128193177183653
0.22192018210696923
0.22240311622531392
0.2230747577564246
0.222059279989947
0.22244157188475147
0.21825954120792374
0.21861617631947172
0.22065547806282718
0.22036183725738873
0.2201423949791756
0.21910682533408685
0.23092465882088306
0.22911936370297215
0.227357593080382
0.225483290725244
0.35767836320892926
0.252601530498031
0.32003517872955817
0.33132140372022917
0.336866010650545
0.3419864565481463
0.3433169631080345
0.36217251899331104
0.36866268752861253
0.3674055239005855
0.36920694698248846
0.37165817038063975
0.36118569340424267
0.38086888565104615
0.3855410777547996
0.38764845053675423
0.41829543511906664
0.45805057239634767
0.44982994414027505
0.42736380225944537
0.43475296189767937
0.44966399257406586
0.4620577614957599
0.4726331984513932
0.4496969239282493
0.42832308884381826
0.42960392105582856
0.4312746010718164
0.42871565114855775
0.43158423320442096
0.42610421271437926
0.4233697439703781
0.43188668254231033
0.4413904963749875
0.45285585148267765
0.46542926650087385
0.5012350895603673
0.5128500304718422
0.5242768841701658
0.5426307796632616
0.5762844593504276
0.5787027896191679
0.5820463428097596
0.5638790009179453
0.6396432839883669
0.5898561749058744
0.5507066908177998
0.5583414454963219
0.545264053377023
0.5342376404443386
0.5201292709612857
0.5286401869869778
0.4904881209555089
0.4687602015531421
0.45307283336190657
0.4356124043741992
0.41120537854788763
0.3982932358798956
0.3888089062716899
0.39005658166548546
0.280866706496121
0.26638546059854534
0.26638546059854534
0.26638546059854534
0.25360339414112587
0.25360339414112587
0.25360339414112587
0.25289121220094396
0.23030055951076314
0.23030055951076314
0.23030055951076314
0.23030055951076314
0.2131393637863597
0.2131393637863597
0.2131393637863597
0.2131393637863597
0.2081076957705707
0.20946577077065612
0.20988755631491818
0.21057481343616385
0.2059677394431267
0.20620999888752037
0.20631333105930977
0.20655523115795787
0.20558788879336148
0.20620319362212094
0.20691168025433984
0.20770747662261516
0.2090159594828049
0.20914316152394544
0.2093300966315733
0.20745081403704588
0.21408111417821118
0.21408111417821118
0.21408111417821118
0.21408111417821118
0.4175249306098568
0.38547313531618277
0.37782089107695105
0.3829191668022604
0.3838540333955693
0.38361369971741643
0.3690845201391826
0.37802762038478904
0.3756646220398878
0.37554039888800017
0.3997975504937794
0.4011465215708927
0.4164431780723898
0.440012319758335
0.4313145624021228
0.4368985405959564
0.43139202171972446
0.41498419615123455
0.4219972306600272
0.43151763544748506
0.4551967563968689
0.4971202672769677
0.7387502443537234
0.6766750457246314
0.5642928721846471
0.6124024331265878
0.6278340300066352
0.6033118569528038
0.556297403826308
0.5242196752460915
0.5244576579179987
0.5197461356196919
0.5229195981156972
0.5298852078591617
0.5559078615746041
0.5823842626666367
0.6230623527642324
0.5905668613381316
0.5891097568070494
0.5933977122607471
0.6286536841361905
0.631882035705127
0.6369071891487023
0.6341514146642494
0.6469912648592135
0.6372669593287464
0.6262318723418977
0.6129463180697923
0.5918388546371056
0.5738185819021491
0.5524252482837837
0.5313265232373867
0.4986447551054924
0.4695369194735618
0.44745179194071694
0.41755257762885006
0.40472033557337517
0.4093327714706152
0.4195977481581683
0.42360246442957217
0.27887279611145466
0.26638546059854534
0.26112975602269645
0.26449478505170665
0.25579711905530245
0.25385699401991263
0.25402029680624527
0.2545122254864297
0.2323185497445128
0.23210534053304588
0.2317999397242096
0.23150809820980672
0.21497587073266813
0.215578386498953
0.21645465567220804
0.21733554872344002
0.212606965819677
0.2126841361246656
0.2127301689485386
0.21278920986872646
0.20781251984828758
0.20783649125876127
0.2078881515336649
0.20782874618776997
0.20766000601850307
0.20831701089493412
0.20790007318161255
0.20811158111777608
0.2094600472465208
0.20977746302945285
0.21018333158229985
0.20987703406598443
0.21800303153444456
0.2163647929827024
0.21464250641881935
0.21408111417821118
0.41312184297308335
0.38531440990738647
0.3991672561960364
0.4228488526813636
0.42886521696015506
0.43432051422136225
0.4402006366864455
0.4544981684324267
0.4594181592822188
0.46404530669288857
0.4853279955990055
0.47736527220362746
0.44790536944071246
0.4877028267792404
0.49767434480368444
0.49624207863140757
0.5286817190474081
0.46487530933101984
0.4634565566476334
0.4738407350781863
0.4913057451030899
0.4912778388632
0.503576863586752
0.4930347700259153
0.504980613635747
0.49295136738842044
0.5006504158765598
0.5084192902952711
0.5060122417601125
0.5021162093067191
0.4976863897086446
0.4933642790606076
0.5059752502982827
0.502106374783026
0.5024167466315771
0.5072171342662953
0.5582511329991
0.5537629093238815
0.5515875281495303
0.5488478986998239
0.5828096141413027
0.5885651732248414
0.5942262849170289
0.5857539312703836
0.5976310795821778
0.5924191443693244
0.5860668896834272
0.5801934613170614
0.566011193699029
0.5436580776303526
0.5209381861137949
0.49559310953577596
0.4741999953273315
0.44002098622675756
0.41816951796635243
0.3956686568813284
0.37271092220587404
0.3577800364679754
0.3450432277542981
0.3394291421306755
0.28959241429269333
0.49203110722475063
0.6367636841209924
0.6443967165137174
0.40982094263506413
0.2819996791694313
0.3080346689576132
0.3071489850506389
0.28198581426220676
0.2609590379124067
0.23214789864690336
0.23108430873328883
0.21455697207283717
0.21514063964602947
0.2156928718597822
0.21627489876500988
0.21201232376065088
0.21270932049102376
0.21320339670353614
0.21391093366243025
0.20945310385326726
0.20992845743915886
0.21037674830445363
0.2108146922878414
0.20994459716111497
0.21056005022915505
0.21117690587234728
0.21047619342153423
0.20743356473618593
0.2090034178267741
0.20336306858806058
0.2017176982291137
0.22005311113198325
0.2176842978834885
0.2172032760993131
0.21713103174439316
0.3928118917956269
0.3098221078632458
0.3678495348012602
0.3604112073325633
0.3470882554352658
0.33290879061032635
0.3292598974386204
0.3164924512763114
0.3073708945217904
0.3037588681647807
0.2894869733219128
0.2991001263600699
0.298555058261353
0.32671845393638693
0.3368684535979879
0.3468042738575773
0.36357641848680883
0.35129103312494936
0.35581763318223525
0.36126291873306976
0.3749329917954804
0.3984636346863853
0.40864448392161634
0.4177396074608219
0.4208706214102054
0.4093021158230363
0.42789100438777156
0.4617196840137493
0.4602133600238928
0.47073383836680627
0.4983994469137472
0.5060070083876558
0.4989045126691382
0.5119580292231962
0.5327758789304413
0.5473119280953951
0.5950506691953416
0.6382549379568155
0.675416891107647
0.7040813927397783
0.747604803637646
0.7489530480399622
0.7465162377648723
0.7423863319259121
0.7504203483980205
0.7489613024448051
0.7089731790031771
0.676746682779048
0.6487356451281654
0.629937156869859
0.609291054705089
0.5931477367507576
0.5569961804731013
0.5235977620467678
0.49718619876246056
0.47626701088181556
0.46228597878999694
0.453877683984227
0.44838088250154584
0.44364332330617423
0.2843177783397789
0.2768968697502431
0.27164116517439424
0.27164116517439424
0.25289121220094396
0.25289121220094396
0.25289121220094396
0.25289121220094396
0.23030055951076314
0.23030055951076314
0.23030055951076314
0.23030055951076314
0.2131393637863597
0.2131393637863597
0.2131393637863597
0.2131393637863597
0.2039005040044316
0.2081076957705707
0.2081076957705707
0.2081076957705707
0.20407927185839933
0.20408681464063547
0.2044507827856601
0.204844303682539
0.20398123929706846
0.20462606044176368
0.20529103493159112
0.20461406484939743
0.20146638936216898
0.20356676130631315
0.2029528929203164
0.20092407185869982
0.21591486825306178
0.2150600211764222
0.2150600211764222
0.2150600211764222
0.41588976747607664
0.3505465382165766
0.5820705461504867
0.7419178842295355
0.734494402600402
0.5121683966969678
0.41024792355290485
0.4475476811456397
0.45683185382866065
0.4119030237758976
0.3491051241391872
0.3263329664531414
0.30706974049918634
0.32488352834294293
0.3219878461214848
0.3218876519676736
0.32549247389078717
0.31910584891895966
0.3195454292080482
0.3182838395865183
0.3167510618678574
0.33475480138475655
0.3353800876526033
0.33661127610069386
0.3298237595964444
0.3260246682945651
0.32972939004915625
0.33259409445502475
0.3308861532151751
0.3293931725528704
0.3277060034303083
0.32840550450470374
0.3371174949324199
0.35676720716003574
0.37557849621019834
0.3894771896734814
0.4279178340575473
0.4277410353569242
0.42669283425848265
0.43127439955309144
0.4958640699157177
0.50606408814695
0.5139043182181785
0.5155773647991259
0.5085495927874313
0.48068446587102076
0.44468737210475373
0.4323609383233838
0.4189794184260609
0.42988207762552055
0.42021728229710764
0.4325962139040344
0.4167995328389443
0.40691236746244724
0.3935715704565881
0.38494010739325113
0.3627180737737346
0.3708930754428795
0.36234089785247403
0.3604284765066447
0.2810230391493994
0.26638546059854534
0.26801865024067095
0.2726420322627059
0.2568019007083118
0.2562776819919795
0.25606057906573637
0.2559932122494253
0.2347725729779326
0.23553549141084912
0.2359078598829388
0.23677856041509143
0.2197144547826274
0.2196023517107841
0.2194087364405737
0.21856925836457156
0.21396778712388972
0.21466633383304723
0.2155114465040764
0.21647916072603213
0.21207976484160018
0.21257486306297144
0.21248978965064302
0.21323356709029373
0.2122560311359322
0.2126079835503772
0.21292521361806732
0.21323136270808432
0.21409674982849963
0.21384874221821412
0.21373907559919217
0.21313540942187473
0.22041579047270515
0.2190087882707138
0.2177915815406902
0.21646753171369804
0.38061271098299404
0.2744432802585744
0.3245550546409343
0.33880918780136104
0.36562758797761635
0.3901809912290114
0.43394514405821094
0.4079720296596512
0.41400727861202286
0.41862317612676414
0.4058397484620679
0.40849847560320796
0.3660063552066582
0.37063259408547355
0.36824958567782706
0.3689865958712649
0.372506979839239
0.3547003911392627
0.36153563860076177
0.36296283761839804
0.3658681951284331
0.3985270981178614
0.4045086038960008
0.4150313127569558
0.4177142016965094
0.4058810518697926
0.4222904538890655
0.42771725833934177
0.4290994782468076
0.4307651904142181
0.43166392078524646
0.43160657210515946
0.4347208159002486
0.44183305317922844
0.45192255608607257
0.46021812317538074
0.48323864138301614
0.5041459574702497
0.5044989140226833
0.5197023168894955
0.5567555024493763
0.5612112793383148
0.5633578623384419
0.5638714325304853
0.5755085359248497
0.5672337250387209
0.5650431525338163
0.5893833699450239
0.561143312351947
0.545471706831459
0.5386732525328565
0.518096764607605
0.4907970831956197
0.47767259341403373
0.45772102168732737
0.4453011376612495
0.42316678727972096
0.3956034076196567
0.38139238218961713
0.370637845824451
0.28742415079079436
0.27164116517439424
0.26638546059854534
0.2681217110032567
0.2539903722283859
0.25289121220094396
0.25289121220094396
0.25289121220094396
0.2316845819905893
0.23224807628131997
0.2328698830154068
0.2335180120498634
0.21605337763549648
0.21654893722194277
0.21652146770758776
0.21665350893084084
0.21192562387964156
0.2121642715309301
0.21239903154709108
0.21209228703733266
0.2080447219348775
0.20858158530700174
0.2092468427182101
0.2085814564939614
0.20192716138341193
0.2038200711541878
0.20312242812501624
0.20245112964957213
0.20648413999901774
0.20578654253191267
0.2055045833992074
0.20694100136772284
0.21755478665147537
0.21882165457512542
0.2185766688265929
0.21662937971775767
0.38644979167133314
0.26754559762779384
0.31910593464557657
0.3237543018183048
0.3945695583126347
0.34003083955734
0.3320207220637622
0.33983203594220884
0.3390142409534585
0.328115469617277
0.35095217840604154
0.3396798719015165
0.3138614828629112
0.32911643872259344
0.35163325933563616
0.38316829554879434
0.3958286828443578
0.34426643332835966
0.34403659760988575
0.345766918363615
0.3588863372917835
0.3658084617549661
0.37523036854742203
0.37047275572058713
0.3624155468805231
0.3598064290574073
0.366275497323076
0.3921887222881815
0.4022183454510598
0.40797021606837536
0.41717560808392873
0.43049075048712004
0.4270543556488938
0.43869819821919903
0.4531927726473284
0.48690812156691526
0.51251010509681
0.5218301176126
0.5473377700187412
0.5473579842470663
0.5941270227528079
0.6070287076195278
0.6068215949239457
0.6235292412274959
0.663792720326999
0.6394216225989233
0.6336456088592333
0.6303514823638773
0.6282158191132023
0.6703386988452831
0.6109476317043377
0.5858401754381733
0.5647666592396479
0.5349212430829816
0.5111334771642139
0.49023488743499294
0.47434320150614784
0.46295423586466544
0.4562546920555389
0.44896344911765984
0.2785214659892961
0.27164116517439424
0.26638546059854534
0.26638546059854534
0.25289121220094396
0.25289121220094396
0.25289121220094396
0.25289121220094396
0.23030055951076314
0.23030055951076314
0.23030055951076314
0.23030055951076314
0.2131393637863597
0.2131393637863597
0.2131393637863597
0.2131393637863597
0.2081076957705707
0.2081076957705707
0.2081076957705707
0.2081076957705707
0.20307602775478178
0.20307602775478178
0.20307602775478178
0.20307602775478178
0.20161186788858532
0.20161186788858532
0.20161186788858532
0.20161186788858532
0.2030388711484223
0.2030388711484223
0.2030388711484223
0.2030388711484223
0.2131022071800002
0.2131022071800002
0.2131022071800002
0.2131022071800002
0.4611238689618592
0.38877138990523125
0.4102366851499625
0.39687085033204766
0.392224860210289
0.3881543645332332
0.36362134183259165
0.35291840420094994
0.3342211096563667
0.345248944064754
0.349393385832694
0.35349409510304936
0.34897738188336125
0.37162598498796007
0.3766797259145092
0.38208390891326527
0.39325512925486067
0.3796247302265595
0.385191749192068
0.3909329645876089
0.3945420360547159
0.4215525623822244
0.4310287349969175
0.441615803547428
0.4418214687769749
0.4242121026699655
0.40908806605127107
0.42392969958906024
0.44357869536142797
0.45856285024135734
0.46968902938736856
0.4716850280374585
0.47669713119782914
0.4829682760696096
0.4909309400259888
0.5111584242850206
0.5173380427819427
0.5081854088465422
0.5255489080608919
0.5242007423388922
0.5241107028679824
0.5198666432877337
0.5185020713329074
0.513433982649155
0.5244705329800675
0.5116778716396866
0.4988823564480135
0.48648174411738704
0.47051113358693175
0.45679337435983053
0.45122023816928275
0.46785695262865806
0.44295884774396027
0.43485988672449616
0.423519776490555
0.43724506037800026
0.42124094263214673
0.41083024679867064
0.40065138428636843
0.39080511826758124
0.2925738569738045
0.27164116517439424
0.27288883743676884
0.27777830198551773
0.2574400669424598
0.2567717883660098
0.25739783934222266
0.2561675363502046
0.23591862486863244
0.23778002460630043
0.23932973660938422
0.24085991057550502
0.22284814108676665
0.2215202262794849
0.22002744795023516
0.21888613555317749
0.214505643946174
0.21514012136882574
0.2157662463433456
0.21639269237633682
0.21198468627682931
0.21253281437721736
0.21305932530392066
0.21357722825629938
0.21216576942499643
0.21238916158971757
0.21260651037216796
0.2128537803541131
0.21405326149075213
0.2141563324000327
0.2143284825331207
0.2144819916379797
0.2233750516437423
0.22160136849029832
0.22064164667469538
0.22014652738995721
0.38285259107720987
0.24243486406885564
0.3019005765076516
0.2918246863551557
0.26285712580803655
0.2617553021729475
0.2588827738738898
0.2484832914483689
0.2565036176465692
0.2617229087965712
0.24852533041860694
0.24501603033283648
0.2301189968127379
0.24963775850198333
0.2485273226978973
0.2516736131441664
0.262907186849524
0.25085470464109216
0.25178424058328674
0.2535194917834831
0.2598011998850729
0.29565569073505965
0.2900779094810701
0.29585945627513954
0.291309084337947
0.2902922103420718
0.2967919605191896
0.2863223324142603
0.2646745831057618
0.2629428912315698
0.26457968953771616
0.28169702686768455
0.2831584297805336
0.28280614768267154
0.28374437140161696
0.2836175708379407
0.33621102393569935
0.36092344268344617
0.3690391540743383
0.379428149478532
0.41879777745137875
0.42570506152908155
0.4328653531069148
0.4447819342129077
0.43897838711363124
0.41785241212168084
0.4215226460981187
0.3964717493990154
0.3906587437872516
0.3926873995831563
0.3892804965183591
0.3865802052956813
0.3760250932588404
0.3615115144446062
0.35528537908075686
0.3517702181098951
0.3593674962408032
0.36005483689514034
0.3454180229076568
0.3341719734727418
0.2830412820144492
0.26638546059854534
0.27487103819165154
0.2804273341013778
0.26305138712535303
0.2637894264219989
0.26389752092202245
0.26392117703577855
0.24246335420737727
0.24310635924632276
0.24390902468817702
0.24443265166448233
0.22785485257793178
0.2280551126616637
0.22816787073049657
0.22827037807180825
0.22401859636428822
0.2248490359611703
0.22552049920541656
0.22642472366005337
0.2217333130105318
0.22188155029136297
0.22198284977492497
0.2220714620639541
0.2195227348997153
0.21587299921924477
0.21668349550838165
0.21708872580681332
0.21914605523661904
0.21887615981046557
0.2186933979108221
0.2185325277226175
0.23115899761018505
0.2305719984423743
0.2309672360763047
0.23032206167987226
0.35184129946681947
0.2712284692479408
0.2279079224128334
0.22877042959050403
0.23276216642539158
0.2333352192697994
0.23611005055940387
0.24593400668287382
0.22939710696009552
0.23140335336172696
0.45302015311141863
0.6000003609514384
0.38376613335435633
0.2731482171820016
0.3324739957067227
0.3176507787453034
0.2770550296175752
0.2644913645504421
0.26711857581526444
0.2671241947417401
0.2612851183378055
0.2783631943016155
0.2766382900963755
0.2769406935005767
0.2890681781659347
0.2778729582277938
0.28581150222240964
0.293312364389638
0.29577484482586747
0.30024023706377223
0.3033782142860193
0.30796866260799854
0.31806067367296376
0.3231364786580656
0.33251856517339323
0.3425859318163463
0.3741612603793765
0.3782092224380048
0.3824576051391663
0.37889515350866604
0.42203033659684364
0.43212397212450715
0.44069767090261525
0.4525070113969302
0.44650120104808066
0.4438379062459547
0.44357243197569696
0.44065422672711513
0.43431392407481934
0.4325970550399122
0.42091015903775597
0.410269114373492
0.38956434182251914
0.37507390136758173
0.3610491115867069
0.34516406684580103
0.3640367001970889
0.3637370205917057
0.365151635148404
0.3892558594918709
0.2919670838641145
0.2768968697502431
0.27741046497026534
0.2804381782064588
0.2571215312691743
0.2611514270582357
0.26292375986981276
0.2636318106097961
0.23936864643589342
0.24091995145232722
0.24239099838227166
0.24388473561993385
0.22561288140906413
0.22534371338907147
0.2249844631891653
0.22370090297060205
0.2182964441794369
0.2191758860369698
0.21933470878652403
0.22091023966709347
0.21542195979082315
0.21564573513511703
0.21578522433876923
0.21590376836929417
0.2200899787187726
0.22063132287054205
0.22119943699837682
0.22177248141067304
0.22337625187551052
0.22380583988080802
0.22441183668166959
0.22496275216518666
0.23507068600404735
0.23556947431100614
0.23620299330004546
0.2368552637170964
0.320255788307377
0.2474163377235814
0.22972260142465595
0.22875734866024053
0.23681696390841778
0.2319252777853101
0.24009584611022666
0.265642854468431
0.26187603835415413
0.256507275496484
0.2636200582698565
0.261267092004667
0.23298424372240437
0.2524465609286089
0.2522989137106348
0.25254305253290255
0.2641186543571646
0.2562447784123349
0.24254479441482305
0.2433680417622157
0.2468582164135173
0.273118396426688
0.28229602643866614
0.29866805939753294
0.30594888533234643
0.2953432855798417
0.30432588301319385
0.313692796336688
0.3232477986898641
0.30899038242573285
0.32841755012230067
0.33440581104995426
0.3456235726185058
0.3626629885683666
0.37402568624136
0.3878065229566985
0.42041098260628307
0.42888897355860806
0.417863287768795
0.4105246345505901
0.4453686273832595
0.45343650114537803
0.45143332670399305
0.45722532802251725
0.4971341749121909
0.49663646814624157
0.5219066218540875
0.5198438281025938
0.48500334371179776
0.47854021543501263
0.47140109433511174
0.46623085290760996
0.4410594160201494
0.415752861180713
0.4008916635805136
0.39350565972806434
0.3744431969244094
0.3476082626270171
0.3158284039968802
0.30382267699406534
0.2788987173978557
0.26112975602269645
0.2720438442975287
0.2745851665761145
0.26368943606281176
0.26377818810170367
0.26384805856135246
0.26394647428872725
0.2419748222932538
0.24213730711758324
0.24221790720227995
0.2422993482091195
0.2252448537933863
0.22508504709411362
0.22514377077618802
0.22521776063797547
0.21929216294389858
0.21463209652875845
0.21564653377026866
0.2147907594395243
0.20775234209088847
0.21454895639892713
0.2148429982968444
0.21479215319796469
0.2137768087779862
0.21434808233609598
0.2149571226843945
0.2155820139000939
0.21697690003990075
0.21717578524759956
0.2174389476870593
0.2171919942570409
0.22450620660559342
0.22284318397423286
0.2214790005406831
0.2201633317287646
0.3776631639533817
0.26880374190644907
0.3244689880394063
0.33015838563767685
0.33181730568438983
0.33362194010204804
0.3385984437498504
0.34481368658505723
0.35190003754096827
0.3620973003486539
0.37149506496311524
0.3797639850120721
0.39292085232998086
0.4209013263533444
0.41308601611174683
0.43319157915035544
0.47532477273731794
0.4465603116786051
0.43862869917708397
0.43960338683983324
0.4523932514425765
0.503490718403213
0.5633121916616788
0.6074501522957585
0.5796015916172643
0.5696153423661094
0.5770052948109813
0.5805502858730195
0.5997922227650538
0.5999268868548667
0.6068987236539575
0.6294554745652952
0.6602192627762918
0.6339132341055442
0.6268810991269946
0.6237972186140287
0.6537043631052609
0.6593505977018875
0.642119123817161
0.6396468047996493
0.665240899141693
0.6438883959008587
0.6378121908927892
0.633080552109471
0.6324427676604661
0.6189570869577059
0.604942564676942
0.5933152112974874
0.6224341220551048
0.6448772609269231
0.6282735273921316
0.6055519580549665
0.5722165334242169
0.5458478457132655
0.5062798579668257
0.49020538032862593
0.4782233153918363
0.4626891432322593
0.45353260574339216
0.44565318998441744
0.27846600860636267
0.26638546059854534
0.26638546059854534
0.26638546059854534
0.25360339414112587
0.25360339414112587
0.25360339414112587
0.25360339414112587
0.22914864934263598
0.22914864934263598
0.22914864934263598
0.22914864934263598
0.20985663645189437
0.20985663645189437
0.2131393637863597
0.2131393637863597
0.2081076957705707
0.2081076957705707
0.2081076957705707
0.2081076957705707
0.20307602775478178
0.20307602775478178
0.20307602775478178
0.20307602775478178
0.20161186788858532
0.20161186788858532
0.20161186788858532
0.20161186788858532
0.2030388711484223
0.2030388711484223
0.2030388711484223
0.2030388711484223
0.2131022071800002
0.2131022071800002
0.2131022071800002
0.2131022071800002
0.46253613004454475
0.44178860616719484
0.44250120381393787
0.4740724817324351
0.4799094876617243
0.47105138353161213
0.492276710142143
0.4666816378970923
0.4630527564107686
0.46627680296069796
0.4709355975752527
0.47591872095102056
0.4821377332937782
0.5085772220854695
0.5151014132788486
0.5218705564784097
0.5214171070270909
0.5129930797538523
0.5314424747900643
0.5546654525930297
0.6117977303485018
0.6866542141364241
0.7475608381837332
0.8033056964310112
0.7539782875176041
0.7193455725492992
0.7045204577611369
0.6908276447315262
0.6922788532875579
0.6963153865851883
0.7009552208535189
0.7069926467695002
0.7293900556035465
0.7569021557516719
0.7902594218078127
0.8227993113120542
0.8537707185850678
0.862765290256393
0.867864642148803
0.8905703081154404
0.9211164599180773
0.9213284818809825
0.9182525386001537
0.9130536974496674
0.9249953623754352
0.8940510526891547
0.8619951862204402
0.8312766068897364
0.8070079895117497
0.785856967801174
0.7610729415755132
0.7329707825785782
0.6993534469182172
0.6655607812450731
0.6397853918688198
0.6203691060767681
0.615058032695388
0.6026539470701158
0.6067508842825263
0.5914692566062996
0.2749087949928051
0.26112975602269645
0.26112975602269645
0.26112975602269645
0.25289121220094396
0.25289121220094396
0.25289121220094396
0.25289121220094396
0.23030055951076314
0.23030055951076314
0.23030055951076314
0.23030055951076314
0.2131393637863597
0.20985663645189437
0.20985663645189437
0.20985663645189437
0.2081076957705707
0.2081076957705707
0.2081076957705707
0.2081076957705707
0.20307602775478178
0.20307602775478178
0.20307602775478178
0.20307602775478178
0.20161186788858532
0.20161186788858532
0.20161186788858532
0.20161186788858532
0.2030388711484223
0.2030388711484223
0.2030388711484223
0.2030388711484223
0.2131022071800002
0.2131022071800002
0.2131022071800002
0.2131022071800002
0.6244912341826758
0.6370360498125511
0.6368819691511948
0.6284239968447125
0.59598487541375
0.5716938664907203
0.5629411484603597
0.5669062790246917
0.5748350547539692
0.5590851935617459
0.5657986857197981
0.5631661604117009
0.5645433244163279
0.5930401636212013
0.5945107748905388
0.5768431825456659
0.5747290387375924
0.5437917729005608
0.5378045868725242
0.5252036025018872
0.5463365135812174
0.5706736765095446
0.5822164565797456
0.5936526852282119
0.5832980468171192
0.5663563626441084
0.5791421194111491
0.5796758225049878
0.6094976922374754
0.6302716858493099
0.6507480653808984
0.6780938405907236
0.6878915582468245
0.6964080916442722
0.7043709384587723
0.7132687383971217
0.7313583995997482
0.7595003048763147
0.7825644178932171
0.8044146561433113
0.8309437891057874
0.8327631889121875
0.8329594516712646
0.8314772748855599
0.8142574224090767
0.8031081873529197
1.0169665291073922
0.928884723981005
0.7967467689002501
0.8415379511532157
0.8331610225314761
0.7813058320763794
0.6936854210460841
0.6524607713987347
0.624197331590984
0.604938011336879
0.5895135196952838
0.5825435404342125
0.5625401463089567
0.5524256692844508
0.27571942496018226
0.26638546059854534
0.26638546059854534
0.26638546059854534
0.25360339414112587
0.25360339414112587
0.25289121220094396
0.25289121220094396
0.23030055951076314
0.23030055951076314
0.23030055951076314
0.23030055951076314
0.2131393637863597
0.2131393637863597
0.2131393637863597
0.2131393637863597
0.2081076957705707
0.2081076957705707
0.2081076957705707
0.2081076957705707
0.20307602775478178
0.20307602775478178
0.20307602775478178
0.20307602775478178
0.20161186788858532
0.20161186788858532
0.20161186788858532
0.20161186788858532
0.2030388711484223
0.2030388711484223
0.2030388711484223
0.2030388711484223
0.2131022071800002
0.2131022071800002
0.2131022071800002
0.2131022071800002
0.5032853646957942
0.4655584685191888
0.465499577320982
0.4618957295157089
0.4459878753398995
0.42507189058835043
0.42725636386578836
0.4172895584029442
0.4223637282762622
0.4266777994403477
0.43366625286286625
0.44381540242483325
0.44996902275021133
0.478925804544931
0.495520166134048
0.5041460544777936
0.5032677094880909
0.4853016311730266
0.5056392779921224
0.5231977498236332
0.5298152816517802
0.5520891201389106
0.5603095268439934
0.5896641912598504
0.6092004223591647
0.5679664365910042
0.5742441835623662
0.5664778175187406
0.5681303522773348
0.5995484568863676
0.6180231406947992
0.6419952076685855
0.6448179283415963
0.6470456159272283
0.6329754642573397
0.6256197720366946
0.6341352744179674
0.6375995006740997
0.6419140324790784
0.6456388666647981
0.6554626453330786
0.6577834990350819
0.6695180773191124
0.6649580806309395
0.6853252394649341
0.6892113321637594
0.6757353390247173
0.6712758139256734
0.6534234767882668
0.6497476506009862
0.628816038363228
0.6187554440134659
0.5924196704670927
0.5728214146442571
0.5349100465071208
0.5156782667605612
0.48235432540006196
0.46936015205950893
0.46874636080781584
0.4763094425645496
0.27714735103770516
0.26638546059854534
0.26112975602269645
0.26112975602269645
0.25289121220094396
0.25289121220094396
0.25289121220094396
0.25289121220094396
0.23030055951076314
0.23030055951076314
0.23030055951076314
0.23030055951076314
0.2131393637863597
0.2131393637863597
0.2131393637863597
0.2131393637863597
0.2081076957705707
0.2081076957705707
0.2081076957705707
0.2081076957705707
0.20307602775478178
0.20307602775478178
0.20307602775478178
0.20307602775478178
0.20161186788858532
0.20161186788858532
0.20161186788858532
0.20161186788858532
0.2030388711484223
0.2030388711484223
0.2030388711484223
0.2030388711484223
0.21408111417821118
0.21408111417821118
0.21408111417821118
0.21408111417821118
0.4552831867474426
0.43303186637036656
0.43933239443822264
0.4424585843604645
0.45533066975327546
0.41872789335927335
0.4136452706118191
0.42650716910912495
0.6309134485740313
0.7961769899609514
0.8131729239538115
0.5705613209157842
0.44366096121447623
0.5225680315993053
0.525107700271985
0.5385526646942321
0.5565759492008145
0.533998318569918
0.5499811344294707
0.5600570235876275
0.5666720676752962
0.6052865149982066
0.6291200123653238
0.6278555099233717
0.6394494612080215
0.6327101279029366
0.6046385507340457
0.5542236513203876
0.5355041427567799
0.5012108664806306
0.4920612705019411
0.48620178692483856
0.5046360678231282
0.5477149131850019
0.5729081119788617
0.5920907527595678
0.633329987517497
0.6339007283921357
0.626535346573752
0.630087692971661
0.6460023543639825
0.6469346750329242
0.6543890841178454
0.6580495146935603
0.6658806252591907
0.6598623059163615
0.6462855200311861
0.6352410048725944
0.6091328193594612
0.5934605070350477
0.5753407183815318
0.5562602469762469
0.5299597517656667
0.4895906787033604
0.4694975159314276
0.4542091330654252
0.4420113818319607
0.4569297262298215
0.45587599620621294
0.4540054667480003
0.2837451187463877
0.27164116517439424
0.27164116517439424
0.26638546059854534
0.25360339414112587
0.25360339414112587
0.25360339414112587
0.25360339414112587
0.23030055951076314
0.23030055951076314
0.23030055951076314
0.23030055951076314
0.2131393637863597
0.2131393637863597
0.2131393637863597
0.2131393637863597
0.2081076957705707
0.2081076957705707
0.2081076957705707
0.2081076957705707
0.20307602775478178
0.20307602775478178
0.19785040878930538
0.19785040878930538
0.20161186788858532
0.20161186788858532
0.20161186788858532
0.20161186788858532
0.2030388711484223
0.2030388711484223
0.19966218104629346
0.19966218104629346
0.21408111417821118
0.21408111417821118
0.21408111417821118
0.21408111417821118
0.4609680250104089
0.4019973816948898
0.4224029133617269
0.4274120413079142
0.3737368051837826
0.3791618562533543
0.37350965325914653
0.3688745184768624
0.3787313874442112
0.36817387683896047
0.3670145082930573
0.36827924328670963
0.3694807271385716
0.3917508382374078
0.3902125551671422
0.39579788936402005
0.39440561292712595
0.3734970392723094
0.37362352499362456
0.3742375151504914
0.37658836000327134
0.4293098405563199
0.44779247246003395
0.4573776900980261
0.4760580009969087
0.4373043568669559
0.43027780743956134
0.4327634685216294
0.43166666426517847
0.4314535084963642
0.42999301958977626
0.42755796226142334
0.4342273436031966
0.4422299049351646
0.4613655951255558
0.4815421475185263
0.5124911595987173
0.5013826334669348
0.496741429894695
0.4941928505004139
0.5191195215953832
0.525858267545309
0.5054706134608636
0.5052550612684165
0.519890632043685
0.5194988279661827
0.5180595339588042
0.5127385002461474
0.5103902001265023
0.5088015503670833
0.5049375280987707
0.49487702190491617
0.480823215204341
0.4597305690359279
0.44572485769413944
0.4383506598685537
0.4117858683022733
0.40473629302229863
0.3989443014205416
0.41463765787880286
0.27939050487197054
0.26638546059854534
0.26638546059854534
0.26112975602269645
0.25360339414112587
0.25360339414112587
0.25360339414112587
0.25289121220094396
0.23030055951076314
0.23030055951076314
0.23030055951076314
0.23030055951076314
0.2131393637863597
0.2131393637863597
0.2131393637863597
0.2131393637863597
0.2081076957705707
0.2081076957705707
0.2081076957705707
0.2081076957705707
0.20307602775478178
0.20307602775478178
0.20307602775478178
0.20307602775478178
0.20161186788858532
0.20161186788858532
0.20161186788858532
0.20161186788858532
0.19966218104629346
0.19966218104629346
0.19966218104629346
0.19966218104629346
0.21408111417821118
0.21408111417821118
0.21408111417821118
0.21408111417821118
0.4340482789803129
0.30813821142753417
0.3799282588997968
0.3845029500018405
0.39292806358651133
0.4191727162248078
0.4084388282800309
0.4098726459178779
0.40981910970830376
0.4145530796851875
0.4195688807202277
0.4240845765871182
0.41197393578779723
0.441143854526441
0.4374283845190359
0.43039781393847
0.4399750677669677
0.4153216899312774
0.41993106254654006
0.4259013681563301
0.4202267429466257
0.4420063794446266
0.44931128876269316
0.4560294245854976
0.4580124945349254
0.4410791715277487
0.44339211777579307
0.4456555512638399
0.4489066461728819
0.45413503129500266
0.44534843550239234
0.4499205352553444
0.45763040251823295
0.46640667325297513
0.4763153650401104
0.48650987577827504
0.5360459879281155
0.5657275685263439
0.5554816402120862
0.5395497167877843
0.5677448764719036
0.5952591251917276
0.6265219789586711
0.627800451388474
0.6450816542002338
0.6464933587328638
0.6295156192182587
0.6210762237005428
0.5775270916569041
0.5620796573264775
0.5501934321170961
0.5341972485525265
0.5135659355631964
0.4941957326148497
0.48141285206652296
0.47384003855298984
0.4626592321185569
0.44869676466995334
0.4597884169462252
0.4581438388013851
0.2884858732024169
0.2768968697502431
0.2768968697502431
0.2768968697502431
0.25431557608130784
0.25360339414112587
0.25360339414112587
0.25360339414112587
0.23030055951076314
0.23030055951076314
0.23030055951076314
0.23030055951076314
0.2131393637863597
0.2131393637863597
0.2131393637863597
0.2131393637863597
0.2081076957705707
0.2081076957705707
0.2081076957705707
0.2081076957705707
0.20307602775478178
0.20307602775478178
0.20307602775478178
0.20307602775478178
0.20199595571753026
0.20305076620872414
0.20318033367226465
0.20398942135229323
0.20518937110680502
0.20522095781173583
0.20516382142637082
0.20335709615792177
0.21408111417821118
0.21408111417821118
0.21408111417821118
0.21408111417821118
0.4923155588657821
0.4444239007174351
0.4490366782739229
0.478737235997204
0.4795862188577568
0.4675139148125922
0.46163175985579724
0.4628747059949377
0.46000312010910105
0.46440947981460967
0.4693157394195203
0.4745092189360032
0.7093625927542074
0.6684511425999584
0.5671883917102326
0.6360579251762138
0.6612784840536129
0.6496631820113948
0.6027748417808627
0.5464172518949418
0.5744460083261055
0.6142339374822878
0.6379690601259576
0.6758139665137257
0.6526013471813036
0.6303141955056362
0.6394974237583089
0.6377122783949531
0.6291777122762257
0.6448126408117388
0.6269156974754333
0.6291320044595717
0.6511676847201481
0.6557279725322008
0.6579827646579249
0.668847127848119
0.6974071820217809
0.700382279732619
0.7216837805497585
0.7301324299863429
0.7674288846376667
0.7733372089549032
0.7639136932981021
0.7444210215195726
0.7478538615951578
0.7375256955179831
0.7253314887873086
0.7100463199949183
0.696855992012485
0.6732313444524441
0.651805957881073
0.6290572639894313
0.6044584473694307
0.5712092869872079
0.5486718380216354
0.532740608153574
0.5183322045294513
0.5117078871367164
0.5057741202607622
0.4988297315077017
0.28155331995861277
0.27164116517439424
0.26112975602269645
0.26112975602269645
0.25289121220094396
0.25289121220094396
0.25289121220094396
0.25289121220094396
0.23030055951076314
0.23030055951076314
0.23030055951076314
0.23030055951076314
0.2131393637863597
0.2131393637863597
0.2131393637863597
0.2131393637863597
0.2081076957705707
0.2081076957705707
0.2081076957705707
0.2081076957705707
0.20307602775478178
0.20307602775478178
0.20307602775478178
0.20307602775478178
0.20161186788858532
0.20161186788858532
0.19702882505179212
0.19702882505179212
0.19966218104629346
0.19966218104629346
0.19966218104629346
0.19966218104629346
0.2150600211764222
0.2150600211764222
0.21408111417821118
0.21408111417821118
0.6106994230384287
0.5995706109539454
0.5840705909333662
0.5928621368495581
0.5645088551919301
0.5392054510345005
0.5343265634268396
0.5339921156441781
0.5357317734127581
0.5244098701597882
0.5368559431131553
0.5356647014504071
0.552338123985945
0.5819801723869589
0.5906592448795911
0.6026180325198299
0.5787512654293674
0.5563656132580306
0.5590504682806636
0.5749454574327749
0.6240271375132207
0.6851417309046143
0.7664754104441021
0.8345668827869532
0.8274056720447037
0.8367495320598549
0.8672280593840898
0.9113468585393818
0.9203731999649818
0.9307063082737794
0.9370495405761272
0.927303743807335
0.9283063943504679
0.9302275755325535
0.9321464742721564
0.9336693376162062
0.9379025958881548
0.9372233902186947
0.9144978417986241
0.8890335017859243
0.9205877589625603
0.9160865334492322
0.9118453399650991
0.9070921257059253
0.9195052212196229
0.9066273473761189
0.8956048167739655
0.8805726123578433
0.8589801538155081
0.84226372674255
0.8218377231281295
0.7987716151654438
0.7690146006763068
0.7303434809324375
0.7014649285445433
0.7022408259471679
0.6808445578385562
0.6674619359597131
0.6381847730386394
0.623262871650996
0.27526026673704534
0.26112975602269645
0.26112975602269645
0.26112975602269645
0.25289121220094396
0.25289121220094396
0.25289121220094396
0.25289121220094396
0.23012379108893646
0.23012379108893646
0.23012379108893646
0.23012379108893646
0.2130469621113139
0.2130469621113139
0.2130469621113139
0.2130469621113139
0.20358432103077334
0.20358432103077334
0.20358432103077334
0.20358432103077334
0.1975576845031272
0.1975576845031272
0.1975576845031272
0.1975576845031272
0.2015475884624666
0.2015475884624666
0.2015475884624666
0.2015475884624666
0.20296655679403866
0.20296655679403866
0.20296655679403866
0.20296655679403866
0.2129977531125572
0.2129977531125572
0.2129977531125572
0.2129977531125572
0.6516269563431274
0.6533508272901396
0.6356308933576461
0.6278889209480539
0.5983805841012021
0.5744442629008735
0.562465287820824
0.5557637711393241
0.5476465410450468
0.5465269370355446
0.5450813444331711
0.5514330378380478
0.547803998889715
0.5607632399514033
0.5689474480648684
0.5672363296698203
0.5496654417319213
0.528222086130361
0.5294417875037932
0.5336269401151025
0.550066355893684
0.5932140221109071
0.595001274472908
0.603521933616971
0.5964504733533876
0.5811444033716731
0.5744362357520328
0.5778753322167617
0.6046747789825039
0.6278595355878542
0.6281529168426527
0.6613341999869097
0.6577739159080168
0.6653885185490248
0.696875553140409
0.9527953340989358
1.1525306637191675
1.1731844731799033
0.9420781857037455
0.8583825455609256
0.9578262881799041
0.9847347161824656
1.0
0.9510088461578484
0.8820147391318947
0.8587107793145562
0.8427473480029207
0.8235820622978803
0.8045865131199608
0.7926823662916892
0.7491425414995393
0.7247266034662093
0.722846874488235
0.7281246275507274
0.7122745132015477
0.6949576322317343
0.674295766353089
0.6393303144136855
0.6227381827928267
0.609149036987652
0.27467019153590894
0.2657756450046297
0.2608284462127645
0.2608284462127645
0.2526300770323364
0.2526300770323364
0.2526300770323364
0.2526300770323364
0.23012379108893646
0.23012379108893646
0.23012379108893646
0.23012379108893646
0.2130469621113139
0.2130469621113139
0.2130469621113139
0.2130469621113139
0.20803136395205465
0.20803136395205465
0.20803136395205465
0.20803136395205465
0.2030157657927954
0.2030157657927954
0.2030157657927954
0.2030157657927954
0.2015475884624666
0.2015475884624666
0.2015475884624666
0.2015475884624666
0.20296655679403866
0.20296655679403866
0.20296655679403866
0.20296655679403866
0.2129977531125572
0.2129977531125572
0.2129977531125572
0.2129977531125572
0.5513681059336373
0.5761976433461976
0.6088374857324094
0.5915700211119737
0.5511103473818499
0.5425224611133639
0.5376612259212427
0.5185569475236024
0.5198070129229047
0.5082672625463054
0.5058140372958659
0.5071484009673162
0.5124829662500128
0.5472579854624208
0.5596480065139227
0.557006747325306
0.5655415017736588
0.5666895722498517
0.5521112864792028
0.5838039449360137
0.6105308174151766
0.6361883303276973
0.6473195531423416
0.6412684556553443
0.6500551900934788
0.6478411517861783
0.6471037095162071
0.6445092142794361
0.6426610634718624
0.6571477579522303
0.644139071080339
0.6463370216087742
0.6473923143930389
0.6489916274858947
0.8817773583797784
1.0417291785374132
1.0804908077411233
0.8620247900516071
0.7519437676255339
0.8196250552420251
0.8628400906389756
0.8826534586548309
0.8536886959140493
0.7894921830300858
0.7911395382090232
0.765921443476867
0.7454568834369222
0.7298551858385243
0.7081616271912624
0.6923686167505236
0.6762159076455041
0.6617362550383976
0.6366654187674291
0.6154637536976256
0.5795650149785072
0.5698097468271469
0.5489179492370989
0.5331532615545772
0.521563397046214
0.5111802147302169
0.2763602986119703
0.2657756450046297
0.2657756450046297
0.2657756450046297
0.25306671707706424
0.25306671707706424
0.25306671707706424
0.25306671707706424
0.22870986327281564
0.22870986327281564
0.22870986327281564
0.22870986327281564
0.20951767650370148
0.20951767650370148
0.20951767650370148
0.20951767650370148
0.20358432103077334
0.20803136395205465
0.20803136395205465
0.20803136395205465
0.2030157657927954
0.2030157657927954
0.2030157657927954
0.2030157657927954
0.2015475884624666
0.2015475884624666
0.2015475884624666
0.2015475884624666
0.20296655679403866
0.20296655679403866
0.20296655679403866
0.20296655679403866
0.2129977531125572
0.2129977531125572
0.2129977531125572
0.2129977531125572
0.5536138852961159
0.5420984855947928
0.5446492325876382
0.5386682884864205
0.5298474924207552
0.5221753992790542
0.5202277318150025
0.5206616643070416
0.5200889676535376
0.522878511125709
0.5366702656011529
0.545965545346287
0.5410792990522
0.5688603851538307
0.5673875035138237
0.5648062142834382
0.5542330002234418
0.5332415925818167
0.5356481413861035
0.5406294267173709
0.5658130096938769
0.6227552711053624
0.632706015271056
0.6325798800979071
0.6293576992461913
0.6115222655254181
0.5992052579026939
0.5940858710000342
0.5953160420848295
0.5994427125860847
0.6056840429742248
0.6121762921947669
0.6183910520612133
0.625656158875846
0.633860867188396
0.6415203583489347
0.6725188520706536
0.6808782024306284
0.6888633909497694
0.6917464597538682
0.7225103003043181
0.7261203157116048
0.727344041916321
0.751299569432462
0.7648821122187851
0.7577522945325181
0.7498729426798587
0.7383694810678066
0.7305094102755021
0.7253315406561318
0.7016242694101996
0.6845633697713112
0.6630348301721535
0.633674713897143
0.6104353288182637
0.5940418143453383
0.5756292305736481
0.5643449298694391
0.5404491361739847
0.5312081745067548
0.2753644938890769
0.2657756450046297
0.2657756450046297
0.2657756450046297
0.25306671707706424
0.2526300770323364
0.2526300770323364
0.2526300770323364
0.23012379108893646
0.23012379108893646
0.23012379108893646
0.23012379108893646
0.2130469621113139
0.2130469621113139
0.2130469621113139
0.2130469621113139
0.20803136395205465
0.20803136395205465
0.20803136395205465
0.20803136395205465
0.2030157657927954
0.2030157657927954
0.2030157657927954
0.2030157657927954
0.19672742132231336
0.19672742132231336
0.2015475884624666
0.2015475884624666
0.20296655679403866
0.20296655679403866
0.20296655679403866
0.20296655679403866
0.2129977531125572
0.2129977531125572
0.2129977531125572
0.2129977531125572
0.49535016840699264
0.5161956571448839
0.5467014961685541
0.5263766482108523
0.4976897785966331
0.4823405494537669
0.4476013906507434
0.43742537250194574
0.4277117363324448
0.4270946387453388
0.4301520471097685
0.4466389864255171
0.48087806133965166
0.5054062690906408
0.5063176026680276
0.518478241187283
0.5177281101416765
0.49272023906278006
0.4944490705781903
0.485095264195951
0.5113819903815013
0.5543873799139515
0.5689446492463861
0.8045054657884124
0.9607324182392786
0.9346297733737097
0.7114887480173316
0.6050340294097621
0.6888199349924123
0.72315888025732
0.689783576717932
0.639722215185195
0.64875356074358
0.6549020068532043
0.6850149981155318
0.6785927815063807
0.688140397761344
0.6954312946263453
0.7046641176028285
0.7141635572274859
0.7568423638001875
0.7730661753446261
0.776180692751987
0.7883903450583284
0.8011106924340365
0.7983893788781804
0.7952692171532958
0.787003154344774
0.7670414602764485
0.7488301528317649
0.7272274658568751
0.70315894894127
0.6736773962442707
0.6346168969368141
0.6022928942400236
0.5880662713194855
0.5617599067769216
0.5506925400630555
0.5381201546453311
0.5348625106222694
0.2760291393818953
0.2657756450046297
0.2657756450046297
0.2657756450046297
0.2526300770323364
0.2526300770323364
0.2526300770323364
0.2526300770323364
0.23012379108893646
0.23012379108893646
0.23012379108893646
0.23012379108893646
0.2130469621113139
0.2130469621113139
0.2130469621113139
0.2130469621113139
0.20803136395205465
0.20803136395205465
0.20803136395205465
0.20803136395205465
0.2030157657927954
0.2030157657927954
0.2030157657927954
0.2030157657927954
0.2015475884624666
0.2015475884624666
0.2015475884624666
0.2015475884624666
0.20296655679403866
0.20296655679403866
0.20296655679403866
0.20296655679403866
0.2129977531125572
0.2129977531125572
0.2136991830879281
0.2136991830879281
0.6000367087628236
0.520048825689658
0.5057494915640458
0.4891011542831956
0.45621596943437637
0.43541621104584544
0.42940293971096927
0.4480896206069381
0.47008861271265073
0.4828269749600474
0.48983551233953754
0.476998146805689
0.46258852971778797
0.4813637401236272
0.4865843005220162
0.49581858437571813
0.49572461180926475
0.48210628268190064
0.48702656821044693
0.4957883395282157
0.516405451335361
0.5466493445398775
0.5575937500984267
0.5724387925693663
0.5689558951439723
0.5492953260201565
0.5527104626583147
0.5576976186576404
0.555636614020761
0.5576280266496851
0.5768494023975786
0.5946864040627147
0.8539246377349662
1.009410158460964
1.0263071840380267
0.7986060567251472
0.722884161384561
0.8198370381481348
0.8608112895766714
0.8878368354634101
0.9005460881203988
0.8444006416778606
0.7974472740561369
0.7776238647520558
0.7849111704882441
0.7654269385504486
0.7482669659514302
0.731621955233701
0.7109339387666673
0.6948156555810927
0.9066762046335223
1.0415354465920192
1.0175091999772172
0.9923492764464252
0.9717487209273948
0.9616958249386145
0.7193946383687827
0.588914699604399
0.6407468289175925
0.643813324387614
0.31450330383782354
0.2756700425883598
0.2756700425883598
0.2756700425883598
0.2539399971665198
0.2539399971665198
0.2539399971665198
0.253503357121792
0.22729593545669488
0.22729593545669488
0.22870986327281564
0.22870986327281564
0.20951767650370148
0.20951767650370148
0.20951767650370148
0.20951767650370148
0.20358432103077334
0.20358432103077334
0.20358432103077334
0.20358432103077334
0.1975576845031272
0.1975576845031272
0.1975576845031272
0.1975576845031272
0.2015475884624666
0.2015475884624666
0.2015475884624666
0.2015475884624666
0.20296655679403866
0.20296655679403866
0.20296655679403866
0.20296655679403866
0.2129977531125572
0.2136991830879281
0.2136991830879281
0.2136991830879281
0.5687262870750496
0.6198907942033344
0.6357275830025466
0.5716028498711108
0.5298698262884775
0.5014398438500511
0.5025777739258686
0.483139399178828
0.4887580102385707
0.4891259660394132
0.48253798463192094
0.49163696523768763
0.5108684536160196
0.5163805141645841
0.546982249500739
0.5389041334820708
0.5121406876761192
0.4933446973051911
0.5030326450143954
0.55707360176551
0.5779027944057455
0.6319764231649845
0.6748184124605654
0.7020166920692301
0.6976288844595134
0.6864927115404921
0.7064698699652499
0.7446982129294967
0.783094193485008
0.7808769955271845
0.8029202544642843
0.8184477810233853
0.8323626030371014
0.8797956271724605
0.8973725876486744
0.8833595938331883
0.8940720543088755
0.897552989314606
0.9165819338998138
0.9123293744921926
0.9425936649734871
0.9522025394481946
0.9617441442925403
0.9707032393856411
0.9977687760178606
0.9854691890965597
0.9459776438438429
0.9125450234863925
0.8819126135366149
0.8639574604570239
0.847770812874639
0.8326968417388696
0.8154017445638121
0.7942553501597986
0.7816838820154361
0.7751857254094214
0.7683600470659053
0.7933123934347193
0.7880794650001347
0.8074306961077308
0.2736643662020951
0.2657756450046297
0.2657756450046297
0.2657756450046297
0.25306671707706424
0.25306671707706424
0.25306671707706424
0.25306671707706424
0.22870986327281564
0.22870986327281564
0.23012379108893646
0.23012379108893646
0.2130469621113139
0.2130469621113139
0.2130469621113139
0.2130469621113139
0.20803136395205465
0.20803136395205465
0.20803136395205465
0.20803136395205465
0.2030157657927954
0.2030157657927954
0.2030157657927954
0.2030157657927954
0.2015475884624666
0.2015475884624666
0.2015475884624666
0.2015475884624666
0.20296655679403866
0.20296655679403866
0.20296655679403866
0.20296655679403866
0.21440061306329897
0.21440061306329897
0.21440061306329897
0.21440061306329897
0.7874496249606446
0.8564143048458593
0.8408292616044117
0.7748148717754363
0.7031461846570791
0.6659863923711261
0.6574592465711356
0.6560696443877976
0.6417100287821623
0.6473642207381658
0.674518917502136
0.6683689758059619
0.7023985507527017
0.7167170915928026
0.7040846278600351
0.691775071841058
0.6752097356151642
0.6571269436744377
0.6586438071109487
0.6786068270845622
0.7051126947696987
0.7490045479488846
0.7762954012545317
0.8006692465242118
0.7969536349050583
0.8102358822560813
0.8216741951820248
0.8360466974204319
0.7964102158717217
0.7678837772723643
0.7365601265413408
0.7092034348410218
0.7150107764186266
0.7227732893370259
0.732204458359997
0.7425473709255561
0.7717496368669794
0.7813061080434782
0.7895737432649288
0.7899754330714859
0.8147504949641224
0.8175722699337208
0.8604965149149867
0.8744157831622011
0.8819946568276651
0.8942460215444789
0.8535504378078184
0.8331000830609864
0.8146196339931755
0.7952510990531579
0.7948287761482187
0.7686551168942435
0.7383328650559985
0.7055946647478414
0.6643407689368543
0.6281998606484243
0.5910704877400096
0.5686973887294415
0.5527218446714898
0.5428760821756204
0.2703516182593973
0.2657756450046297
0.2657756450046297
0.2657756450046297
0.25306671707706424
0.25306671707706424
0.25306671707706424
0.25306671707706424
0.22870986327281564
0.22870986327281564
0.22870986327281564
0.22870986327281564
0.2130469621113139
0.2130469621113139
0.2130469621113139
0.2130469621113139
0.20803136395205465
0.20803136395205465
0.20803136395205465
0.20803136395205465
0.2030157657927954
0.2030157657927954
0.2030157657927954
0.2030157657927954
0.2015475884624666
0.2015475884624666
0.2015475884624666
0.2015475884624666
0.20296655679403866
0.20296655679403866
0.20296655679403866
0.20296655679403866
0.21440061306329897
0.21440061306329897
0.21440061306329897
0.21440061306329897
0.6432851045253859
0.6624266930291935
0.64887805323378
0.6214481212053865
0.6046384503951235
0.5997101163015872
0.572808749286614
0.5659122841616139
0.5440027579981721
0.5523114634456465
0.5562221676213137
0.5487046352659696
0.5526662597807575
0.575694014261133
0.5684480125796929
0.5565328838208449
0.5448391614259036
0.5276479501672241
0.5346913182735719
0.5465995451823223
0.5798588022798432
0.6223708054389373
0.6489727311860299
0.6785567237489123
0.6714330502529477
0.6519543356749852
0.6536387051131953
0.6553899783550433
0.620975874170351
0.5791590423665645
0.5373492216919328
0.49618433046581073
0.4864968343137433
0.4851985557623238
0.4870624560972804
0.4901958259614687
0.5096982789395424
0.5093219973307216
0.5414451361715791
0.5508374060255141
0.5637970845003527
0.5518906195348051
0.545497204559395
0.5379887351934769
0.5738573295347327
0.5707117227497914
0.5639723511495447
0.5557291246310798
0.5429658708261758
0.5325781326359833
0.5194716605651368
0.5044589747075365
0.46670473472541496
0.46347292616861724
0.43450071989540484
0.42886457752776086
0.41596038582985473
0.39882092235168365
0.4304970483631077
0.41433475505333905
0.2901842197584744
0.2756700425883598
0.2756700425883598
0.2707228437964948
0.2526300770323364
0.2526300770323364
0.2526300770323364
0.2526300770323364
0.23012379108893646
0.23012379108893646
0.23012379108893646
0.23012379108893646
0.2130469621113139
0.2130469621113139
0.2130469621113139
0.2130469621113139
0.20803136395205465
0.20803136395205465
0.20803136395205465
0.20803136395205465
0.2030157657927954
0.2030157657927954
0.2030157657927954
0.2030157657927954
0.2015475884624666
0.20322550251349675
0.20421143887764934
0.20545605376008846
0.20634788790760242
0.2056846942842411
0.20501352732647055
0.2043770725919452
0.2129977531125572
0.2129977531125572
0.2136991830879281
0.2136991830879281
0.389762921763566
0.30478874806037803
0.38317760534255263
0.3906418897748953
0.38943090157222465
0.37603606942255247
0.3838215649507988
0.36679047860263936
0.3589426012991764
0.36427900880253355
0.37186955619789036
0.38008382865823026
0.38166576788922413
0.4095935493878295
0.4187458436659661
0.42769142226095413
0.43023386533454866
0.4135727904199617
0.41718262022723124
0.4221439462788358
0.4280987260637048
0.45903571937640164
0.4756160861048204
0.4978660785207931
0.4874945760216443
0.4820760121912308
0.5009718822084601
0.538624703892185
0.5650205799606461
0.6198896854626031
0.6708526432806142
0.6768924136748273
0.6918107202143594
0.729893934630304
0.768699121456083
0.7822205775728006
0.8279488316904878
0.8464290483912393
0.8686442954344362
0.8815219631009679
0.9222472409755916
0.9296970475521653
0.9351032997568548
0.9363116639698551
0.9347118194054561
0.8984393112199252
0.8669072648529846
0.8408427935565214
0.8171495665679865
0.7935681317729428
0.769364569490227
0.7461028359842661
0.745052076157945
0.7033789188843925
0.6776678216874985
0.6596025511604116
0.6358933879258826
0.6155049927625207
0.596726461061659
0.5775129561191696
0.27509390126330396
0.2657756450046297
0.2657756450046297
0.2657756450046297
0.25306671707706424
0.25306671707706424
0.2526300770323364
0.2526300770323364
0.22870986327281564
0.22870986327281564
0.22870986327281564
0.22870986327281564
0.20951767650370148
0.20951767650370148
0.20951767650370148
0.20951767650370148
0.20358432103077334
0.20358432103077334
0.20803136395205465
0.20803136395205465
0.2030157657927954
0.2030157657927954
0.2030157657927954
0.2030157657927954
0.2015475884624666
0.1919072541821601
0.19672742132231336
0.19672742132231336
0.19934399013170825
0.19934399013170825
0.19934399013170825
0.1957214234693778
0.21440061306329897
0.21440061306329897
0.21440061306329897
0.21440061306329897
0.6399755284184729
0.6581538252748292
0.6622136223320859
0.6462085455867546
0.592526758618216
0.5681985098133314
0.556782755747389
0.5384059189862728
0.5189658650386374
0.5145873606203929
0.5164475288357407
0.534136088072674
0.523868325049073
0.5370164296331201
0.5335049347569387
0.5272059042614137
0.5219613733202974
0.5008300925625456
0.5029431754003277
0.5338878220599506
0.561522635917119
0.5943588334829106
0.5903229700606976
0.5911858449047749
0.5975549940624848
0.5890422242165425
0.6038785721957967
0.6209815809195333
0.6258654174127939
0.6304058404825017
0.6368860039241038
0.6410574808422377
0.6646381695415294
0.6918524363362233
0.7229373306038416
0.7563912593246547
0.7788151019912233
0.7710051364217635
0.7615450537049979
0.7517758334524902
0.7858178630622568
0.7849713994027459
0.7842474550415848
0.7823219170643022
0.7861485678664785
0.7726749342547281
0.7552604071793994
0.7393301670238641
0.7057693345042031
0.7162284901389658
0.7055098456760747
0.6949685619536421
0.6653178057667019
0.6325776479413294
0.6095703833484929
0.5904948225331003
0.571527157911682
0.5914070727291018
0.5678535733830451
0.5610166483919083
0.2746914128179269
0.2657756450046297
0.2657756450046297
0.2657756450046297
0.2526300770323364
0.2526300770323364
0.2526300770323364
0.2526300770323364
0.23012379108893646
0.23012379108893646
0.23012379108893646
0.23012379108893646
0.2130469621113139
0.2130469621113139
0.2130469621113139
0.2130469621113139
0.20803136395205465
0.20803136395205465
0.20803136395205465
0.20803136395205465
0.2030157657927954
0.2030157657927954
0.2030157657927954
0.2030157657927954
0.2015475884624666
0.2015475884624666
0.2015475884624666
0.19672742132231336
0.20296655679403866
0.20296655679403866
0.20296655679403866
0.20296655679403866
0.2129977531125572
0.2129977531125572
0.2129977531125572
0.2129977531125572
0.5730454963779714
0.7257214522627399
0.7189449689572398
0.6905095618705585
0.6418221676294386
0.6057090736656193
0.5856528101081534
0.5591361545965412
0.5394366238892718
0.536734216067305
0.5367120970520235
0.5336861027929343
0.5343858862140536
0.5612676143156018
0.5762939012963191
0.5842068883249885
0.5813306612426096
0.5508031187080342
0.5506815843935953
0.5536158517736903
0.5774825949043353
0.6136173276823937
0.631668857609876
0.6545281528681209
0.6330801271879043
0.6027079464190466
0.5932388760180404
0.5807570609308237
0.5840014022681079
0.5863949126438667
0.5911052916792423
0.6112252028380476
0.6192066690332102
0.621609770439351
0.6347033714941352
0.6186669082417394
0.6400364324184926
0.6500626387578562
0.6540015895317509
0.6504352272658384
0.6869916888635603
0.6888112574994282
0.6554369625366282
0.6715742974402064
0.6815185976903747
0.902271775042936
1.0737172706206428
1.0723878377087217
0.8275738834580326
0.70670784726681
0.7437487427978693
0.7338733243862823
0.7187022059354138
0.653919849596792
0.5647565575779051
0.5207724440439634
0.5146951732617996
0.49955095579815206
0.4891732006418611
0.48051118280968846
0.28131621506346205
0.2707228437964948
0.2707228437964948
0.2707228437964948
0.253503357121792
0.253503357121792
0.2526300770323364
0.2526300770323364
0.23012379108893646
0.23012379108893646
0.23012379108893646
0.23012379108893646
0.2130469621113139
0.2130469621113139
0.2130469621113139
0.2130469621113139
0.20803136395205465
0.20803136395205465
0.20803136395205465
0.20803136395205465
0.2030157657927954
0.2030157657927954
0.2030157657927954
0.2030157657927954
0.19672742132231336
0.19672742132231336
0.19672742132231336
0.19672742132231336
0.19934399013170825
0.19934399013170825
0.1957214234693778
0.1957214234693778
0.21440061306329897
0.21440061306329897
0.21440061306329897
0.21440061306329897
0.47188458151973683
0.41583490794707045
0.42503909342777535
0.42066270419987684
0.3960403865249456
0.40839858842785365
0.4244462640128418
0.3937890689580277
0.4093111057278702
0.4003176302500125
0.400474531848681
0.3986521544783075
0.39116099269617544
0.3871759508095897
0.39166969041534894
0.4016804616269193
0.4013615825300112
0.3959278441026931
0.6297907660257107
0.7867930269006008
0.7930375101300564
0.5924625830316665
0.486534614346602
0.5581171369481095
0.5704476421682015
0.5656182913622004
0.5399168581866731
0.7270558558143284
0.8913202908918684
0.6770023502502958
0.5720877327759577
0.6491148707971937
0.6775132450836888
0.6866922135618487
0.6984263933690946
0.6693513539188424
0.6263593195938719
0.6168023644942918
0.6164998733448556
0.6198830700747693
0.6516243689791907
0.6532318505008086
0.6249222015587906
0.6233003714016273
0.6316165270448855
0.6212999052542547
0.6169664069163533
0.5975552286415422
0.5784632395317019
0.5624056123083787
0.5457457487679565
0.5296198391421169
0.5285696093821379
0.5121009986185984
0.49925983666227114
0.4895561906673618
0.4776133095594427
0.4722545508818052
0.4676109393666927
0.4654097008492327
0.28264060969784016
0.2707228437964948
0.2707228437964948
0.2707228437964948
0.253503357121792
0.253503357121792
0.253503357121792
0.253503357121792
0.22870986327281564
0.22729593545669488
0.22729593545669488
0.22729593545669488
0.20598839089608895
0.20598839089608895
0.20951767650370148
0.20951767650370148
0.20803136395205465
0.20803136395205465
0.20803136395205465
0.20803136395205465
0.2030157657927954
0.2030157657927954
0.2030157657927954
0.2030157657927954
0.2015475884624666
0.2015475884624666
0.2015475884624666
0.2015475884624666
0.20296655679403866
0.20296655679403866
0.20296655679403866
0.20296655679403866
0.2129977531125572
0.2129977531125572
0.2129977531125572
0.2129977531125572
0.4489684239160694
0.29717885903420294
0.3983300924600296
0.388563813432776
0.3733676561638607
0.36214909811305074
0.35517789343995426
0.350649864001426
0.3479164698700176
0.350660536933211
0.3568312495065337
0.3654043704374161
0.3682558120986355
0.38162410414225745
0.3923226364970765
0.40032482292811167
0.40554558351955833
0.39203176115176325
0.3978300690786236
0.4179010368877867
0.4363348496931192
0.4670150153071029
0.4787029311011914
0.4761053862974855
0.4803473280585759
0.47021026287953027
0.46777045862088606
0.4700937246130277
0.4730776447738087
0.476832774109876
0.480231708719022
0.4835340158520012
0.4877963948475262
0.4962791516029116
0.5054269810366679
0.5148101755909097
0.5649466697609123
0.577103526561789
0.6038550988443607
0.6167716208066405
0.6606258509989559
0.6693766888102429
0.6856569821706994
0.6999064394095161
0.7247354400790009
0.6986591036488156
0.6700205368078919
0.694348513816822
0.6199522116451949
0.59036701348782
0.5739210635279858
0.5672109499203661
0.5204247897515403
0.4750167070448901
0.4526690679550308
0.438815126580683
0.43757914323092156
0.45267358333365115
0.4353043397279162
0.43788101254444056
0.2837916736458161
0.2707228437964948
0.2707228437964948
0.2707228437964948
0.25500117149187024
0.2538028397373973
0.25383437903640804
0.2538145435871433
0.22992569354837242
0.23034460378415
0.2318926889942359
0.23191391575103112
0.2150847004136613
0.21525614691703793
0.21540286125551233
0.2155396911516427
0.21048939599711197
0.21013243730190873
0.2092013613162993
0.209759046805852
0.20546364162447048
0.20614125426293722
0.2066974286738857
0.20737389008214296
0.20183957513987447
0.20733980591136109
0.20805095839533363
0.2087921459894889
0.21029307408253037
0.21066312357895023
0.2110947708868035
0.21154125069384622
0.2199132121005148
0.21908879984061747
0.2187134967963873
0.2183799945839389
0.37352092431765965
0.24724098564127384
0.3149588215590611
0.3058314158932751
0.2908426898337804
0.29463651580831857
0.28381670811114423
0.29286545509848605
0.30907683017514703
0.3058036558649515
0.32895696122223655
0.31717849608213067
0.29856101205147256
0.3275613696988374
0.35958746101703104
0.39770419975424326
0.4185795263046982
0.398937864881022
0.40295050811370187
0.4083441531078228
0.3855049512423767
0.3992281140543081
0.4057289828424706
0.41613583615422095
0.41778594536209146
0.3999795241823503
0.4012556301755356
0.40207425284846854
0.4026079034961551
0.4039061212135747
0.40543153303952667
0.40716784295298153
0.4113918295610212
0.40117952768548404
0.4086513921130033
0.41515217563572676
0.44196011706413585
0.45693622985118754
0.4692591144181993
0.47414787767628347
0.5152946672188229
0.5202254156097496
0.518675268191633
0.5204619816806647
0.5494724003622763
0.5593682379918808
0.5652972260491947
0.5563184325998305
0.5284540184099403
0.5105852346001198
0.49125511076660644
0.44965035729182556
0.4160844118688123
0.3995267789781646
0.39136104038779235
0.36548577555996814
0.33864832793453875
0.3333732307412157
0.33361034128952355
0.3373462111573743
0.2831847936551366
0.2657756450046297
0.27484772972128396
0.2773299608154335
0.26164382065734326
0.26289604820243406
0.26292307938747916
0.26302167532293286
0.24059043416956855
0.24011064985704597
0.237996861350938
0.23489417132053356
0.22072474473037948
0.22140094744798136
0.22187221881782318
0.22211313554720105
0.2177030144481344
0.21819852178015317
0.21866850673707017
0.2191351393051498
0.21416494519079407
0.2140837879279926
0.21401052579238716
0.21397608996216488
0.21377145980505055
0.21431128480685094
0.21482822839772925
0.21532227218171388
0.2120711883669843
0.21203296442722644
0.21223866331916305
0.21129266519060302
0.22408874698039302
0.22276638142173205
0.22080155413650449
0.44008842144124455
0.7571257461816351
0.63505175183042
0.5016087676931473
0.35475484527525575
0.3900948005607987
0.401754475766494
0.3532359482179348
0.2998566305596615
0.27211444130329576
0.2686276046029169
0.2749300798937607
0.2563195188856385
0.23497214596590646
0.25487237730481
0.26192148966927775
0.27114505543844464
0.2811637753264259
0.2661976300943466
0.27148904541138114
0.27304872046226825
0.27878863928836384
0.30769572509745746
0.31325742957062214
0.3255709677796694
0.3485789346538587
0.33869593961160505
0.3470731271037679
0.35743414836213644
0.3692892503532047
0.3719042372006128
0.36693366197477373
0.40185333511371846
0.4407403345752776
0.40791784815066795
0.41439548049544805
0.4383364431509909
0.4873778464559206
0.4811880179816416
0.4881731827155589
0.4854392649618068
0.521421349989896
0.5509683067214622
0.5401362618669977
0.5425693140905069
0.5567125062205881
0.5517407819819028
0.5373074746116108
0.5436717691033524
0.5383405586592296
0.515484988366947
0.7370547375323654
0.6429947561153265
0.4987768572984982
0.5357395961014693
0.5274084185652447
0.5294861366185684
0.47201508238593554
0.4004370737760557
0.3958774074682856
0.40310695047693423
0.2858548330468445
0.2707228437964948
0.27180852802117655
0.27563221976140295
0.25568519383634264
0.25588454861902354
0.25339854999967054
0.25573716767110377
0.23280761373482817
0.23378884895726798
0.2359038195975353
0.2365527695010232
0.2205808183299231
0.22154898007345222
0.22267866912123843
0.22384807654974415
0.21893568981050554
0.2186849477516153
0.21836270497425256
0.21803425249392003
0.2133719058858933
0.21381929632812513
0.2142892088069161
0.2147658981319197
0.21318358308992155
0.21321818279809704
0.21323403899354343
0.2132777859247969
0.21455240904004913
0.21481003089214357
0.21515465285111013
0.21551591027230982
0.22288433025371454
0.22117632597943077
0.21978672707186248
0.2186687605149379
0.3793049492367168
0.2590569547106991
0.3188949806287896
0.31608824412262837
0.30006539647748826
0.286912529557712
0.2793988291794061
0.5146816063290661
0.4895326162296516
0.3750453964335086
0.3958025037959994
0.3484655405002099
0.29626802683306463
0.3308725787914524
0.5684609087959882
0.7217183023697963
0.5169341561850507
0.38999212057182436
0.449618807043451
0.463095309897932
0.445017924126738
0.4587758852542364
0.47396057712757483
0.4146388245509691
0.4022625037164706
0.3750512092264441
0.3934238151307903
0.3925543407543304
0.3850833221989424
0.3989957937558665
0.39956558408651943
0.4021552818232289
0.418083826842595
0.41183778574818075
0.4224735082888005
0.45596794264056345
0.5070687257187677
0.5368069853357437
0.5549507426866627
0.5143977475438459
0.5303997518078043
0.5291423070514655
0.5327415463940198
0.533367061725476
0.5449542954196771
0.5381555674095229
0.5235725905604197
0.5007206193151321
0.48650167620746615
0.4782159469515583
0.4694884338128169
0.45503245155806343
0.43782109892719906
0.41751149415621563
0.40092529473679006
0.39097074917103747
0.37712517838804444
0.37063011381723504
0.3659871193645784
0.36247228314444513
0.2870779240107399
0.2707228437964948
0.2703996885820756
0.2776146923726829
0.2613731297181476
0.2614959290082947
0.26102485152518684
0.26157221295283034
0.23841489846359748
0.23905700340705302
0.23867490268538222
0.2387642920805072
0.21879984701093802
0.21927345489780348
0.2192234071989826
0.21905494447073953
0.21346840696893318
0.21889286507774902
0.2197796019526061
0.2206474381706218
0.2159126917952099
0.21600747785063612
0.21606987437015854
0.21613701934193294
0.20601276418100753
0.20522038703642956
0.21064636654470492
0.21065132765796846
0.21425253602769292
0.21585445319763222
0.21296792897185768
0.21340253162228018
0.22463866012786218
0.2168380913629647
0.21510204303866987
0.21581973424782683
0.40972987914089143
0.3371286054703105
0.32760737158610304
0.30062097808558214
0.2831931848219804
0.2875148588927809
0.27856409378194985
0.2869288522093267
0.28371820467734604
0.280102061199452
0.29993000061328184
0.291654981743317
0.2794157988272404
0.2987671607924217
0.29297039321653684
0.3145279144524859
0.30343762030547283
0.28373363291936077
0.2867184204096509
0.290845220141924
0.3042852266495318
0.3211301646090207
0.3264350106246316
0.33458631228261876
0.3429889948471456
0.3296742791572855
0.3359136781119825
0.34032408302680073
0.34591064796403187
0.34890614070515985
0.35270268911291675
0.3565276088603949
0.36539525551824215
0.36642778900722184
0.37695669516847435
0.3912314321113952
0.42603549364152243
0.4281415845900967
0.4296151833713403
0.42714808882992666
0.46227132337102544
0.4690792059276382
0.45554278374326085
0.4581103641548171
0.4712566054660559
0.4776973344505169
0.47024190422677986
0.4636436303776076
0.4544849442284753
0.44744719610340666
0.43930103333987275
0.4251943073672475
0.4009596117901179
0.3777648731987491
0.3597892172448775
0.3466167463625316
0.3327987972326909
0.3267480076115138
0.3167138780164525
0.31546356642057466
0.27899407541849464
0.2608284462127645
0.2765736662099447
0.2763381861402635
0.26685768428428536
0.26616998811498765
0.2654861223233551
0.264924326281238
0.24265975638352635
0.2424301921889816
0.2421426311317648
0.24188612097442752
0.22500938287981034
0.22518801909056888
0.22536594304328555
0.2255462396522225
0.22083108437149945
0.22087617571278328
0.22109026678241375
0.2212828430195602
0.21656757566707766
0.21683061030145753
0.21708414438397042
0.2173351800854625
0.21125903787135564
0.2114554735611445
0.21168677237954966
0.21185213881312354
0.21404988842035633
0.21401454023272595
0.21407477939390301
0.21415952006013744
0.2265020484100376
0.2257587235862191
0.22540199921572324
0.2256197415736249
0.375434843962232
0.24750971744917222
0.3240225139921611
0.30311435480247234
0.2780901887277155
0.2662016176359689
0.2640814764582749
0.262281858051424
0.265893234259862
0.26823367011970617
0.27320592115131803
0.2762987712919386
0.2528764222285181
0.2717996956738419
0.2787102745607414
0.2876923181602672
0.29970237690555884
0.28652800339089524
0.3058592904654871
0.31399926470800205
0.32030071639803204
0.34638174977154607
0.35532811758296856
0.3655360093870797
0.37903021974951967
0.37389312057156254
0.38835478616768243
0.4032347043273025
0.4117919149205338
0.41726164799045135
0.42097275178253807
0.428539952550821
0.4306803425055825
0.44502790704453365
0.4428327500028146
0.4449361878342105
0.4538995863727439
0.4514377608852012
0.4497260422076027
0.4711640693118004
0.5222568277412155
0.5388281895922529
0.5291723302645981
0.5207193372374157
0.5290979731051765
0.5219795387140312
0.5103438426695319
0.4929168311913603
0.4808437183776482
0.4675791046650516
0.45268783374240407
0.436154302489398
0.4224867703879246
0.4058769135192727
0.4032837185627282
0.4071301760952881
0.39233302154352456
0.4066356832331727
0.40507843382787706
0.40258198501201153
0.27582237699635187
0.2608284462127645
0.26278473404274433
0.2683389887836141
0.25651648524828863
0.255096064609573
0.25562123778207074
0.25582786890433684
0.23444553841940938
0.23520257102571515
0.23590542186537722
0.23662137779551495
0.2203170500531916
0.2208053668585622
0.22148408053072574
0.22214608643997474
0.21747927351548546
0.2176637387313946
0.21783188194790618
0.21801750599253525
0.21334966918841686
0.2136801737033968
0.21401003402689917
0.21421662202650274
0.21291996652572684
0.21306200874916228
0.21181732222176564
0.2044660671037298
0.20974181197152245
0.2105851547951444
0.21087003829205667
0.2110146150029788
0.22326235540043582
0.22049851577525065
0.2196812584936057
0.21925163213298368
0.402498102226279
0.2624527669425222
0.34241413558720035
0.3257207494239756
0.2998369310209572
0.2922388118613183
0.2757914690544413
0.27359973930894177
0.27281425893355776
0.27727669583004105
0.2832433597717176
0.2912506297800524
0.2810428921416322
0.3020052188229979
0.30683107919797814
0.3143306907556265
0.3310250756186258
0.318555340624343
0.328123795764656
0.332088262666895
0.33837567653268164
0.3670588308862729
0.379191981590261
0.393019415548462
0.40960571377832417
0.4040619383122538
0.4174269808702786
0.4334567768788852
0.4565095226189365
0.49037233619861254
0.46152127931151943
0.45655430433463284
0.46129424997219
0.4671997664620411
0.4842007268433264
0.4884546765513679
0.5178181552160389
0.5337551809293115
0.5805551829490283
0.586120366221529
0.6101210561475228
0.6178849443958702
0.6287162577384535
0.6298274370602153
0.6463721327822393
0.644504218615412
0.617158980570501
0.5985487145455626
0.5804678195409666
0.5500539594572087
0.5350527852012558
0.5190480293873313
0.4886180495811473
0.47228859449454896
0.45640037385841264
0.432450570345435
0.420118203820555
0.4098253408219611
0.40049407098440226
0.3917933892567676
0.28503690438621493
0.2707228437964948
0.2707228437964948
0.2657756450046297
0.25306671707706424
0.25306671707706424
0.2526300770323364
0.2526300770323364
0.23012379108893646
0.23012379108893646
0.23012379108893646
0.23078767638660827
0.21399282655778987
0.21452146605010872
0.2149536169927098
0.2153687880748576
0.21130127340431945
0.21228088627302336
0.21328922136691708
0.2143245275343503
0.20982698018387405
0.2101668195542778
0.21046752782870928
0.21059525758426628
0.20945313237536445
0.20976307423293167
0.21007249712861656
0.21038474390631026
0.21242131647173823
0.212690698478573
0.2092334293871
0.2094092656655969
0.2222185976578954
0.2213924002610984
0.22063963784216342
0.21988356004771825
0.3752835536400089
0.2436791549204894
0.3316841558713026
0.3335279952691068
0.33144791878201857
0.33260155959867144
0.3381676251809004
0.3462333024516508
0.3574366013126916
0.3661480086546001
0.37288492857090416
0.37736527884172105
0.36719432156465964
0.38778115805141
0.3919005200945097
0.3962432194794297
0.41248086671735307
0.3956705883942066
0.3991521221537482
0.3967417700287013
0.4067138001688385
0.4362644027669212
0.46166297425647296
0.47351967108434073
0.4817580105237174
0.46607868723973905
0.46681910551354866
0.47848473334436653
0.4935222488498717
0.5116045305266359
0.5309488654060381
0.565081376185579
0.5893775018402889
0.614553259024078
0.644205543230545
0.679105255184236
0.7373416635685849
0.7696812142162153
0.7984032188162874
0.8058119412067976
0.8144524747657683
0.7930623055280471
0.7794650567963857
0.7570136094328662
0.7906522401271744
0.7861291497113763
0.7758042284898586
0.7594022608016515
0.7391488018022512
0.6862601553115151
0.6571593657690439
0.6294443887160349
0.5832441415061729
0.5525577621104446
0.5295301172565431
0.5120160563991856
0.5021364590835452
0.4938238251923283
0.4966114838918724
0.4853719762235637
0.2767662229367609
0.2657756450046297
0.2657756450046297
0.2657756450046297
0.253503357121792
0.253503357121792
0.25306671707706424
0.25306671707706424
0.22870986327281564
0.22870986327281564
0.23012379108893646
0.23012379108893646
0.2130469621113139
0.2130469621113139
0.2130469621113139
0.2130469621113139
0.20803136395205465
0.20803136395205465
0.20803136395205465
0.20803136395205465
0.2030157657927954
0.2030157657927954
0.2030157657927954
0.2030157657927954
0.2015475884624666
0.2015475884624666
0.2015475884624666
0.2015475884624666
0.20296655679403866
0.20296655679403866
0.20296655679403866
0.20296655679403866
0.2136991830879281
0.2136991830879281
0.2136991830879281
0.2136991830879281
0.5217361303443534
0.49551388320193734
0.4881841565593799
0.5462043482057903
0.511866048450603
0.489057275856069
0.5058700109689351
0.5197329095472937
0.4772648217840371
0.4716891968459752
0.48854899807097263
0.49641038931792986
0.5266564702410894
0.5854501354041475
0.5488217132896095
0.5086427862059998
0.5205893814878443
0.5021995498908408
0.48946938152308905
0.5046444122968593
0.5071480098140526
0.5569172987579482
0.5705539584464836
0.5742428657313744
0.5722011991297371
0.5439113179974402
0.6022022546783226
0.7289211407251093
0.6077249250390306
0.5792404539745571
0.5755563896426952
0.5859048025687756
0.5854224986602231
0.5852416142883357
0.584785146777617
0.5804015949655806
0.6052736701331721
0.6102410152811967
0.6126538233444968
0.6382522201767928
0.6745828246633504
0.6787109528419704
0.6977109943596083
0.6977015550995181
0.7132253190333558
0.7050760406206621
0.6973000081069273
0.6860627851036627
0.6539994885453049
0.6298643076968116
0.6152070342656969
0.6034694504652732
0.6028912028937716
0.5675353302997186
0.5471278007732306
0.5383442749737565
0.5188369989028924
0.4977595353579247
0.48645163336878255
0.47751575719218153
0.2828533142831244
0.2707228437964948
0.2707228437964948
0.2707228437964948
0.253503357121792
0.25306671707706424
0.25306671707706424
0.25306671707706424
0.23012379108893646
0.23012379108893646
0.23012379108893646
0.23012379108893646
0.2130469621113139
0.2130469621113139
0.2130469621113139
0.2130469621113139
0.20803136395205465
0.20803136395205465
0.20803136395205465
0.20803136395205465
0.2030157657927954
0.2030157657927954
0.2030157657927954
0.2030157657927954
0.2015475884624666
0.2015475884624666
0.2015475884624666
0.2015475884624666
0.20296655679403866
0.20296655679403866
0.20296655679403866
0.20296655679403866
0.2129977531125572
0.2129977531125572
0.2136991830879281
0.2136991830879281
0.4737707043120953
0.3890499243681457
0.4019014461321106
0.3754529718044703
0.3573046115520175
0.3486269236047463
0.33487933155020133
0.33395894697293
0.33107686832149014
0.33127874179703976
0.33299470079728166
0.33565964561072614
0.3305813916328567
0.35188897830749233
0.35633117596359865
0.3639950455286431
0.37185780375373356
0.3611111270542236
0.3775008034311049
0.3904739785234926
0.38768850088493106
0.4165569342189176
0.43168253237806564
0.4445760045179029
0.4448223320583493
0.42888980972154434
0.43312815602947585
0.43751068918591535
0.44147734897579277
0.4457911453238153
0.4663943132016271
0.47563167199612955
0.48481541455036337
0.4952264647114081
0.5072500292626394
0.5197443586281796
0.5783026798164091
0.6177565123895247
0.592815828482477
0.5858210859029767
0.6115763190877408
0.6478282435668067
0.6258975303330341
0.6183580833814268
0.6948393005398207
0.6700907874397386
0.6243888650042897
0.6086099612261006
0.6187484079808705
0.6038515020447658
0.5895852127410719
0.5828126708972029
0.6035798421206487
0.5748633854034222
0.5217753185177938
0.4975687467867505
0.475422669280253
0.4646338258522502
0.46457550436195705
0.461041343249423
0.2832024015337103
0.2707228437964948
0.2657756450046297
0.2657756450046297
0.2526300770323364
0.2526300770323364
0.2526300770323364
0.2526300770323364
0.23012379108893646
0.23012379108893646
0.23012379108893646
0.23012379108893646
0.21438887335577184
0.21425328651436354
0.21412174030180722
0.21413012768895726
0.20919349098295284
0.20955969378678027
0.20986730204709755
0.2101233865235973
0.20567123651789035
0.20624981889256028
0.2068439910724123
0.20744606483968
0.20699808737586195
0.20814628754644254
0.20935332397532674
0.21048069674320952
0.21176679304572507
0.2117843923488293
0.21275309079918642
0.21305953115658216
0.22163976849098158
0.22056952632771804
0.21959303462405783
0.21872230149053606
0.3817440831317961
0.2604868044000832
0.332830612621373
0.3272431797242336
0.3097595300952996
0.29778301529029505
0.2905662511947353
0.28635541435094475
0.2813229902124856
0.28111258755547797
0.2821630040602212
0.28466658795393085
0.26973529978567073
0.2909685755066705
0.2974703293970364
0.3059559470518081
0.31270920320763723
0.3077417109130606
0.30837265654995444
0.3121584410800447
0.3304273923157164
0.36220191678551356
0.36497250992569785
0.40475871977722283
0.4054281883083841
0.38184109167497804
0.39032306775040243
0.36239969810468475
0.3587751758112293
0.35996691541333686
0.362245303072875
0.3648454208506357
0.3683211631054139
0.375123918795998
0.38453736865234733
0.39072504205696174
0.4194692723410138
0.42740409499162224
0.43117941800009063
0.6933327521704253
0.8793101986371521
0.8847945305221984
0.6584778883909604
0.5499365845768581
0.627060015817252
0.6365782026591397
0.6371537739898046
0.632625934967494
0.6080872414424023
0.6010942705659786
0.5529016472252656
0.4625722494625771
0.44942393978286677
0.4211508756609508
0.4076071325886592
0.4056151885087253
0.38926921216421645
0.38229372327396716
0.3791895635441199
0.3749932803174019
0.2867596852770542
0.2707228437964948
0.2756700425883598
0.28100853248410057
0.25436466208682956
0.25475596771017367
0.253503357121792
0.253503357121792
0.22739905515733277
0.23029564633538538
0.23243084640865935
0.23446000699945435
0.21401349502475603
0.21420330068101495
0.21422853129620412
0.21774812748882108
0.21208747164929453
0.21243713906145018
0.21276519260853838
0.21308137622555193
0.2074415940110879
0.20776488137275706
0.20806759214279985
0.20808467287153268
0.21279054415659035
0.21329533230835027
0.2139386623261059
0.2145816130104966
0.2161345929209506
0.2166031266680549
0.21714709672044352
0.2164558123697416
0.22574964674582335
0.22386588819364314
0.22327309750296495
0.2233179872968169
0.37347803022823556
0.23720018351563585
0.31051948770710613
0.3076778550690518
0.289677305009446
0.26373947332708303
0.24792553112858678
0.24229139069906916
0.2423989272353343
0.24896842443075423
0.2583206544772275
0.2662439437870881
0.25701807361007994
0.27993031713294725
0.28076680647494456
0.2805785815502832
0.29381785185452375
0.2836483240299213
0.28435599433281816
0.2874569035793562
0.28769184125066577
0.3065901044098242
0.3075439293379307
0.3107433971635828
0.32363572287210063
0.31449243383480036
0.3247602826832259
0.3352153617847018
0.3475774667325957
0.3499301341200203
0.33933647577400206
0.3438981619571726
0.34765559154621417
0.355220026468882
0.38186676735555775
0.39547164308448124
0.43121520269597374
0.4437390316245648
0.45216058726796887
0.45846313673884065
0.4958098457030612
0.4999265196630197
0.5049107864980217
0.5052135942713412
0.5247574590024427
0.5305824590580646
0.5281798978536164
0.5269965295304049
0.49069431003513786
0.47220867547182593
0.4369217116525079
0.4076941898945698
0.3860319087740674
0.36548448165906633
0.3574189898188921
0.347141360038049
0.3378262731292647
0.33337032556824914
0.3293569322402328
0.3282787729810459
0.27752192562242883
0.2608284462127645
0.26879351506852367
0.2735873174319463
0.2620170945686048
0.26147202209323245
0.26102098918296657
0.26065537572919073
0.2391974706032308
0.23999740423843335
0.24077507281557922
0.2415793192426865
0.22529677358228611
0.22608014876930776
0.22688654005106493
0.22771249956830897
0.2229181826705637
0.2229124174154137
0.222881271872506
0.22287353929528092
0.218570792533558
0.2194021482991016
0.22027419558294778
0.22100786692655103
0.21914510500032272
0.21932638872045204
0.21964714148439582
0.2200001753616046
0.2220579457386874
0.22231728486948507
0.22247123122407894
0.22259606292288228
0.2312950533142625
0.2301587223480912
0.22903169317632988
0.22803108938074196
0.3543040721865836
0.22441078169164902
0.2842644049883518
0.2809363513790285
0.26744841291141225
0.2573154156777897
0.2793878743803205
0.2939677648610638
0.29013253046129733
0.26802644241979046
0.24449132182978323
0.23354536982523763
0.2278362129233603
0.24646146850026346
0.24806962369403698
0.2573126883836495
0.2709537893648079
0.26012240534650033
0.26611572678368633
0.2723604719984766
0.2792259277601504
0.3049338062957557
0.31277540379740254
0.3212353668172023
0.31960600595871236
0.30422349309255636
0.30759513880628514
0.3306658014203785
0.3365025676606274
0.3418924873725508
0.3597718151426844
0.3714564225386297
0.37286249318194525
0.3786442532781376
0.4002787925793632
0.4015612321010671
0.43378136407974016
0.4443884060620028
0.44224007303198043
0.44645582794520966
0.48939213433156925
0.49461076190624254
0.5154008239474778
0.5036634518518782
0.5158790230224837
0.46859295681335555
0.4168360958452404
0.39712228556199286
0.3767442969687775
0.35939186355460684
0.3412119627238032
0.320363128879813
0.30723369952058344
0.3007634841910679
0.29653152238401276
0.3182034795360732
0.31822025588834696
0.3221449891866255
0.32606679747023054
0.34745831049804726
0.2878479467327546
0.2707228437964948
0.28167281372074665
0.28546227131831176
0.26717741164939895
0.26739809089793815
0.2675499145653915
0.26773369526393337
0.24418835568790764
0.24446026148256086
0.24447885821902474
0.2446505579080296
0.22948091705276039
0.22988072149608962
0.23025767817101989
0.2306296174256307
0.22609121410821592
0.22647268397875986
0.2254459670173186
0.2196579787500065
0.2152690735539048
0.21251712284539181
0.21503041595711256
0.21579869795259124
0.22005815468169307
0.22025451665240736
0.22030268436857628
0.22046909274757062
0.22168351531189362
0.2218421649815199
0.22207349391102277
0.22231752540472802
0.23124757997147313
0.22978717192167533
0.22747275725321386
0.23113268024352016
0.34995339223482846
0.26972826548420786
0.24113439894644895
0.24643255355397922
0.23858709364203715
0.23758846170413858
0.23592874183466486
0.23778663790036597
0.2339586089080251
0.23470032952454023
0.23612091296685547
0.234425454463425
0.24129862054259524
0.2605893918727682
0.2566679612350341
0.25609848472314267
0.25657240857712454
0.23657812089289526
0.23452188075377356
0.23615947958062108
0.24278776077306685
0.25940123864069886
0.2762912728969797
0.2877954699019277
0.2822260338218254
0.2689482348678017
0.264285918645771
0.2662827529204758
0.26689302548591987
0.26877302256728436
0.2704160055326521
0.27520510536361403
0.2785374447851895
0.2823435093579375
0.28873445138676096
0.297157343347647
0.3304347526611016
0.33994121278001765
0.34624944453992235
0.3508170740658469
0.3953170907027848
0.4322467756969322
0.4459689830208676
0.46113626046785217
0.4841163951170828
0.490121792197052
0.4936224941097272
0.4935497657231638
0.4616832294830124
0.45688148250456856
0.4502493537491484
0.4428715349447817
0.42161561575912754
0.4015533895425744
0.39194999027073546
0.37717939233028275
0.3431703280936812
0.3301004419891975
0.32177127121265187
0.28919114246026106
0.2839007147113534
0.2768469780984929
0.2846697590863672
0.28213544990720046
0.2686270684492332
0.26841316718362423
0.26849325582676553
0.26844314165579974
0.24695019665865015
0.2475103066560691
0.24799094301347252
0.24847054661495993
0.23077432965235634
0.2299089611890491
0.22912301932336734
0.22832796086500928
0.22373403692953278
0.22425850058357616
0.21949288794849062
0.2198280574136504
0.21941542982041007
0.21952413187221073
0.21961594092780481
0.219701970448256
0.21868285086148898
0.21910923576395086
0.21967065041574585
0.22026049710155682
0.22155814870181023
0.22172386243464448
0.22057093649908813
0.21650860075585293
0.2317566034756724
0.23033114137422378
0.22983635385759793
0.2290675983469075
0.35740530868277665
0.2703299200363838
0.2578078443936942
0.2560770032380582
0.23980390563285237
0.23086098119090628
0.24674287131300301
0.23603392019539723
0.23421778294717355
0.23348605027883756
0.24835068160767554
0.23454886237500394
0.23612257054842642
0.2541530001006754
0.2527006563777403
0.25326913817969504
0.2529991095746301
0.23348153406990196
0.23435666215875672
0.23764791614984526
0.2386509283439961
0.2585356964653269
0.25810951443083235
0.25899568656873495
0.2739623681852465
0.26412274231878224
0.2728383835345974
0.277393794863302
0.2772628312874902
0.5131226437864032
0.6654639524537129
0.6675844109002577
0.4339319786176487
0.327891280974703
0.3944782570411698
0.42290115150329666
0.4855553920105366
0.45970297164958485
0.4312868515792384
0.41402366998324786
0.45117136228897775
0.4585542190596857
0.4653041006645813
0.4725524439554072
0.47416100811092377
0.4777953705440496
0.47050800485478306
0.46454756651585427
0.4519080875869199
0.44266265772511276
0.43057794624446327
0.41640948254996096
0.42523001981845304
0.3990692039525824
0.3836790089262113
0.37423658456069936
0.34331301446325313
0.32499408137104774
0.32400191275386536
0.31687897067693294
0.28825144866461716
0.2707228437964948
0.28251153799886625
0.2833193539461317
0.2646871135860044
0.2647547045297018
0.26464771997356573
0.2648328092204935
0.24298656700821733
0.24342042311739237
0.24354713670153622
0.2437817424492379
0.2271492376104162
0.22750998804254058
0.22784645545756743
0.22817128603826115
0.2231452609375567
0.22316884275946042
0.22339837844750043
0.22380747011235025
0.21920031660321362
0.21949658790156115
0.2202648210660166
0.22101567646508177
0.21615275767431985
0.21750480733896524
0.21893126910852287
0.2204676411620318
0.22255470060112156
0.22211864151060332
0.22520447214608977
0.2249786726329236
0.2331706348879614
0.23232539919507855
0.45097851193091165
0.5964204718749646
0.4947430038495614
0.2920393676100578
0.34959480458911785
0.35088303090675443
0.30605778214366414
0.23974166693516985
0.2306044226213257
0.23073826779579357
0.22991224110868302
0.23018276343537736
0.23052006894756333
0.23120728467167115
0.2368229924615199
0.2546667626899038
0.2504765418523704
0.25107263256614076
0.2485546423947328
0.22894891182928268
0.22918917607560105
0.22838351376879684
0.23304314010119243
0.2531567527193647
0.2625384736987077
0.27330950131039783
0.2775634109834863
0.24932103987735454
0.24662349449303936
0.24355874836242794
0.2495535787980504
0.2567961265329192
0.2612147463023108
0.2673303385033247
0.2665212242172788
0.2674987206606686
0.2853100426874722
0.2889286823080666
0.3154289522965558
0.3198675194543352
0.31788359421267853
0.31591958928149544
0.3441142966997719
0.34305671690283523
0.34318346612251244
0.3456220689849424
0.35902928448421373
0.35634347249311643
0.3513692196323518
0.34486056709773655
0.3409842853494741
0.33813525104944875
0.3335099676314908
0.3292729067086025
0.3027933053794044
0.28927797202490957
0.2818002890681335
0.2777174399217255
0.2735966316032178
0.2746301875026286
0.2755827903358842
0.27644015319879556
0.28201329559416377
0.26847743025896703
0.28789024264485924
0.28696525205278506
0.2732803087179997
0.27306828007579015
0.27314343751558007
0.2733731442672517
0.25078103067242846
0.2501104776477168
0.24924014729910907
0.2486096346602106
0.23148831403950584
0.23147646439410516
0.2314948244055894
0.2315389402211299
0.2268288707817262
0.22707866299672264
0.22731165352140847
0.22753577741947761
0.22246846373073592
0.2222357051839385
0.22230181741693453
0.22242095001170992
0.22152652691035388
0.22228126908731288
0.22317103299610466
0.2228354110357016
0.21984659192198736
0.22166586013292022
0.2179828047888477
0.21791910381129803
0.23026336002326075
0.2290735537084362
0.2303386255439142
0.2308831298493624
0.3485795011814695
0.23373034065080261
0.25240687763537206
0.2440590804970421
0.2416843459162099
0.24115380410567674
0.23858568486071616
0.23693921685267788
0.23465718293496599
0.22887492876958046
0.23449803327715363
0.23457217101243455
0.2349748934265463
0.2504009683014882
0.24939102703025906
0.2477283837496242
0.24345349378478762
0.2245175483327249
0.2226445502760877
0.22279229193783465
0.22663109510479143
0.24551287426079219
0.25224542409684275
0.2800645587024512
0.27640362123225976
0.25980545304616454
0.2626186459907948
0.2803609868752592
0.2669235354702454
0.272303336620783
0.26642120097657
0.25797948680338023
0.25749133891197307
0.270877385320668
0.27122361224824854
0.2673445246060334
0.29914076980119086
0.2931501274983176
0.29400912970701554
0.307842566530856
0.4024422682946836
0.4117908362380206
0.3559809104071779
0.37919223241708855
0.38606476747724366
0.39676940530261195
0.41275761260264393
0.4070337601978292
0.42737638458594746
0.42447983168163966
0.41474213500145274
0.40976338533960993
0.3923486009297874
0.3740717071230441
0.3603817071738062
0.328012727260048
0.30691575842290003
0.3004588211078946
0.3025586685631671
0.29827355021521124
0.28408394562362965
0.26642514396260014
0.28515718885897273
0.28482086405403007
0.2716934793863857
0.2714178267019676
0.2714043032474434
0.2715149716803358
0.2491446256454564
0.248097289742515
0.2478027558547084
0.2476658690287289
0.22909669129725235
0.230398267279923
0.2308683278522664
0.231075355471205
0.2264435235133764
0.22675692906023798
0.2270548755661672
0.22734793922658353
0.2231490870491587
0.2239289449008151
0.22487846460710956
0.22587324115338905
0.22505926076532232
0.22563766817927502
0.22620079375021365
0.2267644817829121
0.22828199106827057
0.2276393603810685
0.2252425145762127
0.22599835857977213
0.23586872760401814
0.23375614652186813
0.2321593852016059
0.22939593188154409
0.37110192344172577
0.2900108630157891
0.2986796011337031
0.2680479866026041
0.2839415402581947
0.29267486265376635
0.2805604619469067
0.2907779850344407
0.28699153427909213
0.2683006798682884
0.25553070672296546
0.24765020641433189
0.23244235466558066
0.2683110320775365
0.25654937772789416
0.2568219667593151
0.26344977774034894
0.2478257030504203
0.24353927614419768
0.24304382217290024
0.24072079096265978
0.26045747765642063
0.2606763226239452
0.26075889533914764
0.2533269956392344
0.23429053892742138
0.2379027033312458
0.2435001780273765
0.25054556130184796
0.2587573726340244
0.26704390156233154
0.2849528099818796
0.28485288810101045
0.274509404872062
0.3072949349316956
0.3073973649784994
0.32876078825268523
0.3419623439423387
0.3346586859390002
0.3213249150762841
0.35240064053018477
0.3691643672379006
0.37135828073111804
0.3867877687678627
0.37102842411650405
0.36816127903210144
0.3651796172416811
0.362696024464534
0.35144777971064767
0.3438290034980329
0.33973246879285185
0.3035928004207836
0.2821578292247629
0.27297899487843
0.2751084358391589
0.2762191758398982
0.2785238709494352
0.27829418110303766
0.27782182076109624
0.2765544238727884
0.2817043541361275
0.2691026902284984
0.28547705122690475
0.28504686625428305
0.2749731578218689
0.2740327431921341
0.27357058425825453
0.27317502022244183
0.2522963350187334
0.2538569978504073
0.2555106052131778
0.2572944324115535
0.2356468098215373
0.23828160868315676
0.23749011451614008
0.23677732438546562
0.23106226236607752
0.2303715961593769
0.22961932114637662
0.22925517234021853
0.2244592942515737
0.22475988886229645
0.22508230628132306
0.2254121581457095
0.22471845320415346
0.22568479041776687
0.22678412608600218
0.2270491447143407
0.22582318801152468
0.22561387206738429
0.21788324172775236
0.22220406588773955
0.24106003083559
0.45841766480366736
0.5970679550840544
0.5978595534509868
0.5023168960775575
0.2560407476668443
0.36479024872663524
0.36499020945464267
0.3477260450598351
0.279966127956114
0.23871285842634998
0.22803286193854327
0.22995294595524457
0.2316013807053373
0.23617312164942902
0.2363312967738273
0.2376700758542643
0.25650244834084945
0.2555254392088492
0.25427440552637653
0.2532138805305411
0.23333973902415248
0.23565730599011928
0.23542376282875932
0.2426908687628193
0.2617173951537695
0.26092830762953767
0.2650125439332616
0.2601412547364545
0.2468040534087535
0.26134992150759634
0.2692054897313593
0.2611226590490198
0.27138483012298836
0.27117778341889304
0.27165537580504057
0.2722999160806624
0.27241499888250664
0.29268302391749385
0.301443821444121
0.33728701604288724
0.327251044997933
0.32387586537024005
0.3188541579395857
0.35600566458384236
0.36510677020235677
0.3729285235486754
0.38217925934459784
0.40292265677790445
0.663638305141741
0.8266621389937086
0.8360637607747876
0.5918180652766285
0.4646167209663479
0.514361250936045
0.5080462705063286
0.4932261219731854
0.4866388817182591
0.47622798328632043
0.47054689519562615
0.45678824653622635
0.4210916377995274
0.35956110671239633
0.326609526622362
0.2945908376473667
0.27769385851991946
0.29467506134699817
0.28939901184626493
0.27173476024901094
0.27143036859432895
0.27097510255228824
0.27083724888061045
0.24872016360763896
0.2490202326648605
0.24919331511225773
0.24933828787493817
0.2321880371042413
0.23203475026862164
0.23196576279968759
0.2320333535259167
0.2273277993598856
0.2277772476233765
0.2282187031694117
0.2286607530831212
0.22397347004078882
0.2242239365700098
0.22445817413047825
0.22469014172003707
0.22415165398266762
0.2253167734381267
0.22660895622935834
0.22781741063235986
0.2292415646827287
0.22933397243537448
0.22943471758402795
0.22823090645525804
0.23537137051699603
0.23608533298550685
0.23513110861404038
0.2337072254723261
0.36365422010427784
0.32070205681066155
0.2627901479210657
0.2550240547562304
0.249053266973148
0.23061291899396824
0.23351828706434416
0.23459685006626074
0.2337088478342932
0.23400157534227709
0.2340559410592898
0.23397710127088484
0.2349305413753739
0.25359319849088396
0.2527109700144396
0.2518992919347681
0.2549210683600312
0.2351073983300567
0.23436605511730688
0.23431256588015953
0.24240170781391226
0.25141901567204206
0.267094937784098
0.48364764954802697
0.6307963253250839
0.6175405532355204
0.39290639363572033
0.2824813241203731
0.3680900973201117
0.39859539419877416
0.4072142592402248
0.39279346286646555
0.32569369048762875
0.34308413691617795
0.3487316237344908
0.35800513383803234
0.3965689913086829
0.4084673203553423
0.39845704238039503
0.4037812491323924
0.4176394127594479
0.42129807611583636
0.46977398111376434
0.4689617186038361
0.4817327882018916
0.48300070664637745
0.5083481055618051
0.5039269531449614
0.48792427680860917
0.47815702972252516
0.4596910478779387
0.43869375116663906
0.40059878625449885
0.3788074757222553
0.3464860586083487
0.3317494151724255
0.319654159764222
0.3138179541346623
0.3096443710765783
0.3139146193640766
0.2844664962015868
0.26590592688131964
0.2779702847765786
0.27668227119072
0.2678765251279945
0.2683689244365524
0.26872039388662416
0.2688923028719501
0.24689107700501073
0.24682192109418635
0.24666452543617595
0.24652372437405404
0.23036587853824603
0.23143626583238916
0.23257878486866665
0.23377156115365497
0.2296506832197547
0.23022894904162552
0.23091498089409282
0.2316029133345394
0.22749088915632895
0.22839967716694964
0.22932218952234368
0.2302604613064216
0.2295694986334638
0.2294451117340779
0.22913584311146543
0.22881616683071512
0.22984654138418484
0.2301855219857175
0.23059874362182303
0.2264443195762902
0.23835078738526547
0.2367372199048904
0.23639519019346655
0.23398619597097997
0.3378684326047385
0.25953262713988073
0.2529627606035672
0.2568106803298774
0.23081865714595923
0.23273784298345424
0.23341509593115772
0.23371833627224473
0.4515146982341105
0.5970454851979422
0.5963810374870717
0.37670410811672556
0.24963760349258532
0.30914654333259306
0.33964853018036123
0.3496626597087702
0.373513652170957
0.37290980585611333
0.3762823715445729
0.3852506502028795
0.4018688180116807
0.3878815266315444
0.3312199427594271
0.32542998540438
0.3470853465998582
0.30624751714817344
0.30484337614024576
0.30947395342107376
0.3141328467951981
0.3220750483406308
0.31207533385637537
0.33194045748581824
0.3432731936199666
0.353879502837151
0.36564404993317856
0.3775471013056394
0.41926477647380417
0.431039626170964
0.44320403550476734
0.4539712755037414
0.4979210119412303
0.5204066965907943
0.5222567576076989
0.5256293025547701
0.5451227941173256
0.5426195084127362
0.5382458342672444
0.5341466685901208
0.5160416273047871
0.5018828960963138
0.49330531214618356
0.4643091429647797
0.42838262161006035
0.40895830767534436
0.4063713516949559
0.3958204374760166
0.3800586677515262
0.37160918483057326
0.36528667928734726
0.3835980023882847
0.29107274447104653
0.2756700425883598
0.2752042032574984
0.27984996163162495
0.2596004567409558
0.25966799836630294
0.2594949525965185
0.2597708756822351
0.23669981708280777
0.2375538572593974
0.23830350626680455
0.2390613226571276
0.22030420325995095
0.2203457884386929
0.22057685603839494
0.22069438219094967
0.21537740229746036
0.21602758032861305
0.21679491590682873
0.2174453760033699
0.21198980337616063
0.21226369447562005
0.21262991496625472
0.21294481728578385
0.2175344336937925
0.21844300259736235
0.21934024979433042
0.2202483070894414
0.2205855059070008
0.22210804253664274
0.22316439558334053
0.22370860423671785
0.23208931367751393
0.23015078374234613
0.23004568198838035
0.22902488559745182
0.35808995752616063
0.2357900156698328
0.2921998464409975
0.2705099444973188
0.27235642768150503
0.26815373860151503
0.2630278821292942
0.27432893397929864
0.27509217211380077
0.30460383336715996
0.3242220948860539
0.3061638311326883
0.5225629399670464
0.4754254919434059
0.3731167418625051
0.4489696771339388
0.4755097300676019
0.46915668307415287
0.4799742051670887
0.44814098300798577
0.3940728840908853
0.41608377316711936
0.4287761945690268
0.4365791444036666
0.4192550377699724
0.39208049053552124
0.3844704746474632
0.37665421706657765
0.38250236746212446
0.39429883010139466
0.40442145144346436
0.4082268037131691
0.43405942567621975
0.4450592576554175
0.4557578343177683
0.4729440840374548
0.4966665380103074
0.5145890318575089
0.5144193238110387
0.512006542827751
0.5731760060381196
0.5930563675396611
0.6059418680315173
0.6125000981191642
0.6382434389392158
0.627830848107213
0.6137622645339142
0.6065591295014945
0.5748348598234883
0.5504582169508316
0.5031606185234604
0.4740815339057026
0.4422386372477548
0.42054472030978535
0.40739410133526577
0.3950411752976761
0.4114854620137817
0.39100254912106813
0.38707977606522304
0.3934472567747706
0.28048555656691776
0.2657756450046297
0.2657756450046297
0.2657756450046297
0.25306671707706424
0.2526300770323364
0.2526300770323364
0.2526300770323364
0.23012379108893646
0.23012379108893646
0.23012379108893646
0.23012379108893646
0.21371045212695586
0.2145350200064952
0.2151070367385431
0.21574687540406165
0.21171468505028432
0.2126795839040673
0.21364736846021182
0.21462306588316846
0.21005305293234353
0.2103112903711602
0.2103210875583657
0.210562564809551
0.20966833596634674
0.21032125503130353
0.21099499083559126
0.21167463130969472
0.2131518523749058
0.21351991262822645
0.2139533292271169
0.2143978319431521
0.2228685484964724
0.2223288113876451
0.22161830864344134
0.21945995317125144
0.3749751476401474
0.23255999722180273
0.2921194446370561
0.2789870591896253
0.27067567071084575
0.2588866988330545
0.24500743155939936
0.27753910354209876
0.26605120590196824
0.23793600579962923
0.23297254214281005
0.2261705629954555
0.2309934317764481
0.2495317262523182
0.24854037757064673
0.24739138851607848
0.249044420752446
0.23868046594553993
0.24612292134184105
0.253208148722149
0.25995083447241735
0.2886012568603867
0.30058455751284957
0.3145395882416559
0.3605544226638336
0.3506932085049729
0.35454945535097676
0.37188773569121736
0.3795350270369789
0.3931116979541043
0.4232151115183668
0.4213530097055298
0.4211582501235078
0.43013179361958476
0.4422755170376501
0.4556293579937674
0.48935519657016013
0.500687031497946
0.5102891659844302
0.5200929016089066
0.5556917005954817
0.5601657702963431
0.5655897252782492
0.5900768108400218
0.6031094012077416
0.5989178198834865
0.6184620399404098
0.6031523977715085
0.5876662169901142
0.5822019824848893
0.5752568044542339
0.5608268248158593
0.5253402141307054
0.49566406709924427
0.471175241933001
0.4505927908713539
0.4296389787572437
0.42006774440185424
0.39924556210943124
0.397862678392294
0.28575319354276846
0.2707228437964948
0.2707228437964948
0.2766516384390757
0.25937532032227084
0.2588048971176223
0.2592460930296226
0.259743201474835
0.23796210418843658
0.2389550282251754
0.2398114799282007
0.24066235762443453
0.2236209805135712
0.2239110595312498
0.22398967240071704
0.22385441256727068
0.21936088544303395
0.21985951374090623
0.22035060923754787
0.220834762411281
0.21598072460683565
0.216016691158515
0.21603079939064965
0.21604741672128186
0.21560117551469132
0.21587046310416716
0.21609685239825802
0.21633618819764466
0.21773824313350787
0.218109149702241
0.21856145171752037
0.21902764095525867
0.22819647290625764
0.2275826336233685
0.22669915402488447
0.22568127115872302
0.3585815192886392
0.2293997356187133
0.3008885442646571
0.3013172750581909
0.2893252413099323
0.2608138782510381
0.24208295817675607
0.23340071370802837
0.22486000365336553
0.22479546885222826
0.22460632611026207
0.2337197651532034
0.22919012708466388
0.24858994534160483
0.24952229497570474
0.251665807025714
0.24732719933098973
0.2279598341804385
0.2274255892184168
0.22684106048026814
0.23067694910266087
0.24830849867509325
0.25193530676960024
0.2636090625009298
0.27647891289987725
0.24569183318136134
0.24295695915348156
0.24201730154006626
0.25333599200278056
0.26652663782046565
0.2931532705287183
0.3070945674647941
0.3143766653473693
0.3208513019401707
0.3292012759607217
0.3355688756854243
0.3647714716976159
0.37361420154233743
0.3825925755563139
0.4136880237794726
0.4576157511935996
0.46927793522767597
0.4769969364168666
0.48306923826362713
0.5014712694325157
0.4995504699532631
0.4920722271624339
0.47967102847117254
0.4696988230090247
0.4574275671551505
0.4398977328291961
0.4232123382755129
0.41606222909574275
0.3931333906536816
0.38531147276245553
0.38550067847131475
0.39458917927102904
0.3858703057756834
0.3765827173810018
0.36694663124966714
0.28251050751711465
0.2657756450046297
0.2666202989902286
0.2709632276686898
0.25926349097691653
0.26007038737651356
0.2617450020652665
0.2627403864218259
0.24191616538777833
0.24317040787117486
0.24199822029648277
0.24106797127981106
0.22407610426255678
0.22378872397968796
0.22480490976112935
0.2296144064155362
0.22501994162413583
0.2251066896352827
0.22514811598637618
0.22520884371964361
0.2204396801379153
0.22067267905606536
0.2209062534598152
0.2210201457577869
0.22037833303418897
0.22137539517350993
0.22243787964926673
0.22352998718163342
0.22568414330481731
0.22645036823640968
0.2269291540322263
0.2273308494830268
0.2350982584136685
0.2354431576191713
0.23737948133239878
0.23567453683799222
0.3324816417501717
0.2643900909770912
0.26760051930303014
0.24156126466488737
0.23689928986122533
0.2375626447173172
0.4565718864294943
0.608103259117913
0.6146531686067486
0.38006041466153934
0.2692453338423988
0.33712896506497164
0.3327468326947311
0.3605450955934469
0.3332176685212696
0.2831774208362735
0.2870546512638226
0.27365388314087474
0.280870742727094
0.2834588111381046
0.3105361949425038
0.3427959966971119
0.35834405820958665
0.37788454980898045
0.38993479700988076
0.3689852809615125
0.37349829993740746
0.384906625512862
0.38777959659037636
0.3911277763243312
0.4378661964302283
0.44241003395977085
0.4575870447762109
0.4635930083917662
0.4595915986315776
0.4501963880175129
0.4508810429529181
0.446026986102415
0.4464031275564707
0.4436772044872467
0.4806451059239576
0.4878939063761254
0.49525971444463174
0.5042645364084787
0.5271839786871511
0.5296009724918497
0.5286650540183006
0.5247125275774174
0.5085944756069355
0.49159021563691285
0.4661563620503022
0.4404505089127767
0.4092578866378995
0.38980251252531684
0.3753726983571256
0.36305614809298375
0.3529126999578389
0.37004397219633073
0.3697918680825236
0.3675260965606627
0.29238214557914316
0.2756700425883598
0.28213262558670277
0.28816863149859845
0.26432629138492836
0.26483729500651915
0.2649321409868676
0.26535606962143904
0.24082494393457235
0.2427977193732721
0.24555255848545626
0.2465755260215579
0.2296619671012742
0.22963243929687682
0.22958386874861061
0.22956108326365246
0.2254586631670101
0.22649865606985875
0.22759158893824413
0.22871754823871618
0.22439380020325334
0.22491702477053374
0.2253958764315807
0.22569349167921676
0.2244979866570922
0.22469716318540725
0.2248721803044182
0.22503502449141524
0.2259208827633387
0.22568621202473724
0.2255192129395384
0.22536987198140954
0.23369122443016677
0.23284170174024726
0.23189655765584158
0.23079324103709364
0.3390965448565259
0.2714606725536406
0.26281350859307756
0.23801443061928862
0.23091084525122438
0.23219572971271074
0.23289645522635802
0.23332006377920175
0.2316927686955176
0.23151158432991714
0.23119112895937444
0.22952588987233977
0.23586346696897736
0.25523947739938097
0.25288993381508074
0.2507863763623766
0.25504315354906143
0.23412348927628354
0.2345058527533039
0.23424397257416568
0.2395427467673906
0.25864492789503996
0.2583587928794922
0.2654362669057463
0.2725517580992961
0.2533586984798009
0.2538554857734112
0.239765649472101
0.2410444652243425
0.24558554592506254
0.25066569848515197
0.25734408171503864
0.25565261907775366
0.25304943075222325
0.2678744217274525
0.2786916441834397
0.3143816930822426
0.3291044695732817
0.32444916863260587
0.32369580626154615
0.3551877037542199
0.3619384230587033
0.3634806520831323
0.36588537914008507
0.3818279376406325
0.38387503137045526
0.38218545364151446
0.37721241191207033
0.36405529322578317
0.3921975916069216
0.39161647261084953
0.38002489562507913
0.3836490924704777
0.3688591298409458
0.3556960922212805
0.3669201703552277
0.34271589252404183
0.32981675656412557
0.33392404659741953
0.32930671156077196
0.2940171849124103
0.27105240416781956
0.28926633785793265
0.2877018398605679
0.26892963050455826
0.26246462483483796
0.2682249691821466
0.26951083130716547
0.2465404048582215
0.24708772438556284
0.24769111206068037
0.24825479713078588
0.22952759349272417
0.22982538610376185
0.2301222647006086
0.23046444777022124
0.22502565587632958
0.225412857948692
0.23017850958885686
0.2304057088241686
0.22638165576281094
0.2275686796374202
0.22887009672805814
0.2302681818727319
0.2278018308484395
0.22643645485595365
0.2251726409282819
0.22412482634612513
0.22507690304036673
0.22518795526715285
0.22469432444172865
0.2254097925063354
0.2342882670102566
0.23402438393500472
0.23421183497251846
0.2339700349196412
0.32753725819156637
0.25287094563772133
0.2350121638243392
0.22786781604220277
0.22608228609956785
0.22682081767718756
0.22676115826714294
0.226388511022436
0.22972072015418263
0.2327372841205808
0.2366129389856604
0.2412467433702519
0.2364656757960991
0.25527865840697656
0.25693651297150294
0.26305915781150996
0.28326357779577943
0.2747502583776909
0.26810755112585194
0.28160876688712244
0.2891388862809625
0.3089571037093332
0.34527428643563934
0.34050637083748464
0.34766318980515826
0.3371063761292747
0.3493813891967356
0.35984409500758513
0.3463098265037831
0.34412462075556904
0.33986615905286693
0.33453898496058104
0.335130584271395
0.3382519417304439
0.34314576734436636
0.3493803420374803
0.39785326593314574
0.4256320832131863
0.4511914712736865
0.4706850364354247
0.5023306444465804
0.5060729977928843
0.5078298775626602
0.4895343225415631
0.4862978586125945
0.4785507965277157
0.4739900915974876
0.45212598640269747
0.4315297565619005
0.4122372841201571
0.403464883172293
0.3807995026049894
0.34642492727193375
0.33804845043553133
0.32660169183584253
0.36648758284267063
0.3297346610880338
0.30915819287395463
0.29168267913737345
0.30043548629220973
0.28411236891996855
0.26604200268487
0.2845219910897195
0.28421994443968984
0.27097030340480677
0.27020188048084554
0.26998639753666936
0.2697015653565793
0.24782211284417988
0.24799200070320865
0.24809138523354415
0.248204752874238
0.23178915028372074
0.23245261171853487
0.23312459761301538
0.23380526670796303
0.2294682857990844
0.22989247887355976
0.23047056458933285
0.2310454109114145
0.22629593356666358
0.22642358046516312
0.22651103579007617
0.22657799847717183
0.22520314190311685
0.22528892148510307
0.21806929375320044
0.21638074696496784
0.2202264018508465
0.22167421279603558
0.22218249974949053
0.22699536740188936
0.23593979696387843
0.2353758958398447
0.234870553411283
0.23441298180732187
0.3524723247039586
0.2795284258739628
0.2729847921236251
0.26749236225502593
0.24655140944370138
0.23611066102995873
0.23546209498602946
0.2376032559629136
0.2539108493342232
0.26806075763405685
0.27339612953187203
0.28167449576370024
0.259568192565067
0.5106474403581144
0.6749640573548416
0.6883035537455946
0.48526748281893206
0.35939175058912903
0.43525768378653057
0.47003699165223783
0.4374217414866653
0.3967594698111714
0.3978041712340684
0.41029746020441826
0.43757922158097834
0.4330379225575838
0.4507335768694715
0.4821286425838924
0.5220966758192889
0.5247317115201307
0.5363809187428803
0.5681951207914031
0.5452594628134614
0.558994124686002
0.5733279110109067
0.5700428799737954
0.6095066113414228
0.6102080599462386
0.6315531875820191
0.639177736216087
0.6346480202947327
0.6831903631757842
0.666624028682278
0.6628992046401079
0.6576778618316645
0.635021195609318
0.6034937620446453
0.5710994467465269
0.5464040504150925
0.5214658656538002
0.5045918244833821
0.4661520389351975
0.42528255918352154
0.3939416672357815
0.3487753393935913
0.3195532128496221
0.311021832556625
0.3102148162053759
0.30921303585718357
0.3228926053132157
0.27908249412036135
0.2608284462127645
0.27367520284819763
0.2765378522643197
0.2666221358707008
0.26632483452807737
0.2659663239408383
0.26588223373799863
0.24299113014380513
0.243108032170416
0.24192799311643923
0.2413820813532938
0.22391688220507097
0.22422246827703307
0.22485434051222977
0.22555203715364405
0.2210746509650716
0.2214924096654729
0.2219163400907306
0.2223794938999402
0.21805671023606804
0.21874628940780952
0.21944205330473646
0.22014630888896872
0.21882592508661158
0.21911343181269421
0.21937983295500668
0.21966297983146146
0.22104605244010125
0.22138752181548016
0.2218111017244693
0.22224915220249636
0.23213952361092416
0.23100100225388015
0.23079517482099268
0.23029940229069762
0.38083423021474505
0.23971810564020696
0.3072635646702262
0.29955522814167784
0.2859036435522511
0.27756309331267315
0.2784686432349849
0.2826420868614348
0.27786126265900335
0.2760028124722404
0.27386778805782397
0.2715586214106289
0.25896760268891555
0.27988360501306536
0.2848579030726515
0.2908098921367374
0.30417212781272307
0.292582758811013
0.5138997339402631
0.6733633895106986
0.6972659617787641
0.7453829051313854
0.7684895109439708
0.5548674911864196
0.4393976696064248
0.4949549213438209
0.5154184205089355
0.5319504459362057
0.5038163107017888
0.44788672966305265
0.44582705038003034
0.4490678420475202
0.4679802821980935
0.4743436921970171
0.4638490036385707
0.45479891727304417
0.47994601980218493
0.495727012904178
0.5092418445909433
0.49509040644499996
0.515620979643359
0.516078395138139
0.5508833244680253
0.5513101306862804
0.569455349367698
0.5426766927031358
0.536935989093253
0.5294721458994399
0.5185158443977821
0.5436821783811008
0.531578635185637
0.5182112757420425
0.4871634975595252
0.464128147889658
0.4629239909057964
0.44184706384147593
0.4236179819236273
0.41740409204926754
0.4208388354976649
0.4138695687961348
0.28446393427532257
0.2707228437964948
0.2657756450046297
0.2657756450046297
0.2526300770323364
0.2526300770323364
0.2526300770323364
0.2526300770323364
0.23012379108893646
0.23012379108893646
0.23012379108893646
0.23012379108893646
0.2130469621113139
0.2130469621113139
0.2130469621113139
0.2130469621113139
0.20803136395205465
0.20940782795564034
0.2098884524799225
0.21091219462159946
0.2065686767512733
0.20693913253108517
0.20723348148499823
0.20750988207137486
0.2062287827671012
0.20639080382597877
0.2065421371544411
0.20668680207768403
0.20784720925238082
0.20812046523309322
0.20847779120238294
0.2088482877103984
0.21792742274869537
0.21676124890114784
0.2172338250893177
0.21703539741968658
0.4050276866988356
0.28733980758281646
0.3563486356420026
0.3847216726614292
0.38802629031695834
0.3813864242728889
0.4114892045029605
0.4239196986540433
0.40678651470063226
0.42747794169963343
0.41780902056485864
0.3989167652281852
0.40810994565182873
0.42681756578503877
0.4448134966671864
0.4700608435371349
0.44508280651408727
0.4282695712514356
0.43109181165289756
0.42419277746796713
0.45944109062141253
0.48590354991180773
0.4927517993990561
0.497237993135387
0.4849186950671367
0.4718676862767331
0.4811587042075338
0.4977389038345436
0.49725218916603003
0.4988839097169039
0.5005953708414408
0.5030979321464734
0.5125738681593709
0.5256039579361422
0.5360096860737711
0.5469047511560635
0.5767139979091548
0.5614863636282577
0.5807810995715784
0.5842713857028926
0.6239608114451719
0.6543750541230351
0.6367570962175878
0.6503076711687804
0.659306929455013
0.6446344880337008
0.609338411078282
0.5912811736955135
0.5978926795437732
0.5735003622205577
0.5729131326417161
0.5830268851776298
0.561505902016208
0.5364376607831288
0.5159595195943708
0.5050418108623718
0.472115798146173
0.4585345369709143
0.44646478484606045
0.43530483066272807
0.27943081591895236
0.2608284462127645
0.2608284462127645
0.2608284462127645
0.2526300770323364
0.2526300770323364
0.2526300770323364
0.2526300770323364
0.23012379108893646
0.23012379108893646
0.23012379108893646
0.23012379108893646
0.2130469621113139
0.21359097873229552
0.21543217931430414
0.21538992176795305
0.21033697915871863
0.20970506245781786
0.20914644211366487
0.20875353306073552
0.20432477870012844
0.2050967794341875
0.2057693796616624
0.2066580550106612
0.20562347718692298
0.2059444121978943
0.20623626602170392
0.20651958370192122
0.20763471054278715
0.2076450433514691
0.20771737630768783
0.20779894686558328
0.21688437352368323
0.21646046458911275
0.21580848359137172
0.21478862851655683
0.3841777017680767
0.26852377395708965
0.337436893785908
0.3359522737378057
0.36133351715569845
0.3774810327738418
0.3885761371691143
0.3961741339383795
0.41126225838380165
0.45362467631704695
0.4042975859968471
0.38476174045502565
0.3695606504360797
0.3801220944170336
0.40100906867347996
0.4173371831048729
0.39851499773931304
0.3910505309074797
0.3808189582813646
0.3788028349750373
0.38977716574047677
0.4269414024985342
0.4087346648585813
0.407508972638557
0.4094061212693809
0.39493296667938327
0.41219537720336236
0.416530244973449
0.4228157392532463
0.43112206188979546
0.44050746189352147
0.4662099479222313
0.46275792895943896
0.4680584650174799
0.4756521444495775
0.4735824933445637
0.4969282647603961
0.5020595832917163
0.5254856221313223
0.5246560786113293
0.5518413975810653
0.5442445183825677
0.5395653671028974
0.5382334919336859
0.5538532292358014
0.5493829132815058
0.5443120743410799
0.5611235962447184
0.5338305764985737
0.5360360628020225
0.4896373300125057
0.46474576920634686
0.47000442527322317
0.48221527595383157
0.46574300002152813
0.44507925352454325
0.3975383805009406
0.3809039902855748
0.37260381567342094
0.3689418717757168
0.2759311738237497
0.2608284462127645
0.2619170591279983
0.2669301703680003
0.2557488977201632
0.2550652918637886
0.2552772219986957
0.2554593358229865
0.2334651856958005
0.2335770036995884
0.2336065050678074
0.23362742419285001
0.2169485566868802
0.21730250802587683
0.21764569626779975
0.21797978158201967
0.21395033271977715
0.21500412079269604
0.21611164800633906
0.2171034419704763
0.21271124851976506
0.21312490314015373
0.21349022861218403
0.21384780624453448
0.2123708078093096
0.21231088683309066
0.21227948585717282
0.21229583561491083
0.213681566718029
0.21399065660250496
0.21449452841161432
0.2150402423506554
0.2244162146221808
0.22422851127978954
0.22130154879213662
0.21887184941606405
0.3829288328317661
0.30536533668358046
0.2979442357134143
0.28256597430029873
0.27323880398275574
0.2611170674199777
0.25447274130101294
0.25085012650462346
0.24832700171510705
0.25301833008289765
0.25989829932817027
0.2680692631422621
0.25496705314710333
0.267696292158166
0.26950999238138346
0.26181486089282546
0.27240065531742086
0.25945148381173605
0.27373133509658465
0.27351631315664365
0.26025642101066404
0.29862547215305807
0.3155960023815036
0.30883055463140807
0.3138199825837831
0.29870458643681647
0.3564235244687239
0.4116665226906605
0.34747528491865487
0.3206361661938492
0.34088854242187255
0.40913100929228635
0.39828437292313773
0.35872189721738423
0.36621003178122763
0.3690483638892439
0.40494426966279234
0.41158877086786366
0.41793379064569436
0.4329550100259217
0.4757920813150589
0.47668248528748514
0.49253672979293356
0.46098272520314654
0.4665958217210972
0.4671044077180823
0.45738177381412404
0.4558664309241909
0.4410848256393329
0.4196316592898411
0.39746685150809064
0.35161196590304533
0.3300880271488879
0.3176402792768825
0.31010306412907723
0.30558874893905
0.3271169792926795
0.329934316610428
0.3321859445702722
0.33403472123927497
0.2880102920810496
0.2707228437964948
0.2836544148870936
0.2865871542945479
0.26786865965718804
0.2664953464705601
0.26565631218872254
0.2648025072779191
0.24138230697014681
0.2419486750913517
0.24389494236275996
0.24438253128519075
0.22817772308158218
0.22901663842275938
0.229867785381426
0.2307399187408029
0.225330818663076
0.22447919589972726
0.2237636815651283
0.22315760564173026
0.21839916582792174
0.21751225483382555
0.212591261604581
0.213903550389086
0.21792608091629206
0.21765324272263084
0.21731572752870565
0.21696476430768288
0.21820566340812986
0.2185214245588453
0.21894688402044604
0.21939308237168534
0.2275774959076807
0.22660500731553343
0.22574365730037504
0.22472562507099048
0.35959754234164704
0.22426187619676907
0.2802464952235548
0.26959737547420237
0.2568752730058131
0.24572781778553707
0.23257756834051754
0.2302937711608782
0.23328251208572837
0.2296264529239032
0.2296080285897469
0.22928972978133855
0.2301217595228542
0.24957615003250755
0.2495365460760224
0.24933296220360932
0.2480009631484891
0.22833553905825643
0.22800249685434051
0.22784681322102535
0.23332129662687692
0.2523089098111123
0.25482787036826754
0.2542544497294598
0.2805698710394376
0.3230958348057912
0.3418027722616586
0.3535382184531339
0.31836278117968425
0.2908968533088999
0.26994377376374334
0.2675814469871927
0.2690552768380646
0.2928940810968239
0.3058657639729294
0.31941301836520536
0.3567859229909289
0.3729385845804935
0.384459481299462
0.39419912387579154
0.4239433739888627
0.4247198900080217
0.42444622262449927
0.43407010409282637
0.43777181583576474
0.4275308146389604
0.4452179829403816
0.43788600813926204
0.430493965188052
0.42713481384477686
0.4236172755454534
0.4147344814418114
0.39812209956239086
0.3917696533988559
0.38573013215670154
0.38875131007080466
0.39886637327918945
0.3833088415087891
0.3634328927776008
0.35401101699176163
0.2814101208376952
0.2657756450046297
0.26889904376667173
0.27350086740768903
0.25730179693803523
0.2562119234929402
0.2566310223392878
0.25632301864972784
0.23457235320478395
0.23480892496213482
0.23493384964303443
0.2350373479614805
0.21816203442228393
0.21826658154615633
0.21835765995754816
0.21845427553143848
0.21374757192889998
0.21396517858133893
0.21405971464285628
0.2143400337578377
0.20944572719311164
0.20948224634187865
0.20950349846840494
0.20952467404907438
0.2082513631400305
0.20849003770254704
0.20873854715614348
0.2089905819680049
0.2099577877954595
0.21000295040282338
0.21011116786131767
0.21023135754920738
0.21879455593283653
0.21707560399556997
0.21654293863760576
0.2171976494803332
0.40159008862895984
0.28614227795285563
0.33459887179377246
0.33206372742331397
0.32353011605353604
0.3014418136373503
0.3188497565845029
0.3158618553411481
0.300124175039721
0.30045315848131765
0.2929020049753906
0.30624514168838496
0.30414650433440343
0.3168409139933114
0.3257378884558768
0.32702364882239715
0.3284230472699128
0.3100517922156249
0.31802365920347125
0.3198468433911568
0.3229431388750073
0.5790805464328828
0.7452339685923022
0.7593677233131247
0.7754738303357498
0.7750744912420673
0.7833040595190589
0.7850067660638151
0.7986188667813106
0.5754910245766676
0.4716368237305552
0.5445936860007864
0.5701889996262361
0.5885930103247655
0.604869753496744
0.5774361599658971
0.5423705382778109
0.5391573653827966
0.5416814950873103
0.5659727323022947
0.6184533434921925
0.6297698563857204
0.620173553494763
0.6049997566485305
0.6139830512533374
0.6060360668848376
0.5945060217142851
0.5814342868524103
0.5598410073960679
0.5424120703427653
0.5228637645510217
0.4931943427577527
0.4474476681525836
0.4311090410832143
0.42026201945989294
0.4119557769968633
0.4026770720836592
0.3963949446491137
0.39932419605879843
0.3914424190933867
0.2804106651170009
0.2657756450046297
0.2657756450046297
0.2657756450046297
0.25306671707706424
0.2526300770323364
0.25301399032846417
0.25431242772737994
0.23240743705463449
0.2331171724122639
0.23348823460587156
0.23383025939573504
0.21699759164030716
0.21690589500602794
0.21701429680225418
0.2171011627732722
0.21240070949858467
0.21265231988345717
0.21288469836495177
0.2131091661752327
0.20808666961704386
0.20798607280557527
0.20787382734855023
0.2076371280650251
0.2066506697917704
0.2072913878741924
0.20798410043564797
0.208704887822659
0.21015857706144106
0.21049005532353782
0.21089090457669443
0.20997171199063827
0.21586204907885545
0.21919305178838325
0.21872620558719502
0.21640516139576976
0.4059669609543087
0.29640498224519685
0.3698992929121985
0.3469134578239994
0.3224142873736868
0.3108994876400168
0.30784840290555876
0.3102602083478563
0.3099605244886698
0.31263688961238073
0.3154005137630342
0.31841702785823156
0.3160038847269447
0.3409948257266966
0.33579661398153926
0.3418955152444265
0.34731816306530955
0.3348084175145296
0.3508694028117104
0.3566400349261632
0.372773229249882
0.3988919495588921
0.40591162656824864
0.41310780477594117
0.4197583819403094
0.4067188577856518
0.4272399859431956
0.42306692304028654
0.42687178787919533
0.43481174676087847
0.4449931541626913
0.4565731296384498
0.46601791699635775
0.47389599058923965
0.4825581396491385
0.49334624636984703
0.5330896690628005
0.5324648587605328
0.5325331736212515
0.5142691257607772
0.5703200881202917
0.5815794457923208
0.5845833928673418
0.585691813001708
0.6008765331310125
0.5972647945677737
0.6109632261037646
0.5918109062099094
0.5654887424949383
0.5448245978847648
0.5200383542205832
0.4965969350667406
0.4584626523101663
0.4390087108973982
0.4250974551084924
0.41981212183282723
0.4020943432300454
0.3983164856269463
0.38555857599259297
0.3868642626548311
0.2862021303507319
0.2707228437964948
0.2756700425883598
0.28028454913707085
0.256258171394228
0.25691200477460496
0.25658205796045347
0.2576384346342384
0.23594451293557758
0.23546915675489585
0.23583105115801065
0.23573761532321283
0.21926034901922595
0.21989090848078138
0.22053897505021505
0.22120120401396814
0.21659736661820891
0.21684162618731145
0.21705088183997914
0.21725652241756507
0.21255370034238144
0.21285113207669093
0.2129853174025985
0.21214598231494858
0.20629758193168118
0.20703383777161796
0.20643827698471198
0.2070849040035814
0.20959039736320814
0.20974359865469658
0.21452122221818506
0.21499580783485725
0.22381003015268522
0.22357887402666826
0.22271109863498806
0.2214040822102088
0.37319006989633197
0.2458748984024761
0.31627979382796734
0.30723038871467195
0.3232132206528639
0.3258422456818398
0.3054195735764017
0.29265786030595375
0.2953015697792636
0.2956083742347467
0.28640008270659484
0.2957872960366613
0.28064189478549306
0.29402974329785536
0.30843018176206716
0.31335603358665154
0.32568520283328223
0.313599107288061
0.31925341013516506
0.32465049847862243
0.33134830690632544
0.36184448467230323
0.3878729917139039
0.3948941542405408
0.3858405375760112
0.3723400133295186
0.38023694357533944
0.3886807315835657
0.41236192132788896
0.4345262578377828
0.4707472212358664
0.4876227888721398
0.49071442440332025
0.4727023485147456
0.4661989121429777
0.47433650414700235
0.47271996531161536
0.4626275195006979
0.4881282784038955
0.49037775268949546
0.5333085528103478
0.5590897579865519
0.5380402320725503
0.5287967906322879
0.5379439282351746
0.5305070275359582
0.5184238429672545
0.5084402282780023
0.48894617267124896
0.4742410268033242
0.45751834496845534
0.4368552707409903
0.41286702885688187
0.39685168814132615
0.3871876020282768
0.38377413052138415
0.3704901311582752
0.37291372263461564
0.3799214511892216
0.36487927116484686
0.28658308971955443
0.2707228437964948
0.2749285173192011
0.27995608782651177
0.2613722665546395
0.2621821098185683
0.26219572025814086
0.2624592936424625
0.24084500028472075
0.23891100379018373
0.23900391607598723
0.2407251782511386
0.2240693584343791
0.22453117063965164
0.2249865735549925
0.22543737150117385
0.22127604958582234
0.22212502328159908
0.2229898010773711
0.22387219082495471
0.2200955440976209
0.22141227610475187
0.22280723533543698
0.22410708854093755
0.22266281728689402
0.22236221634661185
0.22202975480622222
0.2217363264835627
0.2229366770654106
0.22318502781165164
0.22353355541426204
0.2238976886066295
0.23356712354355996
0.2336607334594958
0.2321212733590177
0.23134292896021486
0.3606990256430372
0.23977257561496534
0.32783756169947903
0.3045045979870214
0.306037924309425
0.30719032416648523
0.3455775130277811
0.39956660578602565
0.3294501686009305
0.31136058039691294
0.3319838384445838
0.31962212153526154
0.33208631033826197
0.3741089076800689
0.35977797869909944
0.35111507990758317
0.35314985321330794
0.325695678498199
0.3382273364098276
0.33504683696878995
0.3362791306141404
0.3570075158911629
0.353172745236891
0.34138842013112564
0.34617611238674445
0.3352598758987768
0.34592115978775945
0.3609948735900241
0.36381009454934554
0.37209807653644567
0.38849323847428024
0.39622371028010644
0.39959628651439333
0.40298960010200224
0.40783452767690953
0.4139645308977529
0.44189835880868206
0.4482370932161814
0.4507525800227737
0.4577069684796151
0.5012219216307867
0.5171970753437414
0.5592078660555332
0.6127428934630808
0.5882613143208549
0.537957759207742
0.5118207265005467
0.4914998725577197
0.4670042427592187
0.45205746882521963
0.4342379115770652
0.4049458789864562
0.3754385948707891
0.35771229794824005
0.3431070078158756
0.3261154007425553
0.34448401011969726
0.3287875272901072
0.3331240707893372
0.3145169782717805
0.284293406243524
0.2608284462127645
0.27433107683867247
0.27887250383848977
0.26769772050559765
0.26738842781055633
0.26570908408337784
0.2664255109375119
0.24453937790854136
0.2445111419153559
0.2444271346654187
0.24443064107161097
0.2281349027544526
0.22898279167460045
0.22971820612304783
0.23064178385140782
0.22634425301711586
0.22689575097332465
0.22740764325648136
0.22790800841448305
0.22328549385550106
0.22358995235519938
0.22387111597369488
0.2241440812907598
0.22306312447817309
0.22325809427380092
0.22369488774494414
0.22408240292302808
0.22501492222870761
0.22480960840991812
0.2246927328800921
0.22462307051965966
0.2330335852498209
0.2311817223800663
0.2303208923967501
0.23209108384811328
0.3525038857464847
0.26655169639588494
0.24416374107076833
0.25334051877383645
0.23582295608723838
0.23691313161531494
0.243662902261692
0.23656390780233275
0.23010033098539218
0.23086356673020225
0.23099136943966256
0.23064536030570562
0.2323956636113644
0.2518080806109498
0.2532553150616063
0.2534028195007199
0.2534356447262353
0.23403234331507305
0.2286834587745519
0.22890643446385903
0.23423944339147904
0.25180489425871383
0.25335809351979416
0.2668064445396705
0.2772371967273364
0.2639545959731628
0.26633745822761273
0.27007807988917004
0.2687780883466629
0.26684584795720356
0.264628818678398
0.2639345341855602
0.26808704850649656
0.2661267995222736
0.2676044661545973
0.27055922362154833
0.3173176167787116
0.3306660866950069
0.3324502524123842
0.3136745614396938
0.33188421866426404
0.3262228982025796
0.3239651254651832
0.3264355089661625
0.3429994561156099
0.34538533274303224
0.3466149305660371
0.34094158893634813
0.3557543797559743
0.3481159444784926
0.3366687934335701
0.31971713945327573
0.3058415591080291
0.3025046534360291
0.28463164940662267
0.28482740633390513
0.2859847888890664
0.28419093238552967
0.28425600009440066
0.2847804351364263
0.28008919553746847
0.26505878488980034
0.28141454498243307
0.2803103754745378
0.27093962128809823
0.2703161321143943
0.2700758713444534
0.2700064038125214
0.2482075691609814
0.24845725553170245
0.24861411786985804
0.24890867642101833
0.23191580915931523
0.23166704853573292
0.2319997337267833
0.23224868547211708
0.22743704843933849
0.22755750760789215
0.2231971290771988
0.21809625281199777
0.20446773721087882
0.2066514993076911
0.21395913294961938
0.21590565098620135
0.22061087171727892
0.22108221890052254
0.2215052160742257
0.2219192231498634
0.2229451905655597
0.22284969450858155
0.2227092542974681
0.2227430524288444
0.22942753370360885
0.22751830561559658
0.2264216000534203
0.22580008142025712
0.3631525723368043
0.22294098419076455
0.29881084184200346
0.29248671957299033
0.2715998048023565
0.2521983592656953
0.24569612009078567
0.2536710002876192
0.2459116103577989
0.23755206193776413
0.256552543446179
0.2398069844292221
0.22996256591149714
0.2496024941755424
0.24986007565427923
0.2537787774326116
0.2854028850172447
0.2608355808410813
0.2558385089691703
0.26179789441460755
0.25076408760115665
0.2731947983882331
0.2948481167714552
0.3218642985137711
0.3230764052666619
0.30963531485248036
0.33689146252607444
0.35271493510267127
0.35224074000060923
0.34935198880313256
0.3571168267675205
0.5989037394191823
0.767573102583872
0.7815664134977355
0.5623090213002119
0.4571733110360169
0.562145777984378
0.5859511533275802
0.5982651962856025
0.6183039241444456
0.6639839360127971
0.673763957278501
0.6624746610820219
0.6536745365203526
0.6654109679710684
0.6645095225014608
0.6215111249827976
0.5401890990256938
0.5102707303327346
0.48700421902444346
0.4642523041135002
0.43505670331531987
0.4089117115382084
0.3959269769827789
0.38694188884638264
0.379955656722799
0.37085396884697003
0.3626399538512171
0.3361201599555633
0.34679698864567726
0.28248766579854917
0.2707228437964948
0.2740934327880699
0.27287113271110053
0.26115169441488817
0.26196654277504317
0.26073430927494523
0.26075973696161736
0.24026150259563459
0.24022425086235807
0.24161581917362623
0.24253127610947417
0.2263872789330868
0.22693443588045983
0.22768803682566674
0.22866352924349215
0.22344456736468907
0.2229329660053811
0.2224388926306945
0.22204119555270202
0.21709133047337661
0.21719793180880745
0.2173001707128973
0.21608621044488133
0.20929283518462624
0.21174716525670143
0.2128552980471595
0.21363238023464018
0.21559179717232682
0.21532848740827365
0.21511704938277612
0.21492085451226287
0.2276283136662314
0.22341301846016176
0.22058612117204265
0.22392013301247568
0.36782920749705567
0.2293302973650263
0.25571078343454323
0.26745340646033045
0.2673530875393376
0.2501689222623786
0.23985151874629143
0.22513789160039008
0.22968642639336992
0.22844580825434768
0.23568372962070022
0.23101535657524241
0.2362499961002794
0.25105810784437793
0.25097560315021994
0.25048569366809326
0.2732719890241508
0.26282868338780707
0.26784186403698323
0.27185635266025077
0.28272635182848554
0.3009626644121472
0.30132968043817154
0.2948625855146701
0.31199114692313784
0.3007095346579194
0.5398703975672692
0.6979935367991382
0.4834145709650267
0.3663203940131422
0.4329619412914434
0.44739037815100274
0.4781871017356899
0.45517279162919233
0.3975129970934791
0.4006203044888794
0.4399160548168772
0.44979965108066544
0.45699223897952335
0.4625779342470391
0.4822354908961583
0.4823098249668637
0.48345407016303604
0.509085648108364
0.531659069848262
0.527242917852323
0.5218137033630501
0.5098745046629636
0.46920996788782066
0.45461919145327206
0.44732063974672576
0.43731025746151053
0.4227453915827513
0.398058544995697
0.3899672002730968
0.38353955159508035
0.3772989284577818
0.3702871625212144
0.38067810478500574
0.3881769047718587
0.28083174801487876
0.2657756450046297
0.2674043927890323
0.2724774230742497
0.2559738587532893
0.25487797912162796
0.2549244266874803
0.25507988414271865
0.23321977789242626
0.23338319242927605
0.23345586114853567
0.23352341008545396
0.21669594457736016
0.21686758585357271
0.21702501555006842
0.2171815707609904
0.2123308715750939
0.2122017389359513
0.21227037884064134
0.21229843249127495
0.20767219872428477
0.20809737297885803
0.20853888080924307
0.208990736985236
0.20774266936034627
0.20790888685859868
0.20805850660462027
0.20806888343063554
0.20924161703021604
0.20937317588291796
0.20959131083749172
0.20983004872223618
0.21907790597269464
0.21879465376112653
0.2173670774294996
0.21626107889364685
0.3904986870060967
0.2454023765292145
0.3108524845217196
0.30351859044294577
0.29402770481438006
0.29838419256018145
0.31012416666947834
0.29690884863103956
0.29760719124084956
0.29612490681129855
0.29019849443858226
0.2894567981008525
0.2781922639992124
0.29922796550080644
0.30718080458679686
0.3300744498638427
0.35704373002288103
0.3460000979252341
0.33763011595576375
0.3204007085544681
0.3062385053601392
0.32550672188836405
0.3313524192071205
0.32838468108630026
0.33430164174985333
0.32632058027624655
0.3323190672484902
0.3407801968588348
0.3657112823953586
0.3874893351655003
0.39207922922051774
0.4164005078206381
0.43497848616428303
0.43996341200416467
0.45520650893912046
0.7011989062418144
0.8925541652065436
0.6886348689390273
0.5800098195616573
0.6584430162754802
0.7126133688952947
0.7323952949825496
0.7409197037788415
0.7458912825378191
0.769386103456529
0.7337042708528498
0.6802399142503702
0.6042778233169737
0.5683000381804773
0.540997401198471
0.5167515405816506
0.4886133455878296
0.46516066935990547
0.4835084591568768
0.5000490807147416
0.48258837976166136
0.46435030777424785
0.441431023997159
0.4160475140030978
0.41963127091489316
0.27853411523764776
0.2707228437964948
0.2707228437964948
0.2707228437964948
0.253503357121792
0.253503357121792
0.253503357121792
0.253503357121792
0.22870986327281564
0.22870986327281564
0.22870986327281564
0.22870986327281564
0.2130469621113139
0.2130469621113139
0.2130469621113139
0.2130469621113139
0.20803136395205465
0.20803136395205465
0.20803136395205465
0.20803136395205465
0.2030157657927954
0.2030157657927954
0.2030157657927954
0.20320401217399825
0.20243056759380215
0.20264444046551128
0.2039346494700193
0.20472054994115954
0.20614011999894144
0.20640484549545107
0.20671577727627807
0.20702403350861567
0.21600110717351437
0.21562242876202373
0.21555042803831076
0.21572264926565984
0.3949971347948103
0.2646909189445626
0.3303571365864659
0.32473290999304705
0.323848121628603
0.3194287618409323
0.333564455805878
0.34326396358169553
0.34309645397066574
0.3445843080438733
0.3468313320422413
0.3487633394141549
0.32254261653812694
0.32357229982110686
0.31664709949144787
0.5365079847244456
0.7047339703063144
0.7057518945512677
0.4749272663992004
0.36079391726247284
0.4253074204246176
0.46387214013004946
0.4458068696319454
0.3906430405054128
0.4219027901861035
0.41758684551510233
0.42721762740565766
0.4360027202148926
0.4418516737363366
0.44809935739154216
0.45418191985386075
0.464837323279627
0.45237593484388133
0.6755569215496516
0.834455003816812
0.6140910610592851
0.533708253948033
0.6093128962806139
0.6294605073499914
0.6415803420434945
0.6333757419984036
0.5800648263652411
0.5722060566626999
0.567167086184751
0.5573989443197555
0.7676615655259968
0.9092464530261222
0.6754567459338727
0.5406989872714706
0.5829741405232562
0.5750504400628826
0.5599202514566444
0.5486275586919418
0.49999083652064075
0.43041227427605383
0.4185401786024748
0.4052345731071616
0.3984620929678632
0.4131699239141608
0.4109412430107903
0.2846264232987639
0.2707228437964948
0.2707228437964948
0.2707228437964948
0.253503357121792
0.253503357121792
0.253503357121792
0.253503357121792
0.22729593545669488
0.22729593545669488
0.22729593545669488
0.2276709105015579
0.20758445898503494
0.2082197228594995
0.20944842138327446
0.21063284091258086
0.2042274651696719
0.20455152787797554
0.203767120358192
0.20373993045413008
0.1970220056529165
0.19717248419868133
0.19737973308245457
0.19769212806776343
0.20727825955796977
0.20746459418754595
0.20767327316833983
0.20652580520502473
0.20199374842308424
0.20484580314820325
0.20454712257271285
0.2048393724995803
0.21883363194577538
0.21749818059685355
0.2171845789617958
0.21830674034655143
0.3776144624887971
0.24037550600136956
0.31259903580148213
0.3110538918054015
0.31236749089984805
0.2787500143504665
0.2845903649814484
0.28479690907020166
0.28007433727303477
0.2795692480641991
0.2800905916544383
0.28329019443029746
0.2644724670982428
0.28848500889168777
0.29536932107680214
0.30396513415247595
0.3254871131654929
0.3148828094483625
0.3207619353240646
0.3284079904496685
0.3292875242785127
0.3558062424903022
0.3582365273388187
0.36927742310613026
0.3842675758797084
0.37268404302322455
0.3926361856166523
0.40282976426856737
0.40935887594217724
0.42732425730495555
0.46452909967476735
0.4293517028754248
0.44448825358339117
0.4703533322665258
0.46593064344856866
0.4808876603763754
0.4817594070503039
0.5107443839280049
0.5119673091482361
0.4982155877858039
0.5380134110825013
0.5333499668504674
0.49948843963164147
0.5330872414665684
0.5600548289169004
0.5648219028541445
0.556104784388178
0.5294405110308756
0.5009815238987908
0.4795316566834021
0.46306107323622664
0.4467633553831541
0.4239824393021056
0.4118216529349683
0.4081878469528116
0.3954826708237134
0.3953494301532008
0.402250810305209
0.40777406903818164
0.40233620596013375
0.29061028291193064
0.2756700425883598
0.2756700425883598
0.2707228437964948
0.25638108033511375
0.2558538811739556
0.2564192159655871
0.2572927024048149
0.23443799940668478
0.23533536818343734
0.23608687345794918
0.2382720416661041
0.2199915357562624
0.21702574187015594
0.2179499762267333
0.21829891700281032
0.21749726639284
0.21799356106648757
0.2186839568002354
0.21935696381848696
0.2144624410156552
0.21450387053551298
0.21460821548764134
0.21477609640411285
0.21366445883686502
0.2140925713665479
0.21458497435388835
0.21503388170436064
0.2163168693230848
0.21649713015444885
0.21675753249876603
0.217046247753387
0.22584653175346583
0.2256774784460303
0.22514768792712841
0.22292798448880408
0.3733071345136959
0.23221951836919455
0.3216203495469863
0.29611842158217927
0.2892886578919893
0.30232021614172494
0.30212690920860363
0.28791021085528307
0.2809793006689163
0.2562614576141713
0.25615749540405386
0.26177424214992806
0.27273033855514234
0.31153532649547777
0.32768100436268544
0.32485217787779563
0.3168368946954816
0.2996941936043039
0.30133394566564115
0.3107311538480004
0.3016566042474747
0.3199428323209357
0.3280208375156899
0.3273955672973789
0.34360973083324664
0.344804203633221
0.35981088232947295
0.36757340803008115
0.3757767787358578
0.3839385186780093
0.3917477968552666
0.4168845255523992
0.4254767883076191
0.43098741360941806
0.4349427526405695
0.4370239851513369
0.46778016053037824
0.478455811351293
0.4665907877631733
0.47019153894388865
0.49386787542561605
0.4952093917117505
0.49279812220540614
0.48768737046981814
0.48187895924551255
0.45918609713323627
0.431741579859001
0.42841170590760147
0.4095197800084284
0.42122352501356336
0.4138910034157124
0.39476884189995365
0.3839638459697398
0.3840661886470706
0.38409532733556795
0.37538353357886195
0.3666360093698191
0.36254161587810274
0.34382428227619866
0.33883025822966395
0.2777013545827327
0.2608284462127645
0.26986903790690003
0.27417976935327565
0.2629625019781679
0.26280325756520706
0.26278642256097323
0.26212926441495243
0.2381681558825504
0.23898252401710635
0.23940372143746222
0.23821808147431442
0.2191273956262563
0.22014364879903922
0.21923472296249044
0.21605677823741332
0.21856247332072662
0.21973681649799356
0.2201548743438761
0.22039139087143386
0.21564137816735024
0.21586089974656045
0.21606619370030325
0.21607943781494712
0.2153195208369199
0.21615795485908382
0.2170996050252058
0.21813497036791693
0.21937914193627034
0.21938905198407463
0.21550938162968591
0.21577991587094858
0.22874616433079797
0.22889070889324142
0.22935242577038956
0.22993383146565063
0.34312692781474624
0.26264209038838454
0.24530001290515743
0.23545323281170735
0.22610679770013403
0.2269014964996314
0.23209917128439325
0.22771546601635034
0.22705894314135866
0.2266433670310962
0.22566725720831707
0.22453036220735184
0.2227878968842414
0.2416837781403744
0.2545358184064953
0.2671507450597341
0.28719959441542603
0.27244730565075226
0.275155048359145
0.2785592693760871
0.2743253810321106
0.29517603304127915
0.29998195335505135
0.30565530496902005
0.3361009077938966
0.34632081177186536
0.3413508257894665
0.359796629701972
0.4099495845011505
0.40101855528077157
0.3950181656635256
0.4167659216632156
0.4138127701514503
0.43865526283574036
0.4511006056569046
0.4604592119969565
0.49047559469663415
0.4973395304568075
0.5039930426056272
0.5142407734059915
0.5492502683509182
0.5604933337130823
0.5665838187378941
0.5668526942883649
0.5706182563943658
0.5530958577340311
0.530967802412932
0.4987451875603607
0.456663330198842
0.46698836178348707
0.45810865839464615
0.44355136593013056
0.44403114043035763
0.4217260644620368
0.4048957495420667
0.3901494353418405
0.3897733274429549
0.39612036373530984
0.40270608346209236
0.39101181841851473
0.2808338022701589
0.2657756450046297
0.26497907592676295
0.2716471343235428
0.2596471678313681
0.25915673178655013
0.2592745610556954
0.25937392691236927
0.23696434275993467
0.23652726233054297
0.23604018627901066
0.23560791563956515
0.2188724563309508
0.21930579293283103
0.2198071658983374
0.2199334899152364
0.21572500443907808
0.21626912872984522
0.21676990963535858
0.21728394560823336
0.21245188631700537
0.21252716646297298
0.2071958610011812
0.2073079584502189
0.2103211712744248
0.21025860881368905
0.21035512085277716
0.2104873775345397
0.20900765922969933
0.20487727869864195
0.20498241075513154
0.20523875276436454
0.222290868233756
0.22200503900606416
0.22163513783880368
0.22108369882688356
0.3808480796721601
0.2512103391879514
0.31779739722905787
0.3104385845996804
0.29722125952079026
0.287234544087768
0.2805920947345648
0.2949630270000276
0.30254650253390886
0.2891965523575609
0.30575534727189274
0.3150912134024183
0.26756793170836685
0.26750107182556226
0.26965520381825475
0.26665177075316826
0.27639359294802307
0.2798045770602129
0.2870711427881083
0.29443612194457935
0.30492381429846843
0.3334100250069318
0.34357652835200664
0.35607680526147595
0.36604237955120467
0.35337334214381977
0.3610103458326467
0.3791485422353316
0.38157077879071
0.3911751506054259
0.4079126617338131
0.42377261331502836
0.41754149268297547
0.42017413269964443
0.4282607581790352
0.43671325442124875
0.47072704815298466
0.4804102593889816
0.46777104582466533
0.4702700697070433
0.5497279563503618
0.5720062778193805
0.5837658260779325
0.5879521290369162
0.5575657168068503
0.5360114298082472
0.5181154090698997
0.4992265242853205
0.48482858580069066
0.47271387790477426
0.47521858971413955
0.46294179740979646
0.4193404806419312
0.4069126537851863
0.41480998036586186
0.407007936379454
0.39653996779651046
0.4054439595242306
0.4495382132380714
0.4153356453849775
0.275984061075313
0.2608284462127645
0.2632994368930748
0.26835872830582574
0.2563259523380443
0.2555257580918639
0.25553811798533227
0.25554611462137095
0.23344532965247414
0.23447271257848976
0.23498781059773896
0.2355068409697012
0.21866316122453994
0.21871219858452962
0.218720986955587
0.21872331578732587
0.20532680309119877
0.20576605135208562
0.2061810214273524
0.20658779177984132
0.19994450500458502
0.2000827649634579
0.20579041818137692
0.2060437907175129
0.21014567226315253
0.21027162353600592
0.2104003074786717
0.2105283384872472
0.2116560466177865
0.21171999533454547
0.2118607970570225
0.21190141673900667
0.2205389303299059
0.220244107170005
0.22017968533718946
0.21934408686284362
0.3712307029873542
0.2314229973435627
0.3049296737824759
0.29824178542644003
0.31866689736051224
0.30220185198070876
0.2897372815194452
0.28654175433305595
0.26958566137272394
0.27020319673049
0.2744901468542606
0.2800143018339367
0.2705753028413843
0.2905152976786978
0.2926167669976972
0.29490506797434357
0.297472105074963
0.28050989241134644
0.28210284365991734
0.28335847278402726
0.2767071874405352
0.3089046631625316
0.32852156457498766
0.3576882992645507
0.3643860844052098
0.36009017776099717
0.3442032997274051
0.3461086571421505
0.35188756440029034
0.36179923429162014
0.37018560523285454
0.3795259535720235
0.39089895894049786
0.3974106448614408
0.4067649098670141
0.41768143951943404
0.4562264355701986
0.47154623455553135
0.48529413029322616
0.49896072967105254
0.5434424237503547
0.5548001551249193
0.5625673625526217
0.5671150923428359
0.5880955502367263
0.6265093286226001
0.6215158032202776
0.6363078778138241
0.6122137953269434
0.5851995595124867
0.5645255923653105
0.5369461837645095
0.5141494470544435
0.5064262965470723
0.4991128534756506
0.48956698291075645
0.4793354433765604
0.4788388982552359
0.45124668648529187
0.4431648118582538
0.28342559208791795
0.2707228437964948
0.2657756450046297
0.2657756450046297
0.25306671707706424
0.25306671707706424
0.25306671707706424
0.25306671707706424
0.22870986327281564
0.22870986327281564
0.22870986327281564
0.22870986327281564
0.20951767650370148
0.20951767650370148
0.20951767650370148
0.20951767650370148
0.20358432103077334
0.20358432103077334
0.20358432103077334
0.20358432103077334
0.2030157657927954
0.2030157657927954
0.20323573732727226
0.20420771085877032
0.1992028503135851
0.200258112114229
0.20100097034611109
0.20168527579429954
0.20411613071190546
0.20420894032409215
0.20430916536255447
0.20458819921928817
0.2155983015175661
0.21440061306329897
0.21510204303866987
0.21510204303866987
0.464802284527543
0.3786413421398776
0.3868440917546602
0.6040143763678844
0.7605056484046712
0.7854748271903339
0.5604805354268095
0.45158307412499205
0.4973172050238882
0.5072992867050495
0.4693760457658093
0.4116197065583201
0.3968649550420848
0.4183695112263831
0.424946158636799
0.6616882234988298
0.8120098379290465
0.7979156895937236
0.8031589445037915
0.8094218420854992
0.8232195277952644
0.6224657775464135
0.517567968317657
0.5933725221391795
0.6227767922471943
0.62250873972483
0.6520722376846725
0.6590578585187906
0.6666841431502473
0.6762367936826571
0.6854915694641276
0.696077939441089
0.7106745644714078
0.7214153878454566
0.7147615389624585
0.7202603137542685
0.7425396759022969
0.7431931698288561
0.7025762621211
0.6474292309001355
0.662881073549526
0.6502248112151635
0.6444955923075821
0.6388666088744299
0.6430119279953388
0.6305601820691846
0.6145999204380155
0.59872008214072
0.5754135134847157
0.5429384878937042
0.5179017898071852
0.4997719423777592
0.48167938008039657
0.470519633127692
0.4844938118803731
0.49045135858670447
0.48001057387506774
0.47027874073462317
0.4647880667243873
0.4602770891807917
0.2731787055479694
0.2608284462127645
0.2608284462127645
0.2608284462127645
0.2526300770323364
0.2526300770323364
0.2526300770323364
0.2526300770323364
0.22870986327281564
0.22870986327281564
0.22870986327281564
0.22870986327281564
0.2130469621113139
0.2130469621113139
0.2130469621113139
0.2130469621113139
0.20803136395205465
0.20803136395205465
0.20803136395205465
0.20803136395205465
0.2030157657927954
0.2030157657927954
0.2030157657927954
0.2030157657927954
0.2015475884624666
0.2015475884624666
0.2015475884624666
0.2015475884624666
0.20296655679403866
0.20296655679403866
0.19934399013170825
0.19934399013170825
0.21440061306329897
0.21440061306329897
0.21440061306329897
0.21440061306329897
0.476257710715805
0.4425503139153051
0.44923900834766883
0.44084597502477707
0.4070510445556767
0.3848788727033079
0.37474467784487525
0.368821625340418
0.38351753191441945
0.42293097656716505
0.4154965752376163
0.37516924931496637
0.3204924178662325
0.33665436552478084
0.3521190631541236
0.3341283291494734
0.36076293569654405
0.3374286724384238
0.3310091530275555
0.34491854831919266
0.3476061416301397
0.36184774936674413
0.3642248548507094
0.3711308315818346
0.38334498947878093
0.37289767925007966
0.3961180199021458
0.4077251053762221
0.4138898152028221
0.41861344818892016
0.42481855267156726
0.4271921952514596
0.4423703832980065
0.45890174528578487
0.47669608883108155
0.49487111215631757
0.5322218032938177
0.544173358486439
0.5564750993786145
0.557705519739508
0.5996386347860739
0.6000120772416874
0.6146900181835582
0.6260238594086778
0.619958677614124
0.5980006037796316
0.580784889383551
0.5606172877008888
0.5355942589031308
0.5062636321999597
0.4609319886010525
0.4432999614873768
0.42440203055443204
0.4115396574113435
0.4026149617608462
0.41032356873143655
0.4179942768602404
0.4032562855491094
0.40268764032735604
0.39642311735353525
0.2861121962001695
0.2707228437964948
0.2707228437964948
0.27247483644068277
0.25578722323449726
0.2538107825023702
0.2543740269302396
0.25472325233842463
0.2327668148209964
0.23272841111047746
0.23231804039218737
0.2322518860214827
0.21593395730603904
0.21667736979654098
0.21744038826126985
0.21823297520830448
0.21380516246958564
0.214225770699534
0.21460002029284295
0.2149472148466491
0.21049802329029021
0.21127823212916105
0.21205956811011703
0.2128589268561382
0.2101035878833644
0.20499638777010856
0.20614305101728117
0.20479360276190364
0.20840848932473488
0.20735123452832968
0.2069632042951903
0.20868561382419554
0.22249254435879146
0.22300372760078374
0.2244194137415116
0.22342460194893396
0.36644570101285917
0.2761428111408452
0.28335262774150305
0.28408836601322485
0.2655528096852059
0.2658303065256624
0.26808141065247826
0.26471194647743307
0.26440754459062427
0.27863584232661254
0.2688236940523381
0.27607331097953
0.2494929925702889
0.2663882898025124
0.2697227208065714
0.2745233894296687
0.2933311857526294
0.281753447354228
0.3039594816348846
0.30891983028795295
0.3116621642379287
0.34280139955067496
0.375854636575033
0.387796613411706
0.37035902102270396
0.3523420962739032
0.35651905695903735
0.36308391495047887
0.3628700075265156
0.36464622196352486
0.380987192452391
0.38129551570458764
0.397711770852671
0.4100749297639155
0.412155672275817
0.42226759821024046
0.46603285825175766
0.4667085076378778
0.46400940901036053
0.4658108427603086
0.49561321106195416
0.4989691697537711
0.5161882800255649
0.5114182583748473
0.513406965209106
0.5246388918013422
0.51337005376897
0.5014475390671415
0.4833712483730236
0.4570921594799763
0.44670406888285535
0.4142693072192113
0.3963593874504733
0.3882857720792587
0.3671164789581183
0.36242209548683774
0.3557127076452977
0.3542809371106816
0.35369128883770656
0.35255651776373265
0.286789064104613
0.2707228437964948
0.26929259604248035
0.2738183930302276
0.2576736404525947
0.25608722279052176
0.25772178231821613
0.2584367766263092
0.23578429907748644
0.23789829013734753
0.23873137065706992
0.2395529653985536
0.22385738811276917
0.2248513143923402
0.22578236695529189
0.22671099839136996
0.22188566646019556
0.2227519205117673
0.22346371878961402
0.22405703632353807
0.2195907468171256
0.22009106220875602
0.22057906034418592
0.22107488570688222
0.21980919320925552
0.21991077367960166
0.21988106656200104
0.22003894765443424
0.22132449019143655
0.22021737192564023
0.2171837569566772
0.21840996482399222
0.22902332496664599
0.23048917761854623
0.22917719933848116
0.22950363642638286
0.3626365801379833
0.23516314188152135
0.30821118469895686
0.3002653489695032
0.3016461557061364
0.25880946636962787
0.24825670116309898
0.24579675323806768
0.23768444401529393
0.24888477055704755
0.24828627900118008
0.24638467713169318
0.26061880642261176
0.26291607547606144
0.25785918052646123
0.2718159973802687
0.2963336834789589
0.2663401921860922
0.286384305018348
0.27588042041274224
0.2597709997024883
0.28061894610120375
0.2927599524593901
0.28932767701437045
0.29156584578054484
0.2736458659876738
0.2741436581088352
0.27417748913350076
0.27897136060872013
0.30566208739367556
0.31390908200054507
0.312010627597867
0.3466092486578838
0.35225476992385896
0.35367968364339997
0.36659948108445334
0.4138455754002029
0.4379171425277409
0.46199446326922883
0.4565488745445152
0.47775193860375703
0.4787666232523329
0.4793630453620848
0.4783551166042737
0.48950511571942873
0.4831916424114463
0.4741066714153053
0.4643153764960837
0.4456910884652421
0.4320825257705735
0.4251434998748797
0.42196525459262674
0.4006558890136945
0.3911845792989865
0.3845775005487006
0.37909899823101495
0.37994513147507325
0.37519250134132925
0.35589218569922887
0.35056116225975165
0.2822351535584503
0.26638546059854534
0.27203288798062264
0.276344956985051
0.26117075102198856
0.26169560059186214
0.2606672861418861
0.2539948466404475
0.23169336166566568
0.2382784427081369
0.23887630743060984
0.2408392438888228
0.22469494628120087
0.22396155630294978
0.2255244571793475
0.226385230346836
0.22203457400161447
0.22256133535350903
0.22305753992309732
0.22355123189246184
0.2187486697677298
0.21885254199117424
0.21892253316396756
0.21897811572933593
0.21770619373127187
0.21780755068146423
0.21818965936301019
0.21858469209992895
0.22002590017746645
0.22040699614232867
0.22087067785334605
0.22135414137528203
0.23025010866406664
0.23011597399880493
0.2301350291522855
0.22922887313059034
0.3428683269190472
0.26364502798582545
0.25970372513454293
0.2551853791444974
0.2628378516284181
0.2699989546474392
0.30989477674758864
0.32931824904683416
0.3410454222711741
0.3338079780497449
0.3293736674650948
0.3321776292355991
0.3206159544158759
0.3509714223194034
0.3488003278930886
0.3573352236998675
0.3522232882998502
0.3264327050840483
0.3262258038133818
0.33059164677145
0.3275635316914335
0.3485484604469086
0.36921532062899
0.3786521053999528
0.38769636105792327
0.3603832931066926
0.34434681198206996
0.34391667899317974
0.34705252266652764
0.36513468763884743
0.3769942245000206
0.3886077292489088
0.4013136832714296
0.39416524720585633
0.38939175269639786
0.38566457963991824
0.42214860032967816
0.4309219611672593
0.43601025154598017
0.44664664135136656
0.47358226241748175
0.4763828041897155
0.4762603940516688
0.4804735912306182
0.5075429470301465
0.5003895834450598
0.49101474059719513
0.4752724223600213
0.4466146528392423
0.43083639395940976
0.4131215342897808
0.4050332266483701
0.38416797554458837
0.37174314109251644
0.3667394717613373
0.36248072225536493
0.353199401523363
0.34828335549714995
0.3294511693115983
0.32626034577575763
0.2836306165994379
0.26638546059854534
0.2765740446274804
0.27930378059434247
0.2654302467245979
0.26290846243613153
0.264800321433937
0.26555389882954544
0.24396106602684295
0.24440701256731637
0.24473965285192625
0.2450542876962676
0.22816166196928575
0.2269566262019714
0.22284346310470218
0.2239778268422985
0.22268334263011846
0.22287156711953224
0.2229983512564342
0.22304864337490993
0.21753878979463553
0.21790600959686734
0.21843804554136353
0.2190119976102349
0.21880855623551393
0.21932317467093013
0.219652883967352
0.21993675982761773
0.2212545046411753
0.22151412075309965
0.22170088242804056
0.22208050297039736
0.2310123887909415
0.2309450627156783
0.2310484198097136
0.23033894445900174
0.3511692207432102
0.27341418899984654
0.27526333739965403
0.2690044188222168
0.2647189807046632
0.2651714692800062
0.276743767890465
0.2822974234195785
0.28349311716574194
0.28876601296947035
0.2815732921099833
0.2852463884582467
0.2676310979888331
0.2896371077694634
0.297683929589934
0.3037225575590752
0.3417333703322543
0.34279281448145493
0.3361922894039613
0.33242224463418746
0.3259942827385639
0.36496424490672624
0.3760757305420205
0.36969041258971896
0.3734203970478152
0.37516681990661754
0.38140249090986056
0.40434299551298886
0.4113860038802773
0.4125975309393153
0.4128309650898877
0.40162871603647576
0.39396261038467323
0.3809203056186681
0.3832016242928838
0.3998737407244248
0.4286636173599739
0.43217075128350585
0.43454989241655784
0.43644113741574153
0.4680018433321902
0.4703883360850521
0.46439266011582003
0.4591330999197373
0.5362080670925266
0.5392593487443703
0.5294606763643883
0.517094648708137
0.4830217297849598
0.4534990305484666
0.4375779130467428
0.41745976620888947
0.3992784906107796
0.39499863464923707
0.39380996338177193
0.4182156646632903
0.41462693037007087
0.3984934314199861
0.39555756855582763
0.40291965370997435
0.286403921695552
0.27164116517439424
0.27164116517439424
0.27566962870763323
0.25646902842514
0.2541544110664356
0.2568603371340482
0.25634516274104635
0.23429274275622033
0.23625222683485347
0.2374960339741275
0.2384625461872095
0.2213066315307318
0.2209927765469091
0.2204785823936585
0.2201380308397681
0.2152442409144567
0.21541308150218255
0.21562082634429877
0.21585860762615536
0.20612970432842337
0.20660705538048693
0.20706659306001116
0.20751820676484675
0.21150527828984259
0.2115107604285871
0.21176084792058109
0.21196408132568753
0.21323019541553395
0.21343975131405019
0.2137321716104913
0.21404047605234555
0.22280144361642223
0.22258496947375736
0.22265473633694796
0.2216656597047653
0.37703340371484895
0.24215030192931433
0.31452965470074734
0.30415932825684444
0.289614333618754
0.28436426758097566
0.28400521849673444
0.285397737908539
0.27224508111306583
0.2702514467555423
0.2730964558356908
0.2773282397662957
0.26242262779248954
0.2878336455607956
0.30449121144457697
0.3158763772037634
0.33954124223442667
0.33021209718454797
0.3365648616316104
0.34402152191096513
0.3474393280077691
0.37437139284474147
0.4069401720552184
0.4284961759309477
0.45394126346150215
0.4272164522771929
0.4238269630652153
0.4282700476642851
0.43038074107090923
0.4391413052783448
0.4435238719172266
0.4651916557331669
0.4830466926115933
0.4918369788400198
0.4803811446614502
0.48355627381066796
0.5153695158326288
0.5202287806119327
0.5226740431400725
0.5266546026791019
0.5681689593870141
0.5781642800561939
0.5761686322866213
0.5682090685327595
0.5701871444340137
0.5562246724628197
0.5374629381149659
0.5201536576737836
0.49255160672084825
0.47644815711457295
0.4648116898752366
0.4581409954894106
0.43559326694404604
0.4230221511322094
0.41437204533223665
0.40876533296886863
0.4209764209378073
0.42045677712847734
0.42082879892010816
0.4170412669766379
0.28576218915752855
0.27164116517439424
0.26638546059854534
0.27039081894602324
0.2555177976626124
0.2547904838552654
0.2553377012479648
0.2557862829551229
0.23367709921865323
0.2343260922643644
0.23488301194591907
0.23545874213773646
0.21910016477488348
0.2198331395515269
0.22048733809121096
0.2211521979810851
0.21632935123159192
0.21629578777527084
0.21621254302437792
0.21612447524403117
0.21127212496588582
0.2114698580772386
0.2116862196446553
0.21191667955976567
0.21066011840184837
0.20566171634447544
0.20759936927101547
0.2073934481710252
0.20959672906145366
0.21052376444274765
0.2128994222123711
0.21476316408853452
0.22410167356955482
0.22409079580420796
0.2242338195310172
0.22083778045639435
0.38610359902658326
0.2656719487192297
0.3323695326588108
0.32485940895816007
0.30264189721706103
0.2949537167427113
0.29350572204878156
0.35410187063935883
0.3771498924061635
0.37003405979751697
0.3351081720060629
0.32612064316563494
0.29176893761218803
0.3074679499009374
0.31075840486582545
0.32243825957058597
0.34075861674542807
0.3287394847325376
0.3335199737981345
0.33779022777290035
0.3311880289198778
0.35702339012651985
0.34526242526685585
0.3560888496485372
0.378840607531676
0.34930578725170425
0.3719888881664231
0.3820412426248774
0.3753081928931024
0.36354513522161724
0.3322509780744708
0.3142653932982186
0.28275417150463644
0.27269074358680623
0.26688274664008693
0.2614820954900101
0.2915034742447
0.2932832494482513
0.2878730626359001
0.281054971247522
0.3382664295778217
0.34938878783780875
0.3795705497210527
0.3931692932671051
0.45328144585026303
0.4559031572252851
0.4573445964035158
0.43761497872985994
0.4190664870366987
0.410499411902304
0.42628454795875387
0.4391602554758282
0.42055348005528786
0.4067959693162135
0.3940796410257427
0.38105172439924184
0.3547197153351196
0.3525313098688847
0.3801137341690789
0.3647099728919909
0.2885662046396603
0.27164116517439424
0.28173247454553735
0.2850058560716929
0.26367393510654785
0.264522976030104
0.26405455494194335
0.26449800304154986
0.2424398800580845
0.24240548806200943
0.24228763182169832
0.24219565014648062
0.2244257810518987
0.22452424716895356
0.22444489039354798
0.22425712561338904
0.2202735076181494
0.22154555419786198
0.22292979284388878
0.22439577614867942
0.21965854459745082
0.21966347263532385
0.21951328884603802
0.21955891484193393
0.2184317064269778
0.21883283923175761
0.21925245011596342
0.2196791457782048
0.2208264869060275
0.2208357727629816
0.22090784242878148
0.21971188989259066
0.22920451380919515
0.23009726533465932
0.22989515734902408
0.22963535089238235
0.35078552745604014
0.25807882374552255
0.2294067333074895
0.22875463198612855
0.2324140228512288
0.23249106392065355
0.23296415820747285
0.23321952433485738
0.23151867680532529
0.23131100920885955
0.23098544777696747
0.23057361683530478
0.22916209970546797
0.24699366761855537
0.46805962215679653
0.615050788645587
0.6242618184150082
0.381111353482381
0.26017639663418984
0.32297433675167864
0.3227076122050682
0.34226214513546716
0.3063679990529839
0.26002226012030777
0.25989676894192343
0.2400242248172672
0.24794710860679986
0.25511463544618235
0.25734148354643877
0.26111357337858165
0.27166684770852284
0.2699879811404808
0.29244645639471983
0.30309529731902685
0.2877602723068156
0.2724116622640675
0.3085211957243168
0.32314861923462296
0.3295608815726766
0.33701043787850515
0.38579796595766686
0.3931245239965004
0.39654650624246457
0.401783830368141
0.4153714028140061
0.41258476050627607
0.4089791509564521
0.396471668590719
0.38000856624706153
0.3655005665237598
0.3519969093290183
0.339473054915538
0.3214040252453677
0.3169725161680919
0.3094723520040722
0.3065113484675983
0.2963198940211741
0.29766091296461633
0.2974050502893273
0.2977640491853146
0.2924899594367137
0.2778294665013469
0.29382881273095046
0.29312130221743216
0.2746747153050865
0.2741314720389101
0.2723670966716319
0.26535044799876756
0.24264895361246624
0.24446469070312304
0.24792507274677283
0.2485853386254131
0.23198190636959415
0.23239678290554536
0.2326261630506184
0.23304623043068537
0.2284158065101322
0.22869137033077994
0.2289342777401138
0.22916722252497163
0.22498713324106479
0.22593611946483805
0.22693286040044822
0.22796108473957488
0.2267144840281518
0.22686301568516
0.22699216522692245
0.22712352886422107
0.22842691982284638
0.22871404380744828
0.22909853954339046
0.22950998923080404
0.2383545054500914
0.23818341246938882
0.23898578246047422
0.23800217258220585
0.33261920643838183
0.25816156409245555
0.24818331317800307
0.2448932815859513
0.236153172965815
0.2368104458088052
0.23701789502682796
0.23719384435945462
0.239452547547319
0.2392720435766654
0.23868318872876118
0.23794005202273832
0.23872696264595492
0.2571751777800755
0.2561006082666068
0.25671542514114204
0.26775872665087375
0.25395387448802487
0.2412997840730114
0.24235969167231922
0.24548002206381778
0.2679669732468925
0.2906944111916264
0.32478125294209725
0.3416641310378122
0.34348361663584187
0.35143388328490927
0.36924584163085894
0.36395656995325676
0.3596039195102054
0.3346562566578566
0.2742067356195803
0.23933960108509728
0.24566253619797643
0.2437981411009376
0.24180810225061777
0.25106816440404894
0.25137503390676624
0.3111724862084344
0.3359002307722242
0.42833584861388735
0.42414813000513263
0.4548365273551126
0.44800754109491564
0.4570874166320806
0.4633842634194356
0.46813470049829886
0.4174525036477519
0.36594248859983414
0.34633725125260395
0.3445182421740984
0.33280760727768127
0.31278899706806756
0.3044588342173257
0.29799059262255123
0.30352265724417915
0.33214275885253347
0.331347406317498
0.2997842833237731
0.29799651252899684
0.2849402080099366
0.26789462788101875
0.2858894306732486
0.28477156196266357
0.270071869352174
0.2689161806847757
0.2676051774565715
0.2670836724034461
0.24466187319008117
0.24440338527503255
0.24388982796415462
0.24361283387440835
0.22658376440175432
0.2266948488053223
0.22681058561771417
0.2269355607899207
0.22251712358991235
0.22313997927687002
0.22377516141607753
0.22442721563340864
0.21964961049211573
0.21991665481377037
0.22016242936981728
0.22040892784557656
0.21941563880221718
0.21994834437327726
0.2205042126340097
0.22107345323223362
0.22243174810921257
0.2226777801953119
0.2229925931196683
0.22174603230074105
0.23144620482218536
0.23302275129258876
0.23240392972519297
0.23161321930869827
0.3609861574344211
0.23527594190810378
0.31079323163612704
0.3012574600055591
0.32982057658160907
0.33845636664040313
0.3118383586696168
0.31265940293254446
0.3082654197233602
0.3124813871409884
0.31626631210621853
0.32076696172282726
0.31336632391580976
0.3343850341636844
0.3374609774766243
0.3406199754764116
0.34287753793420866
0.33572333903914725
0.33758905180338794
0.33754077155125906
0.3500020008821852
0.39217000666894963
0.360314000423924
0.3604257989181303
0.37634535505737227
0.36014668733772665
0.3703372364496055
0.37895918515281224
0.3923682946381829
0.41046454885892536
0.4249149080185856
0.4531368075495942
0.46303270093260507
0.4747996533731946
0.4978436324803939
0.510365915120918
0.5497392874812576
0.5579601271391889
0.5613004069643431
0.5577032408396875
0.5948074859166407
0.6286189293026133
0.6343585017442709
0.6350659794189216
0.6302811706265928
0.6142892734008871
0.6066907899562104
0.5925882094683435
0.5598341519300402
0.5380918012087395
0.5265987096943655
0.5217101519423908
0.5051378530797425
0.488259130090586
0.4797984180958798
0.4570089874766603
0.43772724979939653
0.4195845735203037
0.4076794031472311
0.4011945035371759
0.28657321147371734
0.27164116517439424
0.27164116517439424
0.2728674439938743
0.2549088921679407
0.25289121220094396
0.2530822101817895
0.254660966612262
0.23308978243649126
0.23430491455336488
0.23509000771303
0.236383765408453
0.2197899481758851
0.22006117933113054
0.22027850377500885
0.22007407679021293
0.21588088554490573
0.2165322379598932
0.2171395115617952
0.2177417355876761
0.2133510216858333
0.21394088818129303
0.2145220719851137
0.215103865275684
0.2137076017185308
0.21386515076523652
0.2139976113315496
0.21413018954279772
0.21571546336302364
0.2163369751469643
0.2170688329661652
0.2178311250490559
0.2269767092343428
0.2270772480006908
0.22735980393896343
0.22520359398216422
0.3683282060471415
0.22842912180889352
0.3090293971451654
0.31340862613594084
0.30976586073985934
0.3237836111563725
0.3380632063504903
0.3336650288032575
0.3497664328117998
0.35372988365976427
0.3534660107107167
0.36741720240448017
0.3349197452765378
0.34148120976847574
0.3462144801094216
0.35387608829461764
0.35932784707060966
0.3437223716839266
0.3484851176638321
0.35844604812086556
0.35735225853559244
0.3864025216062547
0.400714855286492
0.42914760762820486
0.4518898423245833
0.4494682569825204
0.4765943089544062
0.47964985266410753
0.4809737319969881
0.4794754944542696
0.4756263082536021
0.47171008958733224
0.5036061187933354
0.5175456806561313
0.5270823087662518
0.5346129039659733
0.565584005081381
0.5627740739941633
0.5561635367342945
0.5497590964459249
0.5864586592495395
0.5901087770688321
0.5903391865414713
0.582401075827185
0.5850885693399563
0.5727105085581756
0.5582744730091266
0.5432175094450795
0.5013697915964169
0.473023467667988
0.4518020984896269
0.4293886067300777
0.3934813567462654
0.37310438346021696
0.3753205250826129
0.38460317029892727
0.34826961294732095
0.3425352957870204
0.33988861119354974
0.34182800106273215
0.27887490982806956
0.26112975602269645
0.2733424079780066
0.27567766586911413
0.26551667125937806
0.2657136912069889
0.26573055052697614
0.2657247529208962
0.24192200190819466
0.24361211629320906
0.24424955048281707
0.24456924697193932
0.22709793921394641
0.22654563508105513
0.2259780790386702
0.22544756327298884
0.22019185727251586
0.22011867206721775
0.22011300390203292
0.22018522293381543
0.214930804130061
0.21479584480001226
0.21486769420399385
0.21511575618461143
0.2140417535979117
0.21445059277449183
0.21486126570930913
0.215088136275556
0.2165133881794855
0.21682773872030178
0.2172093891203162
0.21760200968513427
0.22665376146736152
0.22671803486176223
0.22702335157144674
0.22629465005765056
0.35762664036958686
0.22937955804973376
0.30929981115999317
0.30968725493553284
0.3210639974375686
0.3374613562126344
0.3456990812946683
0.34706941112375134
0.360319302787195
0.36519512031114687
0.36313293235792876
0.3953506672426529
0.35490700144698384
0.3731176348599872
0.3636294421371344
0.36948836050692146
0.3762854820941739
0.3612543331174476
0.3669500749403195
0.37490726127917445
0.3813135915963672
0.44292691101869097
0.4463513685606161
0.4742133346360345
0.4850307551991003
0.4783317692269874
0.5203318434477615
0.5463901687880444
0.5546702169497201
0.5574485903096088
0.5554149744287571
0.5514278012052249
0.5671302949586656
0.5586180448695685
0.5535298799704923
0.5587659925264279
0.5818814807657159
0.5725033754773357
0.5119517457115805
0.47543093248715
0.5104437355586846
0.5193265498378637
0.5303041051764698
0.5318294685145354
0.5374916627857188
0.5272907708628426
0.5424562930082599
0.5526146580373184
0.4857366365445823
0.4528798729981908
0.43573837311847424
0.40816936495507317
0.45431755764617093
0.4316810925067452
0.41505224619370823
0.4023922495596408
0.37064279470400635
0.35175629229936184
0.33760626353486617
0.32943713282362247
0.2889964085298701
0.27164116517439424
0.2687043949909989
0.27574435309509704
0.26102835323464935
0.262036073535999
0.26275769381318
0.26226726659168753
0.23992400334206898
0.24066735858957
0.23882602257327115
0.24081101432947996
0.22584175834217549
0.22640826979489612
0.22686738729927497
0.22730442675781704
0.22205429849768557
0.22160608386655103
0.22115982419084942
0.22061053687195567
0.2157876947485457
0.21603211332281894
0.21628427734521152
0.2165375311461818
0.21486507340322786
0.21457687275751516
0.21430807507421132
0.21408229400991782
0.21199286007811877
0.2122303524639033
0.21268567813740757
0.2131722229623987
0.2266852796822056
0.2257858342992016
0.2275470941242951
0.2278856295342195
0.37131636398460605
0.22936533773207635
0.31855852920650707
0.3143672542814817
0.3208835828113145
0.3276090472117197
0.33271300032634354
0.343342866415122
0.3477317240623189
0.35038943951271895
0.3516041648908005
0.3529350267313124
0.3201609375918133
0.3365965471947895
0.341363360529261
0.3438735516704569
0.343493040212012
0.33120738768682423
0.3310424643358992
0.336289790357729
0.33979294692747747
0.36080262044509
0.35188496347290765
0.3715050755639176
0.3753235083101907
0.3668972023700209
0.37630720412341695
0.3846267858224173
0.40581739509470166
0.423491488606188
0.4320608381324736
0.44580390480841314
0.44818088504435355
0.46674318200467085
0.46521420389955936
0.46049174514251306
0.4964914390355934
0.5004425960229207
0.48114058476347354
0.4784829230973318
0.5155336155141579
0.5183637436033114
0.4923632218439804
0.4865786129564251
0.4843643754161737
0.5147896176015665
0.5114814477968137
0.4839500735555789
0.4159964929314241
0.3897263775222899
0.3801827298929877
0.39414157138848066
0.3698092227143055
0.3550275282367078
0.3536237889178037
0.334374288549379
0.3178548465635035
0.3084714523084636
0.3248902144719612
0.3192771416712853
0.29599975548469504
0.27269159822876654
0.2873576247391527
0.2763492377999035
0.26533451200624253
0.26887687482237344
0.2698495465546096
0.2702380359391469
0.24498682947711944
0.2464321862843925
0.24692899555012202
0.24713660060506648
0.231242596745375
0.23116338555341662
0.23104659862557875
0.230940235879211
0.22634275455514816
0.22660745509554725
0.22705474820418114
0.22748127259319725
0.22272766038516464
0.22263154501425847
0.22300643329292377
0.22320750318268462
0.2173184568844655
0.22193536076019688
0.22179218848590665
0.22184551935369945
0.22253519820819198
0.2220838178198077
0.22171036307362849
0.22014726234600404
0.229942428970147
0.23018186710006383
0.22911039797759852
0.22972098496552543
0.3389991147615994
0.23322828768338705
0.2403366400301883
0.22383872505647948
0.2319578675647097
0.2332840702933778
0.23679486821008164
0.24614973360967998
0.2776639457133734
0.30984255135355804
0.2593786828592538
0.25111081451511114
0.2518850009001152
0.27552337225297374
0.2673849119359237
0.25512314129760744
0.24890545823125607
0.2385095852990415
0.2282108697836433
0.24036746281687407
0.24093662707743005
0.26103209996893845
0.26409618570585514
0.2675570196341902
0.27835933644138144
0.2668636758142659
0.2744736623135874
0.2801665170190025
0.27982425799114163
0.2787237356923868
0.2773145903770035
0.27641388966150354
0.2786512867251282
0.28307616282941295
0.28841572028964535
0.28122196811216055
0.35954447872349377
0.35997336469202307
0.3676924243289736
0.3518758068670636
0.38201831544326265
0.37603427084087887
0.39891451839730024
0.4040275769578858
0.4133756293363787
0.4056326403855799
0.39650765310966024
0.3887469968082593
0.3736916194165719
0.36667391518135617
0.3579070513537489
0.3615810366983177
0.3270499181056786
0.29997157006478825
0.2993858716325389
0.29336229168410205
0.2932547163987204
0.29074093137898777
0.28957598654981526
0.2887023154894238
0.2892249666571278
0.2745476169589516
0.29245245517009333
0.2905926521689426
0.2729336386036529
0.27309235039947893
0.2730262632418497
0.27373349380185
0.24969143679225617
0.24922186138894553
0.24991190279439374
0.2494300809881972
0.23280579336995166
0.23343326564402142
0.23408032611538668
0.2347284441019253
0.22898140158907443
0.2276398539861551
0.2266921191587529
0.2257907012381205
0.2190564728791193
0.2175639130490922
0.21655860768576823
0.2159761674169356
0.2146664390387814
0.21520777490011453
0.21615445919733545
0.21750431866313366
0.21887046874469
0.2187638977889917
0.2188471828746341
0.21889351763388232
0.22803885863003226
0.22831901982346336
0.22979159542812763
0.22992063517976322
0.3479508891122261
0.26680155137760087
0.255890317367843
0.2481113744785873
0.2682576504633807
0.2849267441365712
0.29763434702221425
0.31645875848115906
0.3220459198686747
0.3236693730734042
0.33628419330807713
0.5584899230501895
0.7159531871882471
0.7452499267441476
0.5176610949627508
0.4064866353304628
0.4720073223796008
0.46478708503977945
0.47192657162296314
0.4802824367334148
0.44576845992907455
0.4210002485918275
0.43828757942169305
0.4426293980469587
0.4382507855872922
0.41998956963320005
0.42414216467649934
0.42331489168560693
0.434196347835202
0.43797658362324404
0.4311774187680042
0.4349982161271074
0.44754293546013274
0.4614575893834844
0.4746451854504977
0.44340311284309586
0.4666406809982317
0.4732019153633538
0.4750221005988479
0.4858925731132957
0.5327771392794431
0.5450480752924575
0.5396296634810134
0.5377674267106342
0.5214365645599607
0.5130698190917523
0.5123408405418085
0.49511825362416606
0.4512764717444231
0.43681006890367147
0.4092046666186689
0.3925250835831482
0.3667272536948895
0.351819955570086
0.3402043371887993
0.32991503483979406
0.3322471625415332
0.3438280587875549
0.3518913655862245
0.35954983862041073
0.2876547844121781
0.27164116517439424
0.2747382570069651
0.27505226139644606
0.25744575947287884
0.25837321777027034
0.2573157635619309
0.2587892306685757
0.23606696840768449
0.2370747384609799
0.23858380772106685
0.23978136520184803
0.22304818430007659
0.2231728342673976
0.223240823668029
0.2233154494310566
0.2186562976219645
0.2190225502929077
0.21943112966764183
0.21988997550576533
0.2154559841225433
0.2160612393377367
0.21654976513245758
0.21727237787066112
0.21637025708602314
0.2168896566004777
0.21739833743866588
0.2179003916573279
0.21928016098144068
0.21954923286464317
0.2198857340249267
0.22023253423575104
0.22889240409084968
0.22857831801126155
0.229339169959915
0.22908579243371205
0.37435367458485885
0.3153178744675564
0.31818454839369836
0.31302128977154214
0.29267634017492367
0.28371854634211807
0.27190800977347557
0.26997387686640517
0.2571172741803995
0.24804042812810626
0.23487528864944998
0.23487030216516544
0.22967286390050765
0.24924272559255586
0.24915228063983974
0.24866231155145832
0.24878356770509283
0.2384447211711308
0.26137034485385896
0.27855492087802786
0.2848650344594435
0.314450931614356
0.2879417457890475
0.2873996805766955
0.3062969335470713
0.3051212971585224
0.3475059758772219
0.3686644037909755
0.37917192552375073
0.38656447136936556
0.3939579119401098
0.40129159466885506
0.4105195708549471
0.40870257443192387
0.3671438735392598
0.3448450664462075
0.36679353205230836
0.36036152428729357
0.35520072297735417
0.33707360865747604
0.3667633743339891
0.3610644698315614
0.3561410013474721
0.35020051331762214
0.35187159411708674
0.34073459735257594
0.33085084708774104
0.3211204547721516
0.31380839999760995
0.30979951901652847
0.3615766237378613
0.3621381858992246
0.3555124186890375
0.34335216375876754
0.3437692192573534
0.2987113882261097
0.2974718954919253
0.32197845682726
0.3299810296094029
0.346415337269827
0.29471083998443576
0.27164116517439424
0.28664626867389587
0.2864850209023805
0.27170506328585703
0.2698110728651809
0.2701231436469435
0.269629845734115
0.24635133037774257
0.24525280449192105
0.24409678287516734
0.24306576452996384
0.22677251804408807
0.2280282452725468
0.22918319207706533
0.23094938357077976
0.22595014362938312
0.22570435041956868
0.22536595021291816
0.22503490837383866
0.22206560276136972
0.22486543669190873
0.22800849804254905
0.23139071267994687
0.23179201918077363
0.23333269145263816
0.2347251792790954
0.23617426328193308
0.2368815244707906
0.23610903258424976
0.23532945992071452
0.23329108267236634
0.24198584374316087
0.24164526879549508
0.2404198205253288
0.24041600336514526
0.31933581542711537
0.24066405860468396
0.23698573040468943
0.23253893525787134
0.23890584708244833
0.23486367980090084
0.23465126923642346
0.2338166897851082
0.2321201547217086
0.23049549562088845
0.2275941037957275
0.2297640078598088
0.2341757093719796
0.2511749095893953
0.2520595353775118
0.2514959331081553
0.2604890338628436
0.24179922700304873
0.2289051653647024
0.22909056039213752
0.23285042847271922
0.25906052420372533
0.2452919450337461
0.24537112708086056
0.2543093256219958
0.24402214512255235
0.24964557094157938
0.25552810396922965
0.274314705817208
0.28047558048872584
0.27743036063380905
0.27890961157758676
0.28979594671865305
0.31293834685512967
0.3202612089348362
0.32516741181969533
0.36361572427496114
0.36604147359456135
0.3627703756503963
0.35903524144369114
0.3998094886637073
0.40766400069939507
0.41313386274201364
0.4166859840596913
0.4302190700074837
0.42781928636970395
0.44106384799166015
0.43965352039045247
0.44038246825878463
0.3963098704694937
0.41083880805089856
0.4165487135580377
0.395782514651674
0.380211679961505
0.35747916901005683
0.3426256420987334
0.3330625724752081
0.327605916908048
0.32329589726600766
0.32798215635090683
0.2897282014363511
0.27164116517439424
0.27170113378756533
0.27862489390981005
0.2703632460332622
0.270608942196324
0.27031749325322707
0.27058827465719204
0.24841254789959438
0.24602177711353826
0.24553607386421
0.2452759089804945
0.22569972289161097
0.2274795887486935
0.2285262895847533
0.2296377006471308
0.22769055131613083
0.22713458751471866
0.22654541268211953
0.2260041913066463
0.22088755380038125
0.22086240287124317
0.22086535779207064
0.21968044368953316
0.21091128518077049
0.21218602610843615
0.20836179262564197
0.21235026538086782
0.2167345804872386
0.21563321289970602
0.21938269133661803
0.2203816189265553
0.23045098333459713
0.23334640407114024
0.23444098635125366
0.23412688947132287
0.33246246111813055
0.25949952060818
0.25557840223549283
0.2550304985931324
0.2646273619223843
0.27125012901667883
0.27132359721750204
0.2739895794736692
0.29291919514588133
0.29966897640026574
0.30785142759598816
0.3129006882755583
0.3018021953524956
0.3226982905538516
0.3290931892767366
0.3292016907159296
0.3298675485238814
0.3136639584994557
0.31959891403462504
0.3285794398851293
0.3188779400547543
0.34650074716294177
0.3725086338581317
0.38735364576459985
0.37675267084885766
0.35578130036719463
0.3644381363614825
0.3640034113691666
0.3614466094120187
0.37306228242063577
0.37208047529645644
0.37515870656895345
0.38207945431914636
0.38907727738220316
0.3905560849728899
0.392244314102529
0.45810016085263133
0.4675399545837152
0.47304641885554505
0.49074643497529047
0.5525086156990123
0.5716503508915928
0.577337502621008
0.5776382465119273
0.5829276491986416
0.5332507941150643
0.5055081508087191
0.48368593714991825
0.4293160932735502
0.403089021892193
0.38742990083607404
0.375754427505033
0.37348686196388164
0.38331786063472567
0.37491342422764706
0.3831702685842467
0.34320794409856004
0.3510314232357419
0.34939613863104485
0.336330403617788
0.2834793246821259
0.26638546059854534
0.26638546059854534
0.27398452744383256
0.25971711159405986
0.26030990350542627
0.26032323219085185
0.2596877009505419
0.235450632290473
0.23658707117841696
0.23568357569203957
0.2362905816255657
0.21926663750265055
0.219398744923534
0.21952358447148881
0.21970670112192164
0.21552002693190161
0.21647605304987103
0.2175284576219156
0.2186795699317164
0.21432898093655392
0.21484830257406995
0.21526368736718338
0.2156696083814249
0.21436010746592576
0.21443502976553608
0.214506489191269
0.21459740510219724
0.20856657503326553
0.20834965441742945
0.20838256910613415
0.20856362215367252
0.2260929116969439
0.22467901846044921
0.22530904240426788
0.22420800575273805
0.4048796792843498
0.34743893141092175
0.35985390637104836
0.370598666217092
0.3234928806811217
0.3001666483506906
0.29775768187157375
0.3304351238773145
0.2796750580386036
0.2889020406208215
0.28702043141580236
0.24949995604862887
0.24741268900357072
0.27648175512667
0.25226915047845744
0.26140462014839155
0.2525433379980767
0.24460725689630358
0.245121155348205
0.23839623808362556
0.22732176345617328
0.24706577745384317
0.24717630228492182
0.24654592074086687
0.2467762668689589
0.23423942230472117
0.23959753191116567
0.26005916000873525
0.25887561814433613
0.254328114539002
0.243528461174237
0.23413668158793466
0.25791786870418637
0.2720518694609635
0.2776293894045308
0.2801616118587783
0.30263337730286366
0.3018773393373018
0.3055300684517724
0.31050957076588315
0.33945965939920325
0.3372181629808119
0.32901561981011856
0.38541599692094575
0.4050629127638955
0.39316972393774735
0.378980211733975
0.3629062017255369
0.3215500923587129
0.30911826325235064
0.30626136026850764
0.30654823090375904
0.2977379706665177
0.2893590249421576
0.28479825910007983
0.2859747201389926
0.2914478963936148
0.32407743672298567
0.30326364323279614
0.30506156904790394
0.28409938341373475
0.26638546059854534
0.2793999935576952
0.2801606901128234
0.2662047363285939
0.2630236952590187
0.2658804546132603
0.2667996932168023
0.24284407749776837
0.24268893290616222
0.24379146107718838
0.2437516355910332
0.22626238501903867
0.22578936719006037
0.22534546430841035
0.22497390130780578
0.22001730536195796
0.22101768921748596
0.22171479391637072
0.22281773137799918
0.21825186293151108
0.21851194005641097
0.21873401889554953
0.21881174388871763
0.21782610855445073
0.2183638303475976
0.21892696788994517
0.21950807334098205
0.220452442020329
0.2202046444637574
0.22003400711824334
0.21990690038725244
0.22864817688262185
0.2285023275946884
0.22669561617465392
0.2250600611785353
0.3844849972947896
0.31761488612020494
0.3233997160694101
0.29803936433218053
0.2740146085970347
0.2640697032882755
0.25911307577699444
0.2557594148987673
0.2383688447385071
0.2332090779178218
0.23344474891607575
0.2336495284332791
0.23502537675509302
0.2534181708694572
0.25185421292500293
0.2572538505542251
0.28411914706844144
0.2750956697827438
0.28072367584526414
0.2893792368694622
0.2931733722846552
0.32261433621518654
0.33046826255708667
0.3510275002702566
0.38671520489162375
0.36350162002813174
0.3700431298336961
0.3721760409754311
0.3528064567443696
0.35584414326785363
0.3579749665704477
0.33614436736664355
0.33952513421247066
0.33715510046584213
0.32919015404018975
0.31847097945424635
0.3474510376927635
0.34959877339279594
0.3291335981458441
0.3334330376965101
0.40165516574183163
0.3939724643534887
0.3934695199094687
0.3939423361041986
0.4161173145451948
0.4236887210592542
0.4133086810539278
0.3653358079307884
0.3287836252520017
0.2918875445532205
0.2868515330867297
0.287737415669243
0.2871044991937347
0.28765790151163506
0.2878184310737528
0.28807187077382224
0.2871416649735215
0.2872881596952334
0.28752716218193003
0.2970286225313933
0.2905197402867767
0.27511445066354323
0.2916000575526987
0.29027899297789445
0.2725607161274391
0.27170027904240723
0.27080033602788234
0.27120617895654314
0.2491612079589109
0.24951810063889088
0.24968425488714982
0.24983672072657437
0.23257838936142916
0.23255677767492625
0.23261824470892434
0.23276301653626003
0.22839137990471742
0.22915160393114797
0.230095321178627
0.23126482333197196
0.2266962081153455
0.22693542479489123
0.22712089768220847
0.22711366871907337
0.22489563501091944
0.22490228974024307
0.2251784736434084
0.22558502534669755
0.22684817592887047
0.22701691383681782
0.22726379277192824
0.22753271629980878
0.23672324055138422
0.23688453572743215
0.237438238935922
0.23889018577743373
0.31668047491860263
0.22490688952634708
0.222653907281809
0.2289859621010374
0.2503016992463364
0.26625550677781246
0.2801253966127236
0.2846194238880454
0.2939763135343252
0.30191705998433127
0.30724999499080596
0.32721940842511194
0.3108459633063496
0.31477406081762827
0.32596777495987295
0.3193725950656949
0.3204919874503958
0.305887235001399
0.31332438375444316
0.3017883517058779
0.2739925439387738
0.2964872582967598
0.30753478533088024
0.3344462453633068
0.3719762704902529
0.3944419835083248
0.41463633961153795
0.4575782583679556
0.4641356456284924
0.48305262718324543
0.4993057735423534
0.5141328474294159
0.5263206443617485
0.5306500689527309
0.5292252897767603
0.5222484647562743
0.5504611096645382
0.5189598184254484
0.47746133816264696
0.4636639645906284
0.49838685305913577
0.5058310172577909
0.517209915647451
0.5165515161140282
0.5060208477592216
0.4853525164248302
0.4642509657003527
0.4562846552981408
0.40669144434986687
0.386002984606175
0.38146704123876074
0.37286096839968735
0.3581027450248404
0.353058946499247
0.349740735903754
0.3469671953332171
0.3481114193568865
0.36938881094808806
0.38607425123182687
0.3964556389765837
0.2914041005359801
0.2768968697502431
0.2768968697502431
0.2768968697502431
0.2550277580214899
0.25431557608130784
0.25431557608130784
0.25360339414112587
0.22914864934263598
0.23030055951076314
0.23105296675061568
0.23163320988657216
0.21530848843628925
0.21605974216190807
0.21675430849045088
0.21743374696129641
0.21176193846754385
0.2133706993482752
0.21430165559981368
0.21499390197070906
0.21090878330156201
0.2118877834901521
0.2129047194292252
0.21397331021502863
0.2138494232139458
0.21419396270050414
0.21448631237365617
0.21471870909077306
0.216114681445922
0.21507962955121857
0.21216333494454295
0.21352540017064608
0.2256339331835778
0.2261497073427768
0.22721993542522662
0.22772658725576161
0.35750823582243585
0.22410050731019746
0.2815382571711671
0.2841743435432054
0.3261967308122481
0.3415796600019636
0.35070164090450845
0.35838438637766007
0.3688064021212588
0.374806344946486
0.37955042226106506
0.6158184366535535
0.5352893074223721
0.45597148087707606
0.5523422203449898
0.5126252022099546
0.45391019733057414
0.43688414680750803
0.44545166128856073
0.500634150367223
0.5113056802781798
0.513444471579972
0.5081030103608325
0.5256965476557619
0.5260474655835966
0.5388987706819186
0.5698159422097675
0.5825619046591516
0.6114563144976574
0.6454408456525303
0.6907208384481122
0.736684284641893
0.7613516007259232
0.786551803625784
0.7990106193007942
0.7786625316329775
0.800935114831164
0.8068860140304711
0.8105092910948763
0.8744876449926219
0.8828509443393341
0.8624623180233643
0.7964657153026726
0.7869886493113806
0.7460810273618357
0.7323400859928041
0.696475442871277
0.6298679474076407
0.5848248158152591
0.5639151701916928
0.5511893007343438
0.5429347471204001
0.5326857325592209
0.5237303071634963
0.5153180493224309
0.5054529485503029
0.4979981221023195
0.47909153409587146
0.4710021967424667
0.4901980337519967
0.2764459125387956
0.26638546059854534
0.26638546059854534
0.26638546059854534
0.25360339414112587
0.25360339414112587
0.25360339414112587
0.25360339414112587
0.22914864934263598
0.22914864934263598
0.22914864934263598
0.22914864934263598
0.20985663645189437
0.20985663645189437
0.20985663645189437
0.2131393637863597
0.2081076957705707
0.2081076957705707
0.2081076957705707
0.2081076957705707
0.20307602775478178
0.20307602775478178
0.20307602775478178
0.20307602775478178
0.20161186788858532
0.20161186788858532
0.20161186788858532
0.20161186788858532
0.2030388711484223
0.2030388711484223
0.2030388711484223
0.2030388711484223
0.2131022071800002
0.2131022071800002
0.2131022071800002
0.2131022071800002
0.4510302928864433
0.2927639923472411
0.38986297225080807
0.393193086921538
0.4091699131947443
0.40698237702916823
0.4130257314764908
0.42031915777678747
0.6563376179805817
0.8155581334825255
0.8222669811331674
0.5967569677174858
0.4806351201444289
0.5797051318061378
0.6052653985655018
0.6243591023794561
0.6206261256537446
0.5673113314399993
0.5179462366571992
0.5096473851251326
0.5195311104433182
0.5498837746700562
0.5615569792838941
0.5734862038623129
0.5719631289577505
0.5617249299493994
0.5693509584267503
0.580783334396241
0.5775568000167922
0.5770636445519159
0.5704605337785398
0.5645827620263115
0.5735375878177343
0.5470859527307042
0.5266989046351108
0.5286139856468248
0.5568535096449135
0.5452371403921752
0.5476107089140139
0.5284474016915506
0.5561548677068623
0.5498877258428023
0.5280815633287391
0.5183367453511497
0.5294411289543106
0.5138277269748419
0.4929877420832952
0.4656291664816662
0.4260266582974885
0.4100073421971637
0.4140388300174166
0.404186983835713
0.3900332114104533
0.3813661494955717
0.3737559833965811
0.3712505069318174
0.36249372465265867
0.36387001202590263
0.36300171709771095
0.3666825861177382
0.287933801316345
0.2768968697502431
0.2768968697502431
0.2799580531982804
0.25681011032423084
0.2561080117078025
0.2570291324269495
0.25766633187386273
0.2306703302313016
0.2361727067739267
0.24099888383080867
0.2446495437087585
0.22862656881887933
0.22908701322319477
0.22940020086183216
0.22969128980813922
0.22494400458833566
0.2254524584157012
0.2260359655074075
0.22653099825828976
0.2218238713559004
0.22206822082760252
0.22232612789498463
0.22262251936957295
0.2215269533688814
0.2218868623989334
0.22205401604396624
0.22243649521531667
0.22356621316281577
0.2235709323549198
0.22365553688256926
0.22377186986202896
0.23176705694307198
0.23072433466556777
0.2307457910529627
0.2287067009643162
0.36550034209400295
0.2978617664599051
0.3207167475588933
0.314752371349779
0.2664536004329881
0.26494690690384004
0.24187262269585197
0.23621528462927072
0.24159874970768003
0.2366329159649955
0.23401054770674645
0.2735899695725295
0.2337520340408477
0.25553720671657315
0.25579486594707584
0.2518627814657377
0.24926926753690695
0.22890317368192212
0.2235307548408501
0.222986669149526
0.22802852901730958
0.24672610053638422
0.2461374811719796
0.2451079564154396
0.2538185805584106
0.24068974832829704
0.24288569930447304
0.26567680257720044
0.2642491595729254
0.26492906625450496
0.2663580970018969
0.2697102364353458
0.2741039542511751
0.2878176893748231
0.2821007851776674
0.28128021660640945
0.3083925395610731
0.3268510224939091
0.33824654279616756
0.34107583189833657
0.37326604545137254
0.37524645823051406
0.3993641148565485
0.39937668959828526
0.4140049645859471
0.38889164267326726
0.36891148902181464
0.3482875063209397
0.3141717966066717
0.30149857315496437
0.3295363455785519
0.3022321950330845
0.29938449438070724
0.310542212208358
0.298466032951311
0.32316893225667437
0.3167965622468632
0.2987226820448213
0.29564697532647205
0.2962683553940632
0.2898758308442975
0.27428108231294723
0.29074829175148237
0.28503383803973664
0.2713734384506311
0.2711112072029358
0.2709579958889841
0.27089446445189935
0.24674447064384902
0.24740014978218783
0.24781655012563614
0.2478450435470878
0.22907846585619943
0.22925333301494763
0.22933880690944433
0.22940416703478272
0.22365428937714163
0.22389146837677656
0.22413879936217568
0.22440263309002664
0.21881971836586686
0.2192660414023041
0.21971354313793276
0.22016951904402782
0.22436554994706753
0.22484403138448755
0.22534074172048657
0.22567825180882067
0.2271051275497058
0.2274412767431607
0.22787395508990302
0.22710483012360722
0.23795225131090894
0.2374773387950556
0.2348379461627548
0.235733478150419
0.34353979539912427
0.26817298060612427
0.2625412131702436
0.2791239691115191
0.27122154907360246
0.2549540130631536
0.2651453441438902
0.27008948158528734
0.2525782536996885
0.24271644300271614
0.2470677301655611
0.25524950199851476
0.24842727217731175
0.2736902215114586
0.2855663877767972
0.28916220874335363
0.3171813584228846
0.3169808640464401
0.3701685294105315
0.3872214310093932
0.36673148130679883
0.3848640639151034
0.3723141388747174
0.3765454478474303
0.3684539860008806
0.38728221413494185
0.40267534969367735
0.357538830625275
0.3453663161766471
0.3614074908544306
0.3618494327153493
0.36383451832557623
0.3850030054844585
0.40137959220842745
0.4171984997884611
0.42950135197869416
0.46307097716434353
0.4732069199819177
0.4687508826274426
0.4661162665566525
0.4907918131397242
0.4881898799789429
0.4831890204787526
0.4744418614678369
0.47022681235139524
0.5021424518336419
0.5120381034110855
0.5233955289244974
0.47979926100679154
0.4508190688258498
0.43741539493855885
0.4071542249744114
0.3965898356293507
0.37399255749348226
0.3662625518115109
0.35854094586275354
0.3519346343402637
0.3489110459063149
0.3312659388368397
0.31781701766195225
0.28398050797846747
0.26638546059854534
0.27789099871029604
0.2781333363469318
0.26363235168315596
0.2651718667084969
0.2626592982550752
0.2619650123061161
0.24452997792475883
0.24628508296358564
0.24693083383854467
0.247900235028277
0.23131352399795121
0.23138709424454953
0.23191915453782774
0.23217651250865254
0.228443558391693
0.22988641657542713
0.2313926285863284
0.23294103710263597
0.22810620288575215
0.22794596297969175
0.22771438092292978
0.22748292919089821
0.2257725215939544
0.2264773816222963
0.22731313464257702
0.2284631223502553
0.22968704450855118
0.2297369015811887
0.22992592694948655
0.2288241808335904
0.2377189253582845
0.23889793575670756
0.23798363731047673
0.2399153121173204
0.3115126541665221
0.2265800498721186
0.23186582133293432
0.23338853866213832
0.23946522162519657
0.2377667410704531
0.2365124455453505
0.24258021944403899
0.25473829704483386
0.2514506540480675
0.250754669733647
0.25717938484707
0.25555563220706146
0.28340517184246206
0.2924498732088083
0.30072635769544714
0.3457752218136728
0.39908748081274836
0.35957998817116377
0.34012667446993755
0.3156206618445782
0.334661793023184
0.3700241546170488
0.39665431059005474
0.39017488187953087
0.4090316316740358
0.41533396035898096
0.4481607086841011
0.4500990940809148
0.4478832130300278
0.44977828106469875
0.4573295211939627
0.4650923902569768
0.44241836632305537
0.3884061289415304
0.3678873611433121
0.3787271896114645
0.371461365309784
0.36539353432226884
0.37981394224332415
0.41961077060344254
0.4257540136938205
0.4182808414265283
0.41192776754626925
0.46793174401528814
0.4673845871233251
0.45645647173770054
0.4352212134661027
0.4020437289244262
0.39084046692259133
0.39634023932589935
0.38823540939427176
0.3787815567143601
0.3787576830959797
0.3679794963420841
0.3596844173697545
0.35882318919319744
0.35219217332856473
0.3747296444750596
0.3763608029302042
0.29279491468325497
0.27164116517439424
0.28079823140010746
0.2845159672054166
0.25431557608130784
0.25431557608130784
0.2595003710328705
0.2610204869514056
0.23956394121401267
0.24058471564912912
0.24117430130911427
0.24165022859227986
0.22522518254686055
0.22619944307155287
0.22715173527357777
0.22812342767984664
0.22420269635594386
0.22495932326421889
0.22621048004244348
0.22730359805269085
0.2227752107957692
0.22319020982066656
0.22357771345881575
0.22396059482895306
0.2227608268730196
0.22299463232651104
0.22322459691383412
0.2189185265038983
0.22570979872888977
0.22620014758495155
0.22661624045227438
0.2268521284887688
0.23524806518221172
0.23450027992904357
0.23395354239810592
0.23345539361353645
0.3335937732645988
0.25897438950348073
0.24053491145357134
0.2422520371103185
0.24311427405831199
0.23095157886405984
0.2306943586596784
0.23159977818674385
0.23582689404050466
0.2360493603378457
0.2357128135252452
0.23515342102411102
0.23685766242343673
0.25536590201300047
0.2538433690513323
0.2521231071229676
0.26940203096937154
0.259855661193464
0.2655542532823285
0.2704229352159702
0.2680035693812096
0.301142628481507
0.30223246198465925
0.31240213527166993
0.3030904570907137
0.2854661242986929
0.28931555381245333
0.29231124294499133
0.3291717562721097
0.34830532373056367
0.3581068978961442
0.36492735119123626
0.37108115346169973
0.3510936694108109
0.3566424500365224
0.33510348559152503
0.3343511221706725
0.33012870064755867
0.32744062513642724
0.3257186128711926
0.36446452073515617
0.3773555719690697
0.3757054397551297
0.3831602441704871
0.41384865292928846
0.4036612489135226
0.4014173591107894
0.37967875920711286
0.33285652481888933
0.30305453339076915
0.29605050450603626
0.2880307002232096
0.28479825910007983
0.28689605376057364
0.30911621130564015
0.3106955736083754
0.30602490359771256
0.3044564818313938
0.30862750140463385
0.30267919987815717
0.2896599451090683
0.27164116517439424
0.28580433692692536
0.28688294917748813
0.26803892933768914
0.26805455213911483
0.26838833089598224
0.27088645742225714
0.24892141363243894
0.24951694400210217
0.24960875877180866
0.24957031140029667
0.2310142161053637
0.23500313513014817
0.2355467560374714
0.23625332235403818
0.23179877800092852
0.2322163244342929
0.23258825885265091
0.23294296608955217
0.2286033158715785
0.22931025149911277
0.23002036356229652
0.23073158441621894
0.2298069598777544
0.23020277909211634
0.23077014262248324
0.23103421034301536
0.2324634359272218
0.2325736735503063
0.2326929049568085
0.23280898401284117
0.24170154681890751
0.24154808698250393
0.24174480104190746
0.24201299430570927
0.3111700939772944
0.22903856574933817
0.23347930749342835
0.23266089504337473
0.24007805261722137
0.2431112609410879
0.24300760925051126
0.2440337498859144
0.2422757117053154
0.2425720907613913
0.24251031101062323
0.2421720130550307
0.24477380644781227
0.2628598904940762
0.26054948708337045
0.2558291272487595
0.2621517464559764
0.2597360407028913
0.26054774242942946
0.2484444768104099
0.23326167864792244
0.2553899639526307
0.26631395811638026
0.2640916510990741
0.30268912672985954
0.30600002341921884
0.3291999454334172
0.34402646846608065
0.34285174405837787
0.33606819128123266
0.33271443696176844
0.32337651263666184
0.2924148692495993
0.2685478962801907
0.2557974327575611
0.298939098368155
0.3247906466622332
0.34500338236681066
0.3608617922101917
0.29528479297795635
0.3651505291263159
0.36589891289163007
0.3521398737875591
0.35677969808091653
0.3696613189395371
0.3368739129648202
0.32638154630287375
0.3033611580256527
0.3034083824077936
0.3027314240024226
0.3025668726996692
0.3036660218624599
0.30035337554381186
0.3001716767543881
0.29997178879692665
0.2998346765834087
0.29655772520199675
0.29560284598558867
0.2864661794119633
0.28724637576913364
0.28729344601873485
0.2707377682726382
0.2872938564477705
0.2867478665274409
0.2773759269746979
0.2767129106230524
0.2764312668861303
0.27633618133530247
0.2537671826838455
0.25400021356393987
0.2546081469789534
0.25525334498668545
0.23731979667720857
0.23148731021730876
0.234144224188781
0.23608272021465687
0.2333873989139594
0.2343881572750677
0.2349690305958744
0.23546390571689463
0.23105574921618943
0.23178908236840975
0.227389729638083
0.22679665112947775
0.226019746882787
0.2274749233461049
0.22800870465835818
0.2337318561168601
0.23513749289599323
0.23530331921012784
0.23550213030876296
0.23543001562059793
0.24560315610014932
0.24474179068193977
0.24449467417443072
0.24436418500193205
0.3211867757527556
0.24017427491064564
0.23922825501648626
0.24072357989653823
0.24355736252358912
0.24413870817405764
0.244657519448469
0.24556851599797658
0.2436305504760709
0.2436490305171856
0.24309551934038215
0.24227583355521506
0.24060668659822226
0.25918781530426427
0.2588000857920256
0.2550942966226802
0.2536223659626686
0.22863493204297644
0.22886266291756474
0.2306068916349353
0.23853744917948475
0.2578135076490874
0.25733869441200885
0.25542941700882604
0.2545448292466034
0.24031407825623874
0.24432464365222392
0.2758874729725669
0.23808409017730964
0.22609386294397096
0.22652916822270863
0.22609386294397096
0.22884987126205392
0.23081414745366902
0.23548693939743784
0.23994299484621817
0.2562099448822758
0.24744352981396156
0.27536570254973924
0.28474094918798165
0.32318086785323613
0.32048512042084465
0.29328653602716614
0.2748878476021027
0.2871027232932473
0.28753010919168337
0.2876790325906596
0.28838938241262463
0.3038325062545066
0.30268120400797754
0.3031753049424874
0.30399166257916543
0.3009286379996723
0.2987976098211861
0.2991890007985417
0.3016203490849525
0.2982119526153725
0.29797291704843076
0.29755061443542646
0.3081399775177618
0.28472253504947825
0.2730429593957699
0.2908017178408968
0.2853740618864453
0.27392564573927886
0.2742167100597771
0.2742983091865897
0.27299706960118203
0.25077625169952145
0.25246284090044563
0.25315088931365687
0.25355505760798985
0.23647838945720848
0.2363836070637197
0.23627111916433458
0.23617900588448615
0.23152415928797695
0.23191041063133602
0.23213753032017323
0.23257852040502877
0.22712878684067925
0.22658573545530608
0.22610043419979545
0.2256978983523104
0.2242523501849746
0.22441000812362094
0.22464988847610623
0.22496504408937373
0.22608823978049425
0.22623384615104342
0.22646461873866433
0.2259790924790938
0.23605802058526623
0.23587846818539762
0.23457194446694957
0.2338751646608953
0.3310183422666705
0.24901421084670647
0.23634568659444036
0.2374531667675308
0.2402550615469032
0.2410576616823876
0.24136102630863512
0.24140365273115086
0.239189858748011
0.23956074203615005
0.2397818334764941
0.2398875833662991
0.2418796029364763
0.2606959170860063
0.259936975526141
0.2584066815682194
0.25728579394815254
0.24179522802394693
0.2394788763641652
0.23994321799475998
0.24571571762447889
0.2638256803786142
0.26258372844858496
0.2584701440873908
0.25331457621508163
0.2340044036456713
0.23881508035136165
0.23853961503243193
0.22677824379444336
0.2267650520353923
0.2267521470661109
0.2266338172988293
0.23871076098203073
0.25369392516383665
0.2809552965551965
0.2940171453831328
0.3378135233251212
0.34802583665924613
0.3836010327905917
0.39945737272438725
0.4439816064851976
0.451748686521319
0.4363653879465468
0.4271605911700775
0.42469123068018605
0.4746097434301826
0.4928076978576407
0.41728246722475565
0.38957141910142745
0.3625903227010282
0.35365473037093775
0.3505044473081938
0.34456220003076105
0.34278849031256053
0.3452022523177045
0.34310370028049725
0.33659924091350746
0.333479998769941
0.331897167522186
0.3346874855022219
0.2874654807614049
0.27164116517439424
0.27523453533617803
0.2796890880262255
0.2585239304588039
0.2584967321038172
0.25892449521285
0.2593749187359848
0.23610477555040707
0.23593326125787698
0.237009667901767
0.23773719057072196
0.2183999799990451
0.21801946542782824
0.21757658535497001
0.21713736241575626
0.21588458985834713
0.21651205868303328
0.21718518111695742
0.21776133106433715
0.2131544034447181
0.213470283600607
0.21375781637098903
0.21376218137127426
0.20903735379013258
0.20945372773214196
0.2096414105526976
0.20977326065864083
0.21200870943845615
0.21086184024873206
0.20810749858163113
0.20916589745033298
0.2252719661643839
0.22371922679155487
0.22617220919033668
0.2258482060322126
0.3762070384685154
0.2355540889065841
0.3044425567262822
0.3005252102148126
0.2822680612532685
0.2929245853958354
0.2897709448070068
0.2812937269639044
0.27488175127568315
0.27917760893171717
0.27231864734896943
0.29019652620360026
0.27464773708695045
0.31009737229050943
0.31151750484501156
0.31280256879043816
0.3081712416075907
0.2908241654382288
0.2949998935800583
0.3003534415135316
0.3058659912953971
0.3288003847218854
0.33305369045432526
0.33723310894023667
0.3397249564077906
0.35399271717877484
0.34490366068736544
0.3474534018132333
0.35435503904087434
0.36087699558689285
0.37949417334758956
0.37998572488081966
0.3983065458410799
0.41147241246900973
0.42196977107627
0.431041958322951
0.4705653810810089
0.48214633471884993
0.4898064969575795
0.4955300389632142
0.5207485181657286
0.5645265698988011
0.5613348624671584
0.57710854377299
0.5855166019543501
0.5529279921157381
0.5379424816121543
0.5224044051372863
0.4997329552666342
0.5436925627450324
0.531899472064627
0.7260070461012472
0.8584291571955758
0.6061700752296497
0.48861323649492844
0.5563926809371487
0.5398183257087271
0.5448494125995331
0.5366708640605787
0.5347389402937479
0.33271513939928676
0.32255792556531965
0.3278136301411686
0.29693551683310054
0.25360339414112587
0.25360339414112587
0.25360339414112587
0.25360339414112587
0.22036873610879013
0.22036873610879013
0.22036873610879013
0.22036873610879013
0.2131393637863597
0.2131393637863597
0.2131393637863597
0.2131393637863597
0.2081076957705707
0.2081076957705707
0.2081076957705707
0.2081076957705707
0.19785040878930538
0.20307602775478178
0.20307602775478178
0.20307602775478178
0.20161186788858532
0.20161186788858532
0.20161186788858532
0.20161186788858532
0.20326586269575336
0.20346126787088878
0.20387099924047483
0.20387235662222872
0.2131022071800002
0.2131022071800002
0.2131022071800002
0.2136379457124274
0.39055114366928373
0.2772201687087408
0.33897529292065315
0.35049672468911447
0.36511359495818635
0.3571406671612494
0.3868688074818895
0.37300214376584734
0.37218711276210903
0.3780988599543551
0.3862675166326484
0.38428397192566843
0.37577575289990256
0.3989859339487046
0.4053351738441097
0.4231023186094341
0.43467740398632804
0.43085778461424146
0.439887247772813
0.44606675484565145
0.5217271992379604
0.5033144554419011
0.4847205458498588
0.5169616863430901
0.5242770721912369
0.5116446269648692
0.5296229338435611
0.5713926392367114
0.5678778169425771
0.5651098849738896
0.5606444022133568
0.5346385614646528
0.5250189945590132
0.5276051401871635
0.5503332357468923
0.5676208147582794
0.5814371178533152
0.5768280263994233
0.5602966295077054
0.5298992651244381
0.5482202134921201
0.5374423296933926
0.5293977827830019
0.5211405673393835
0.49861462525333083
0.4949060909649159
0.4823929442375505
0.49351321775770285
0.47965187249991276
0.4703091488249812
0.4619753246960152
0.45408687402104103
0.44390653601167196
0.4416192498533825
0.43412559017903407
0.43598093117354053
0.495007910433623
0.43583610880345175
0.4277659496385639
0.42867086167204027
0.2794994187066157
0.26638546059854534
0.26638546059854534
0.26638546059854534
0.25289121220094396
0.25289121220094396
0.25289121220094396
0.25289121220094396
0.23030055951076314
0.23030055951076314
0.23030055951076314
0.23030055951076314
0.20201678031720177
0.20201678031720177
0.20219521264617507
0.20354710734671325
0.19866354470908384
0.1993590191987921
0.19992475195703807
0.2005115254218026
0.1955755380939631
0.1955247404604807
0.19458662276531077
0.19436614577909303
0.1953056148841824
0.19560502517171682
0.19584672763714797
0.1963112402713529
0.19923754688421394
0.19956324749941345
0.20000419106290945
0.19820598439327597
0.20689571063256332
0.20632272963156725
0.20591529047445428
0.20555528960372782
0.37198299262577256
0.24338375567259857
0.30552794898908664
0.303579536148497
0.3235464057192353
0.3237258970093754
0.32915160070782257
0.3331721825787725
0.33397886800595034
0.356824131822611
0.34345057198856715
0.34071186010777277
0.3265454872015722
0.37188898533953807
0.4143519813287483
0.34763589298497855
0.3573678545316302
0.3722100620834815
0.344142987357628
0.3420436555593125
0.3570564804356554
0.39338867703182984
0.384027818137361
0.39590313794220566
0.4076412906278402
0.39346196034268643
0.41102054098352403
0.43417436786064506
0.4268100763832672
0.45018753533087785
0.4546498427069351
0.45368890173045584
0.49927137610039896
0.4928121700978763
0.5203046583828768
0.5501058086485376
0.5761266644080305
0.5693315178683473
0.5360306786841543
0.48129835665840925
0.505080394413118
0.5055989676405808
0.4794071249414228
0.460393645595629
0.4726004293849932
0.4773256783308211
0.4786944964923818
0.4830217848082699
0.4708439529532851
0.4646080780014018
0.47832065606273155
0.47837924351123284
0.47009647574520863
0.4671851523825035
0.4625980895164244
0.4558186054849755
0.48885002256564736
0.5001668647277084
0.4565681439637417
0.4504395788112425
0.29189014418948117
0.27940186885528134
0.27940186885528134
0.27940186885528134
0.2597282315242073
0.2597282315242073
0.2515304947575205
0.2515304947575205
0.22036873610879013
0.22036873610879013
0.22036873610879013
0.22036873610879013
0.20201678031720177
0.20201678031720177
0.20201678031720177
0.20201678031720177
0.19702369625874958
0.19702369625874958
0.19702369625874958
0.19702369625874958
0.19203061220029746
0.19203061220029746
0.19203061220029746
0.19203061220029746
0.19096660806335594
0.19096660806335594
0.19096660806335594
0.19096660806335594
0.19253824003196018
0.19253824003196018
0.19253824003196018
0.19253824003196018
0.20252440814886452
0.20252440814886452
0.20252440814886452
0.2038344801263759
0.401815752880823
0.2900294663456724
0.35645109317424134
0.35107080817671743
0.34165995148619716
0.3361092369142919
0.3378292375740676
0.3391350011067949
0.3251059267006073
0.32050340347634193
0.3373440679117308
0.34195556554305945
0.3355834841893845
0.3612551626092893
0.36986856464556594
0.37924958043109047
0.3918210685500848
0.38018092466460846
0.38774026572065867
0.40971295102418137
0.42131222940203006
0.45813210924470293
0.47626167775779293
0.495841573039311
0.48126267610202206
0.46003856549815586
0.472069660924079
0.5043762073168484
0.5005452760355067
0.5143377221633185
0.5200712586595213
0.5203938182713055
0.5472892741832324
0.5743707227743398
0.5655410111597602
0.5671698612626993
0.6062125572649459
0.6082767259611684
0.6087745985385172
0.6078260103651347
0.65465356321226
0.6242733996871689
0.6187226178679569
0.6113021912116601
0.6284753346059311
0.6229786117352611
0.5506000578199058
0.5297157357376744
0.5145327562720026
0.48779932030329
0.4755549050820593
0.46768618551511804
0.49730386604031424
0.49736055356076575
0.49671364926161027
0.4933351042723686
0.4870168009539117
0.4915507572112218
0.4832597890091088
0.47778629031014586
0.29076720272481127
0.27940186885528134
0.2930386472293566
0.2930386472293566
0.24333275799083365
0.24333275799083365
0.24333275799083365
0.24333275799083365
0.22036873610879013
0.22036873610879013
0.22036873610879013
0.22036873610879013
0.20201678031720177
0.20201678031720177
0.20201678031720177
0.20201678031720177
0.19702369625874958
0.19702369625874958
0.19702369625874958
0.19702369625874958
0.19203061220029746
0.19203061220029746
0.19203061220029746
0.19203061220029746
0.19096660806335594
0.19096660806335594
0.19096660806335594
0.19096660806335594
0.19253824003196018
0.19253824003196018
0.19253824003196018
0.19253824003196018
0.20252440814886452
0.20252440814886452
0.20252440814886452
0.20252440814886452
0.4505730243740974
0.4003909327442863
0.40133931297961795
0.3914224390284956
0.6042280650645485
0.7501486541556999
0.7632679576600663
0.5325218543992579
0.4086444536269383
0.4675867728647045
0.4790671027212231
0.48666057920430594
0.4669434327085941
0.42920454092437227
0.4234266244118249
0.42250824687872124
0.4453346125715171
0.44282773319568924
0.43532955749993313
0.4317297158798162
0.4455315896699905
0.4722212261764524
0.47946176082133074
0.48607921852843683
0.5174241458429363
0.5131038256299348
0.5044339313685653
0.5155793172315113
0.5166843651810057
0.5211139693037818
0.5449926713256938
0.5557179248351881
0.5861248251228397
0.6071944189960845
0.6157132484780233
0.6324109881718708
0.6701544147464922
0.6379940898017968
0.6294608788122957
0.6235764049793183
0.6271240598337753
0.6114045669345068
0.6009904956458287
0.5896824155238893
0.5911748466642204
0.5894225066571372
0.5805826659332296
0.5632437000544394
0.5461119576933248
0.5729325812133191
0.5646047421892354
0.5615564170835187
0.510146711449401
0.4981153711092235
0.4914392797725114
0.49303436346002527
0.47537381652542654
0.4665091071040066
0.4707903134388742
0.45471480314668866
0.27900337614530185
0.26576509048120606
0.26576509048120606
0.26576509048120606
0.2597282315242073
0.2597282315242073
0.2597282315242073
0.24333275799083365
0.22036873610879013
0.22036873610879013
0.22036873610879013
0.22036873610879013
0.20201678031720177
0.20201678031720177
0.20201678031720177
0.20201678031720177
0.19702369625874958
0.19702369625874958
0.19702369625874958
0.19702369625874958
0.19203061220029746
0.19203061220029746
0.19203061220029746
0.19203061220029746
0.19096660806335594
0.19096660806335594
0.19096660806335594
0.19096660806335594
0.19253824003196018
0.19253824003196018
0.19253824003196018
0.19253824003196018
0.20252440814886452
0.20252440814886452
0.21104144093423172
0.21104144093423172
0.46490403493817195
0.3974165952011695
0.4106557038035317
0.42038118759168885
0.3925464827301771
0.3757896898761827
0.3701164108498303
0.37778528776987386
0.37050382098280726
0.3373453623061364
0.33173614094744547
0.3316986246654504
0.2965302266599456
0.31270881757372543
0.3363622884074149
0.34149694392138774
0.3579395303380297
0.34903008576179134
0.35056003201724956
0.3543373492580388
0.3646597546202465
0.3836653982330602
0.3889664685162098
0.3955486991917825
0.4102331886271939
0.40150093878347387
0.41097270571257366
0.42120106781582106
0.43265524416354195
0.42801006936151714
0.42211830616956664
0.41853975599079796
0.43717504060639467
0.4469764545670905
0.45520885805917155
0.4685117129924468
0.5053547205725125
0.5100938441839077
0.5094960358373062
0.5067368867080959
0.541058911636621
0.5406931377409492
0.5395759092500901
0.5292545889080067
0.4845365831899291
0.465999234221998
0.4568168496077431
0.4835965791638093
0.44046644732797524
0.44543410774349673
0.4213911900194923
0.4081004868220655
0.4175685945643975
0.3980667795757322
0.3980765711157679
0.3961388680818729
0.3841726366623537
0.38056571169257536
0.35012932964200866
0.3528686941238295
0.29444973527910995
0.27940186885528134
0.27992674091683484
0.27173945196294214
0.25576201254463793
0.25449609724043176
0.2476653035392828
0.24807398803645453
0.226624510947384
0.22742383709823658
0.22823307864792458
0.22905536517299252
0.21124942225901078
0.2116067270629993
0.21192099524813335
0.21222511984730755
0.20764449955320594
0.20796952276690137
0.2082685794461512
0.20855932001759545
0.20381643429878119
0.20428448247580291
0.20476016852520984
0.20526999711901545
0.20484785483281648
0.205530780128181
0.20623243186957316
0.20695357628950645
0.20828022857139825
0.20827100226409379
0.2081938994346114
0.2082532879717422
0.21701686799387113
0.2155879362645168
0.22329473715026013
0.21743248358228456
0.3320986384165916
0.2509992951830618
0.2430101921636523
0.23807287473848407
0.25585607381722497
0.2668018886288972
0.27381320085423616
0.28093901253393094
0.2967382875353767
0.3070891880091304
0.3155984868536927
0.3071327295438314
0.2777670007780874
0.29482509262244816
0.29867495818874606
0.3032703435000698
0.3345078663271437
0.3243471243439216
0.33073488832548464
0.38000041021027386
0.3791613734429389
0.40545510793419
0.4164826756587419
0.44199691984850076
0.445404641273244
0.45882013055223847
0.4867082524053082
0.5068591629950335
0.5207103981939054
0.5096125626959794
0.5029707569430123
0.5049293308469203
0.5199312046066197
0.5037234318654681
0.47591557804915596
0.4641624529796812
0.46041487659662034
0.46370262905541154
0.45914124496907444
0.4534263078186866
0.47219499056781894
0.4650392019096519
0.4579281546171271
0.44702507702870625
0.43341617334783966
0.40990723262157197
0.38546481820904077
0.42513108941082084
0.3995911488788314
0.38502177015387967
0.37960308280773575
0.3689677774347458
0.3677099259128926
0.3617094444430887
0.3679871518679882
0.3608535070628836
0.3475109359812798
0.34754209105300465
0.34158549451338155
0.3287301346262331
0.26976591730283894
0.25212831210713077
0.2629893383414914
0.26508500109701966
0.25449306916767417
0.25301862215672055
0.2538507769788821
0.2540667535297596
0.23223478999615008
0.23301994120168185
0.23375255269614906
0.23450047081549968
0.2166702653756664
0.21702363921075124
0.21732290861881345
0.21745876301625439
0.2125757469610271
0.21249223628434877
0.21236956845953522
0.2122497162732588
0.2070059771365728
0.2066866252596633
0.20637359071614134
0.20608329630486188
0.2046790424513715
0.2050951569968165
0.20591106347981675
0.20679445664722887
0.20758338425515777
0.20688961006773662
0.20623681764962606
0.2042322348106957
0.21859473072809263
0.22065241179874137
0.21885719606859405
0.2203660498908421
0.36062755459865603
0.5013076243067136
0.655530439495758
0.6559140169391953
0.44546158051360707
0.33124475463435665
0.3700199058429266
0.3757832706719616
0.364450822360062
0.35819493123187357
0.35459141672277456
0.31176088820494635
0.2447135293603525
0.26913245245748335
0.2827864077508621
0.29882316650588653
0.3176502100274498
0.3079406089724048
0.314225662211059
0.32726816320737395
0.32847227369476817
0.37946319061301265
0.43959579362302326
0.4721809580979008
0.43789654690233576
0.4050832875268008
0.4251473904359969
0.45110315506134735
0.4673968801471714
0.4530224698778612
0.46056914731481724
0.46744567761052414
0.482468636916205
0.48920275156751447
0.4735628951059755
0.48765759979312423
0.5288914860505924
0.5299434553044536
0.5295147954854137
0.5237029349785959
0.5538832376920187
0.5535274002364443
0.546144620946429
0.5396145757615206
0.5260040694596918
0.5030307533899113
0.4781533793259478
0.5026932910152916
0.4423779629357969
0.4358360469739843
0.664987035316847
0.8222680751507107
0.8129884165627032
0.5739175560932496
0.44651215626543916
0.497420883581118
0.4706400684824406
0.47009777627771004
0.44332130321301094
0.44062372746831485
0.3159340416854064
0.2826783683416861
0.25212831210713077
0.2571791247509285
0.24605374150895812
0.2448296587413189
0.24543570342228987
0.2457198363696004
0.22375432382443797
0.22420035432599
0.22468085782631378
0.225143698449477
0.20699234918313736
0.20699895830860907
0.20695673414818835
0.2068993397829517
0.2025956592784559
0.20336438749896488
0.2041705455928454
0.20500518379988356
0.1993055011320546
0.19933957591496257
0.19946955403122507
0.19962550473187723
0.19708378553891032
0.19533541261656687
0.19361447540397944
0.1920063293806969
0.1928775300598439
0.1930700580097678
0.19309250295018596
0.193213403160656
0.20252440814886452
0.20287184024007754
0.20408912908599738
0.2045115648268096
0.4029760397247971
0.30872755782579087
0.38402900357102954
0.39443250648001454
0.4371053046872331
0.4521842043886604
0.44556083979136196
0.4429257241326855
0.4527378004429879
0.46265965457403274
0.47190475677063837
0.48182283674664217
0.4644743290031917
0.48449875492027367
0.48798814500560006
0.4899484754289669
0.4766669541589585
0.45797771335974924
0.46386287120449293
0.4721616726686588
0.49970906990673136
0.5689322265758702
0.571401179329337
0.5975070976878434
0.5870370207669188
0.5664254450882573
0.5757936930004628
0.5819220967074077
0.576131085291639
0.587139014928312
0.6431031500008243
0.6422560566143548
0.6779214512513191
0.7057698419194506
0.6838125503025506
0.6874974022573191
0.689345230092092
0.6737817791712277
0.6744325066649869
0.6639494678052023
0.6801007294737558
0.682736193805799
0.7221574317535997
0.7037877885211092
0.6877891280698847
0.650940195440732
0.6100317899045787
0.5856990081264147
0.5616132208606694
0.5427247562592578
0.5358379754217496
0.5337000114258503
0.49518540104307085
0.4848532156205371
0.47807962216916927
0.48064633851634725
0.5107079566182914
0.4940131430617635
0.48686415803115834
0.45328650258103836
0.26368661206873595
0.25212831210713077
0.25212831210713077
0.25212831210713077
0.24333275799083365
0.24333275799083365
0.24333275799083365
0.24333275799083365
0.22036873610879013
0.22036873610879013
0.22036873610879013
0.22036873610879013
0.20201678031720177
0.20201678031720177
0.20201678031720177
0.20201678031720177
0.19702369625874958
0.19702369625874958
0.19702369625874958
0.19702369625874958
0.19203061220029746
0.19203061220029746
0.19203061220029746
0.19203061220029746
0.19096660806335594
0.19096660806335594
0.19096660806335594
0.19096660806335594
0.19584119648197507
0.19584119648197507
0.19584119648197507
0.19584119648197507
0.21104144093423172
0.21104144093423172
0.21104144093423172
0.21104144093423172
0.41687591010546354
0.27743809316073553
0.4027874328579289
0.40379329204482184
0.43637238407990375
0.4487448458230063
0.45479215385634064
0.4462995487687315
0.6957207778421926
0.8756238715684832
0.8781146090275211
0.6578334851208283
0.5548257516757368
0.654645714508176
0.6715879879778662
0.6500729499800574
0.5616837022243265
0.5333355254230641
0.5319684718674366
0.5374794293538264
0.5363695358390153
0.561175926322241
0.5780878984369701
0.5839846395861867
0.5721276816158601
0.5638760983640234
0.5850686842065661
0.6032592848571953
0.6372633725651506
0.6388149036344268
0.6411920613305615
0.6447497020257907
0.6737129488212393
0.6984614605344723
0.6998346504258104
0.7286882104834188
0.765608149866058
0.7667496661262891
0.7624585999054103
0.7722800593623402
0.7791101214356331
0.7377817353473355
0.7262607662095739
0.7148861561179906
0.6874904575261224
0.587324875370179
0.5350159102080388
0.5025905545425697
0.5059586973137107
0.4969434085791904
0.4863553347647218
0.4766435307472399
0.5031420353983195
0.5094891961792866
0.54228708867474
0.4989062420969786
0.44936997788623734
0.4358301455532718
0.4391458062282041
0.4338533626615812
0.278484971111714
0.26576509048120606
0.2527303494107302
0.25254814356486865
0.2515304947575205
0.2515304947575205
0.2515304947575205
0.2515304947575205
0.22633497204449018
0.22633497204449018
0.22633497204449018
0.22633497204449018
0.20280489908888863
0.20373814492046474
0.2039436657628011
0.20454884217356237
0.2000953105840617
0.2004324769402192
0.2005539698919948
0.20087822028789157
0.1963944606056004
0.19690103251896662
0.19743693484760474
0.19800191244920368
0.1971989252199763
0.19738772110772745
0.19756393925274907
0.19773756199871437
0.19922117775058606
0.1995874725594613
0.20008625666744653
0.20059792868838153
0.2096010567285924
0.20964682838940296
0.20993045707445682
0.21027044521616392
0.355040625921708
0.2845123225818093
0.2899207131901214
0.28414675918797144
0.30709198472827576
0.3212241638352846
0.3315228506225801
0.3407062940373584
0.5782938100132121
0.7423562134192753
0.5226251248892305
0.41289167389768816
0.45666090461074615
0.4886892243892321
0.497635076203923
0.46855591284948983
0.40632076657385147
0.37751254964254266
0.37739598354776077
0.38359595215400866
0.37538426059779384
0.4296161682830566
0.4537989683145598
0.45631470769019133
0.5134682140383873
0.4791020000446974
0.48688244222732086
0.4678731263962386
0.47200446811815894
0.47651458150837134
0.484678449739452
0.4959414917638354
0.5072613835912647
0.5120645476929467
0.5167024394997679
0.5211785323119836
0.5920593743050406
0.604147647397423
0.6020765701675308
0.5657682756875849
0.579963370757876
0.5730450752464397
0.5618866700939346
0.5950206609704698
0.5447786750913336
0.5210347890365339
0.5053217287686804
0.5628891060347267
0.5409203394338998
0.5129246064005385
0.4952885516075712
0.48128484880279343
0.46165021386150257
0.44634586015871847
0.43075109023463437
0.42303093972509903
0.4239332511631394
0.4072510482475575
0.40274782394586345
0.401787631319591
0.29380412610457446
0.26576509048120606
0.26576509048120606
0.268966056800845
0.25298033085993427
0.25214408896299045
0.25287989791350146
0.2534789735827954
0.22959476406913087
0.23046557972298864
0.2313487523214812
0.23236437196319706
0.20862839529268684
0.2089152476904257
0.2090189855212784
0.20932009948974678
0.20524049587190382
0.20625183966792826
0.2073671313096556
0.20859357388600197
0.20452522834921485
0.20441788262866376
0.2049633066394216
0.20434924673434726
0.20551698409335784
0.20578366932267983
0.20563543976437565
0.2045114342187228
0.20612549838974728
0.20643765542343806
0.20680852162548022
0.20702336885514935
0.21699944853606043
0.21833741467412382
0.22824932131788653
0.22860890063317646
0.35073661165037573
0.271411479667886
0.2682614008448911
0.26687898987194925
0.2713199873093524
0.29209245963637404
0.288946133986441
0.2938156021982007
0.297992181948903
0.3041960045093683
0.2900582756995601
0.278356698490092
0.2681763998147752
0.2893291894237441
0.2896399645179105
0.3120041886711051
0.32307602001026736
0.30703669428337277
0.3116575012684065
0.31801520419995843
0.30807195737695625
0.3279942103430089
0.33286243999815734
0.342984258686936
0.35743021700900307
0.35706544126346035
0.3779848595670962
0.36824778958229154
0.369003879327258
0.3751735495208087
0.41442750113627824
0.38010890176203244
0.3976353016665657
0.405654382802583
0.3844599096223002
0.37542517903664047
0.4426789678668799
0.45944668903357416
0.47195565798821987
0.48235847949365324
0.5165339063525342
0.5271287568680054
0.52093858270367
0.5174050743903508
0.5227436606122894
0.492461249585143
0.4367219070744342
0.42250332694756343
0.3928142838945819
0.3719395290848419
0.3867328787880726
0.37599199400954153
0.36840950924357474
0.365674754521906
0.36004073587106444
0.35572207282567486
0.3248747724102823
0.3295084791512862
0.35993873043387803
0.3512016726883918
0.28079608556391483
0.26576509048120606
0.2572946247910391
0.27477397023672423
0.2553295836484017
0.256189421339967
0.24644252718847953
0.2484579395075187
0.22587439940482906
0.22605343300934355
0.22620529066776154
0.2263598191873804
0.20839784643943812
0.2089841488738776
0.20954291572165823
0.20982284363858836
0.20558079089648926
0.2060499727384488
0.20644741141199044
0.20683305310467928
0.20270216891818643
0.20344187408521824
0.20446685250225355
0.2054844109990674
0.20476330250036276
0.20373139683455882
0.206371504800678
0.2068476954188087
0.20827369680553112
0.20845875256169524
0.20976574580935098
0.2100931767300822
0.21587999046366235
0.21377533740435015
0.22021191692327802
0.22065779971137092
0.4100104413150033
0.35407045460499564
0.30419154717103997
0.3213806002750778
0.3198568826140414
0.31625156317313474
0.29023801978461367
0.32309351976079126
0.28667681746408585
0.2685153975659672
0.26622194644493513
0.26488867779328745
0.24773762761727008
0.26730554257510974
0.25376283875825467
0.26026860761918624
0.2915648014791704
0.2821014294202988
0.2878545857832552
0.293787486048385
0.2902100337205899
0.31433770534576305
0.31452957251302477
0.32134763489092466
0.31907127536923713
0.33391972885846327
0.31925772591141605
0.3239033421321745
0.33219861579801596
0.35828451244333964
0.3696914757332261
0.3821610280262142
0.4573652736435414
0.4903439415999703
0.503171749161044
0.5101818070257077
0.5525168401789837
0.5533229430567504
0.5429429208874746
0.5400342138630762
0.5394146622760089
0.5270410790588695
0.5273106050588127
0.5177408687828353
0.49134211068197586
0.4658839657529171
0.4328672026853265
0.40419629557517994
0.3834541859495557
0.37459150243357764
0.3712415058278606
0.37189683356180764
0.366234406443041
0.37568181066089396
0.3781843506285303
0.37330229719158187
0.37253599085035266
0.36408688550220547
0.3616917774599587
0.361033683416772
0.28225228106359374
0.26576509048120606
0.2722845068160739
0.27660064683443775
0.2596516658368016
0.2599304388423883
0.26028562453454024
0.25928819624955457
0.23543461741214958
0.23659471527818432
0.24067256726423245
0.24173530691888598
0.21523362966519852
0.21524864321277185
0.21531471075420916
0.2154910502218139
0.20981827469321893
0.21017161776163742
0.20823438025555377
0.20846925590003812
0.20430647317162753
0.20521911818261707
0.20616333854549826
0.20713011641212614
0.20705472483504236
0.20806372046218105
0.209088461286313
0.21013100767862067
0.21168237300194553
0.2118772051069397
0.21194466589533378
0.21222730169270387
0.22064011469551773
0.21922486342894482
0.21955487241982058
0.2179954632284316
0.3488653889604939
0.26330015184125594
0.2562917774110088
0.22951184455721105
0.24175965940465582
0.26157528265850616
0.30074373162796975
0.28245687942487246
0.3026010587793017
0.30844837998995095
0.32864675616709405
0.34400626027255427
0.34080721243600176
0.36101359830075186
0.3972278835916825
0.39236874619172046
0.3749288650157482
0.3648475182522536
0.36334896453651294
0.3638692313722239
0.38665164240471817
0.4285063546160878
0.45619552222898463
0.4851604763043697
0.4839960132288858
0.4707328296837595
0.48294775233391096
0.4979723903566947
0.521145042706533
0.5305123648754244
0.5700306091906221
0.6034060247175131
0.672393301993286
0.7069087544586506
0.7245254943907395
0.7265376287836939
0.7418460163201464
0.7319040950134473
0.7485944496580544
0.7384516514771483
0.7657279855845954
0.7468097783262563
0.724358114959284
0.7083606705193002
0.6862549582988292
0.6491162874973833
0.6302901235171587
0.5783988662710294
0.5261930807482009
0.5027078872009657
0.4836328872925828
0.473246056819648
0.46954535185862006
0.46612675059077
0.4661675969139162
0.4758579133597067
0.5042465225864224
0.48759488578213467
0.48049029250572856
0.4782632527610398
0.3042295048438297
0.2930386472293566
0.2930386472293566
0.2930386472293566
0.2597282315242073
0.2597282315242073
0.2515304947575205
0.2515304947575205
0.22633497204449018
0.22633497204449018
0.22633497204449018
0.22036873610879013
0.20201678031720177
0.20201678031720177
0.20201678031720177
0.20201678031720177
0.19702369625874958
0.19702369625874958
0.19702369625874958
0.19702369625874958
0.19203061220029746
0.19203061220029746
0.19203061220029746
0.19203061220029746
0.19328804798420746
0.1934137305511085
0.19414110139380872
0.19477439854981235
0.197266391117917
0.19782385475115624
0.19830249543229167
0.1987746974411708
0.20767055317422947
0.20746620125036025
0.20776127134845662
0.20812342994004668
0.35445682942719847
0.22955735382904432
0.2867951581322475
0.27798596292269373
0.292711415092658
0.30344854021130424
0.32682009945633383
0.3396398485626111
0.33523281389149145
0.30680660625540196
0.32028532883677197
0.33362045922320965
0.33023015804973543
0.356117772961896
0.3488134432743478
0.3462682991352482
0.3459848884210683
0.32682070463516844
0.3280729279348683
0.33120512859944595
0.3299610611131307
0.35024032190929283
0.35297636206636973
0.3563027280743846
0.3621023647945589
0.35693941806820056
0.3516157120047007
0.35071527377086475
0.35524655453182574
0.3600023795955065
0.3658248246447578
0.3745907743169369
0.427768313294793
0.44376162282387893
0.43751022813186546
0.437312293903461
0.4682375073813612
0.47337840568468675
0.47352663554883206
0.47267359586674695
0.5014963598786316
0.5011302126320792
0.4626088939107409
0.45091067203453444
0.45176785861174373
0.43788127468457333
0.46264157462793853
0.45141473649310143
0.428203216948019
0.4222156735275161
0.4152241403036021
0.39545004203376216
0.3777257207047847
0.37229994943417144
0.36901211977938203
0.36643890227401443
0.3317142706418866
0.3225549313156195
0.31757303521457086
0.35969031253856193
0.28197442267646844
0.26576509048120606
0.27079225539124513
0.2770111209355876
0.2610155433372405
0.26143577982180244
0.26177802335734124
0.2621596661579994
0.2384739178615479
0.23956908412768518
0.2347513537279313
0.23566528518059782
0.21738128061148376
0.21714994479392194
0.21638013433646025
0.21669535495461653
0.21214109582317583
0.21250129509990387
0.21272505923539053
0.21310632175144756
0.20847772485848343
0.2087808152542194
0.20907007831206098
0.2093538922931793
0.20885754284939684
0.20950242908092623
0.2101841622840824
0.21089023099070628
0.21263080270198925
0.21293075033083533
0.21353104763603234
0.21411228062313611
0.22314201202342115
0.22323928946067764
0.22358480568012487
0.22399733859067075
0.3403700649329924
0.2729969771507296
0.2646611809959493
0.23597720552295812
0.2439186717915532
0.2504285323408773
0.253615436976839
0.2556228034331169
0.24162791823054108
0.24200092006939414
0.24821020275220326
0.2640802670898494
0.2363940568957068
0.2533899908525933
0.2645195428827449
0.26898068593843927
0.28032508975615017
0.30550350576627383
0.27885133898588127
0.2783414512658059
0.27338835390704075
0.28981656693314917
0.2975560989663454
0.3098189109801756
0.33870947200768
0.37503234309685557
0.3470594754273222
0.36162317835055907
0.361377883131645
0.38108422790968055
0.35603617922986863
0.36234301358831944
0.3866968975697695
0.3999519002892133
0.4075510191336904
0.42149625443156885
0.47094151627608477
0.48564536931552854
0.47513511849556367
0.472797126109486
0.4905076720797258
0.4839594388489568
0.4741919851116899
0.4623524440246937
0.44634530355096663
0.3789814016555226
0.35484501851321437
0.3388584080562698
0.3536434737771747
0.3451390623911864
0.3391935349766378
0.3733053931131511
0.3698787951000489
0.3709946590898031
0.3684789571617322
0.3745672412532501
0.3372035046880936
0.3327629083382561
0.33119218858514266
0.33021194350103983
0.26898991985367865
0.25212831210713077
0.4790851392036459
0.6287379499980202
0.40429928633464685
0.2755082352090737
0.30244725514844595
0.2827546227193354
0.23235131541024748
0.22754454347520967
0.2277481274955956
0.2267262330701114
0.2084962021306479
0.20787977571719513
0.20707349378759762
0.20589069045860842
0.20082616934206707
0.20089224569554398
0.20096320712247115
0.20097684632477253
0.19607602973462152
0.196082921481983
0.1960249129458008
0.1959122904036634
0.194899339757898
0.1947644028551999
0.1948141019048131
0.1948070287491376
0.1960349548531597
0.1960800548615994
0.19622474922465882
0.1964071634491638
0.20501101780514813
0.2046833572861362
0.20459697475808988
0.20443948230914533
0.3611598899063254
0.31223702049669655
0.33955400441584754
0.33907897000747095
0.3467276595521252
0.37750708502945207
0.38291207246009223
0.38904068824839905
0.6171173155870416
0.773053486135155
0.7813942030864751
0.7885477971329228
0.7760201485423996
0.8124698855557486
0.8231546893482447
0.8327171405275817
0.8146480507136514
0.5630879553049026
0.4500319932185328
0.5245226320080406
0.5485363255042894
0.608983762352898
0.5920012680132728
0.545787572593421
0.5204164169476351
0.5063035018094629
0.5373636189081825
0.5311888305984205
0.536195622351318
0.5493790767634827
0.541203690744242
0.5612775847044413
0.6060857942152086
0.6392641074791017
0.6681503277412143
0.6764027424194109
0.7252832747299496
0.7108457245999771
0.699826795917148
0.6977864161321953
0.7558583038206432
0.7488723419338073
0.728750333374013
0.6978159294237662
0.6743151559978509
0.6405565855510084
0.5995971938164698
0.5513507753201836
0.5174628189334333
0.5001435997658896
0.4910264665955674
0.48002486200870903
0.4730201545166948
0.4728740319810968
0.4743549890078671
0.4730998701079736
0.4629268260561106
0.45851410247846414
0.4566545813576009
0.4489504801298964
0.2906715876893444
0.27940186885528134
0.27940186885528134
0.2930386472293566
0.2597282315242073
0.2597282315242073
0.2597282315242073
0.2515304947575205
0.22633497204449018
0.22036873610879013
0.22036873610879013
0.22036873610879013
0.20201678031720177
0.20201678031720177
0.20201678031720177
0.20201678031720177
0.19702369625874958
0.19702369625874958
0.19702369625874958
0.19702369625874958
0.19267585699361844
0.19456851540169412
0.1947445967214155
0.19568219261705477
0.1951487494019617
0.19544550083240664
0.19566852763759532
0.19585289940243367
0.19785172307510027
0.19876850344385166
0.19981075248488883
0.20008465107870219
0.2181356412364732
0.2182815263591638
0.21660725933151287
0.21205605344175793
0.31813327860150425
0.2155139792411227
0.2606903193660439
0.4849870001631971
0.6746706781957124
0.46357750993694696
0.3796645620856904
0.44440899589240224
0.43250829995823964
0.36862383148867317
0.3656601053220029
0.3724344772825836
0.3509288676039855
0.3685799302169188
0.3713076814311259
0.37431538493906147
0.40764781641669234
0.39879936401237565
0.3915874733308967
0.3882061954736763
0.3838583224267978
0.40622004156345054
0.41293580358107845
0.4203967928162677
0.4316419885901618
0.4214573144373163
0.4310848609801416
0.44248947918473497
0.44740589784347484
0.4565574856925827
0.46312471960250506
0.47191970732075306
0.48980291937775683
0.4995106094516273
0.5033521828680994
0.4734411878973166
0.4960256865151243
0.47456161746328174
0.45828405159844254
0.4324728091857044
0.4604553587065009
0.4599011796102337
0.4584022181041096
0.4481789841153005
0.44423812300392057
0.42160604076329006
0.40688308921865207
0.3950304869253038
0.3831032637594788
0.3791592566221799
0.37874590988744716
0.3794645317478617
0.3771688140506284
0.3821662920523989
0.3874728537980566
0.3894806840802375
0.36674471826346094
0.3546319884793065
0.34921883377215124
0.347118633646189
0.2963071100691835
0.27940186885528134
0.27274261042487546
0.27875156435854526
0.2605774137734392
0.2620245098005782
0.2637489379175849
0.26497183344956193
0.24151890357414127
0.24268377473705036
0.24356620389187172
0.24466855684926583
0.22375476578896
0.22420388023442536
0.22394429024404372
0.22514466043863646
0.21950279757904417
0.21971768820171225
0.21984146794344803
0.2199455722873713
0.21304232685885546
0.21341330324624475
0.21377140784586757
0.21412361836667312
0.21306826803791887
0.21312751131155605
0.21319937238647652
0.21365020143543922
0.21544752661719213
0.2160697615123945
0.2167796540753358
0.21751126720476902
0.22632711059898875
0.22619261374490324
0.226361078331286
0.22666780854057228
0.29206793950634163
0.2154159982572564
0.2150547821149821
0.21668750889029748
0.21638100591710413
0.21473632632954445
0.2397113924647188
0.2873364678826157
0.2812550961341876
0.26241730437347605
0.2693009552607584
0.27260502875272336
0.2364335120571551
0.2551015838460219
0.4839639215092788
0.639711916135919
0.44639333107905615
0.31658584001477985
0.37910860763596405
0.37203413694563436
0.35706103407003287
0.369695126080719
0.30778045205504156
0.3134266726880199
0.32670481940166646
0.31117827852914315
0.31246038128867254
0.35574924971041755
0.2990488315478219
0.28073558218812955
0.27025814392454367
0.2608422196307344
0.27575264509708225
0.27825157187564137
0.2818859135603461
0.27659473078792307
0.3092901083005291
0.3184699241909138
0.3721366684553855
0.3773039046822232
0.41640427839935923
0.4192110418938102
0.3966407813525765
0.3764028224813831
0.36356886377389547
0.3326082327789882
0.31075308261775486
0.29444415709748123
0.28664482599884705
0.28721036954861323
0.2870003839782363
0.2623645958504537
0.26597936001996914
0.26733081710447787
0.2685867623202383
0.29032953890279717
0.28977661418099143
0.28903662466367996
0.2862455289207785
0.3073877515008313
0.2718403562277798
0.2591777748658844
0.27702718936169807
0.2775874605115625
0.2678168990682347
0.26714756003411183
0.2668294666489315
0.26668953756535096
0.24398118424424722
0.24368158221624336
0.2434186070700409
0.2432064298933291
0.22536128283001952
0.22595892441126314
0.22496330615044277
0.2268821473717629
0.2227186515973135
0.2231076668306133
0.22341071021825767
0.2237160681071875
0.21907049843699872
0.2194218966511553
0.21964176406539163
0.220119594156904
0.21978577847628603
0.2205811644673838
0.2214012117420891
0.22223792073819149
0.22383752892208947
0.22413171878220411
0.22447989195703083
0.22483844075419052
0.24106472788800593
0.24002181083749788
0.23927569990665884
0.23730255714819842
0.33098266127883963
0.2320451551716777
0.22879263903074132
0.23342627336752944
0.25100879550650596
0.2505139327031458
0.2500347275313699
0.23886421005934885
0.23712038635482494
0.23658137636950424
0.23550017422455496
0.23250717594086756
0.2445860217850153
0.262214265549368
0.2611557209653837
0.2606061047674818
0.2468468130328328
0.2395565613989003
0.22664475064893314
0.22791350843609182
0.23310873438348734
0.2520209393283628
0.251221191193991
0.250358876904539
0.2935772472056541
0.2917056640838565
0.30338059316866306
0.31432287753707217
0.3238262209895357
0.31675173905254694
0.3311172020851901
0.340782428004716
0.3862767396177148
0.39638140244261993
0.39689170816591285
0.39189632796476914
0.3866562136412374
0.3803513238282287
0.3720733294607283
0.3675927079596986
0.3794828638052671
0.4154688662355861
0.40951664218767836
0.4001214042870491
0.3989032946040178
0.378546627832758
0.35973350202489984
0.3378843375018185
0.31212960363297426
0.31323358218752057
0.3127442090347751
0.3118717096610361
0.3080542674434198
0.3104746247148325
0.3146459778665488
0.3183776651345968
0.3088829451211748
0.31101306544821683
0.30517330119270225
0.3057858336316543
0.2988195376801568
0.28262018907066583
0.29872099803994656
0.298066015284671
0.2779626148381113
0.2772292085261573
0.2844507178496759
0.2763512266205678
0.24454996442612187
0.24558185054146953
0.24649996716070427
0.247404360257009
0.22750529133459416
0.2283583092632541
0.22901174988118422
0.22988318217718184
0.22159774574370394
0.2214100784186525
0.22116660244002598
0.22093710660149127
0.2166472427061882
0.2175388504856272
0.21849658807321207
0.21949759307798955
0.2189310529400568
0.2194543125282002
0.21997031857483565
0.21923705728057624
0.22374762485620225
0.22515292905565548
0.22877849905606107
0.2281916521753926
0.2405039284870861
0.23250590071011817
0.23921723028677844
0.24115507512868595
0.29505380140894605
0.22228301929441074
0.2211110794551716
0.22169823152854412
0.22133450084642306
0.21940314775707717
0.21814688972207746
0.21708068624556506
0.2270603068043827
0.22576928561439386
0.2306671337546155
0.22673595435919333
0.2315793702384983
0.2512271368800984
0.25029632145621455
0.2500618811114935
0.24771795233965935
0.22728733546979768
0.22632874453252272
0.23112708710031443
0.23068854638474906
0.29327433663134184
0.32028237388183267
0.3408392123270359
0.3445303621922507
0.3453180119768536
0.36752020362017956
0.37709567611513917
0.3922741370216698
0.41962639093827536
0.415059958881113
0.4235699890736628
0.4532779821709987
0.46819535099907006
0.47796093505246323
0.48455301930285305
0.4848614892071634
0.4515339957523496
0.41436235060283677
0.4104952937151742
0.4208293269758549
0.41573942395829316
0.4048144373900814
0.39491917392761405
0.37364279822710994
0.349214376034482
0.32586993363837957
0.30789590549250134
0.28623942737492963
0.28766857516236427
0.31359416874119334
0.32697018426124497
0.3732831879480565
0.3948113678988584
0.4330340793498624
0.43990594338805206
0.4324431998686965
0.43205818841668797
0.3512073758376143
0.3302284032788163
0.28348061949331027
0.26576509048120606
0.2883245242252068
0.29327459572310943
0.2652785597222317
0.26565517721709575
0.26582298110367686
0.26580935802925293
0.23605437778212673
0.23749015461016618
0.2386694274473881
0.23980863215648454
0.22297081111845804
0.22449491810210342
0.2260729484954359
0.2277136665934909
0.22249249423955517
0.221178340546911
0.22050352650467372
0.2200918997523108
0.21526940945359482
0.21552481726598316
0.2157996136271564
0.21607928641150656
0.21524397632275388
0.21546456832105412
0.21553378084887964
0.21446680056833087
0.2185190005820274
0.21958207490155443
0.21830163710149883
0.21841018127667713
0.2415795732624242
0.2403667762090236
0.2404738309365201
0.24219752860312965
0.3691040330573316
0.27427946569283446
0.25679970298875754
0.25857434060994666
0.47896659851368484
0.6802646235752983
0.7324524514340415
0.44941527428103983
0.29418563761379485
0.3303163641907897
0.327606709260093
0.32775188844168096
0.269043845744933
0.2628973919025238
0.2612119738255162
0.2603857458701407
0.2361022160684983
0.2167505912085266
0.21635189781157227
0.21442823529720476
0.21904887960715141
0.237069036405392
0.23512372090555547
0.23430265790568974
0.24197281670594212
0.22869688861550438
0.22774934637487718
0.22679644596136944
0.2313424409599083
0.22994568658365286
0.23526036389502666
0.2361646302590001
0.24263417080617483
0.23008425296939766
0.2179824235346567
0.21479992133616482
0.22905370246429294
0.23326077910854184
0.23423145497665482
0.2645377299304878
0.29272799504235664
0.2911962976028487
0.28754630753026
0.28024150285014077
0.31785714443457047
0.3138574893905525
0.31483747282166064
0.31560134940775686
0.3159524167519003
0.31724363727972205
0.3169174507810112
0.3167211320105228
0.31571885202728633
0.31635926202435344
0.3168280986825184
0.31716716016704116
0.3140038318368021
0.3139194539791688
0.3145479074909918
0.3147913639146494
0.3106704050324456
0.3136929037174748
0.31265707552652056
0.2981774847359324
0.2835360496997573
0.2837607292019533
0.2757053411195515
0.2756984291400106
0.2528023178403594
0.2522025663119924
0.2516372719093708
0.25109035997293383
0.23215687886448386
0.23152631564897402
0.23096640532432028
0.23050567593689264
0.22587508731605171
0.22632383045386706
0.2267969969836807
0.22728027865003167
0.22256804540275402
0.22301350607534323
0.223146909675006
0.22377860929808127
0.2244038547420794
0.22279815472962697
0.22173628358199085
0.222947828136404
0.22614722905942333
0.22436825085908432
0.22521523401390886
0.22579895229383629
0.23466096552773413
0.2345872108032416
0.23472277335013245
0.23490245893039047
0.29419102961091714
0.2222679739996479
0.22267857745609937
0.22376353992304387
0.23669242055114592
0.24117642515021967
0.2301016713288232
0.23072571183708904
0.23046176723742395
0.23036627946692942
0.22993306592085683
0.22929197645672997
0.2320741644700221
0.26287861601345675
0.2617255628159341
0.26064764185593287
0.270992017117537
0.250132818576947
0.24873773228051824
0.24781258708313872
0.2527688124153376
0.2700016748853325
0.2687903178077606
0.2678181506502051
0.2662507938595351
0.24676948913092234
0.24690616156614245
0.2472696092813437
0.24501420847844135
0.24446650943724585
0.25591131978709664
0.24028695751715473
0.2587760803725299
0.24888372192012273
0.2411602884891133
0.24927872627633857
0.3201024294439258
0.31210093749168843
0.3069569155824563
0.2981323987875002
0.3290660913980975
0.3313623172273829
0.29408958702166654
0.2886498559033963
0.28609785395821713
0.2883421132922995
0.2901828604769842
0.2910941379035418
0.31814422099363066
0.31777810034541243
0.31749433616429107
0.3173772320931635
0.3109179792948262
0.31009699573391564
0.3125463856451677
0.3140827127827905
0.31309359842278817
0.3127896667602551
0.3145797914117649
0.31566053881162115
0.2987695680385161
0.29842700734380906
0.29919483967192734
0.2969588549529218
0.28080737178596654
0.2794927246210661
0.27050688288350905
0.2699114027792083
0.24745844735027178
0.24767453213615828
0.24786231828691743
0.24752683419613386
0.23036334115859514
0.231158216463237
0.2320319783866508
0.23295696881815692
0.2273826523850776
0.22698331319358309
0.22641652257694558
0.2258820277776308
0.22064375985635293
0.22041471722720174
0.21977310223600344
0.21976390836163848
0.21895367366665272
0.2193969861281138
0.22002187132745948
0.2208174516307326
0.22199340614485616
0.22181887202632522
0.22172049619514522
0.22152002319142036
0.22984999402107795
0.2292251699331443
0.22883219522132126
0.227180025581021
0.3378579799535265
0.24398600902047526
0.23146732488227145
0.23187944743968766
0.23326918847559863
0.23354340049562158
0.23369792116641175
0.23361177867678046
0.23225095446783067
0.23159808175468963
0.2470404961918161
0.24993534009416146
0.2531953898971139
0.26067637028918766
0.2602579865805168
0.25925714964294855
0.25613981328240654
0.24835194067305044
0.25126304211000067
0.25128676313967874
0.24463711890936768
0.2636147892476494
0.26247277061603685
0.2616392791589041
0.2573377129897866
0.2506890609395053
0.2522178606381571
0.25326117052476826
0.25124061800882563
0.2507179015822868
0.2491123255283246
0.2489119449277199
0.25033689065293613
0.24970701080946095
0.24999057104561728
0.24955612485243434
0.27270967538794283
0.28744498927302037
0.32863406130878553
0.34162289012654756
0.3786310296903222
0.3751094418522966
0.3670838681143294
0.3580287803177877
0.3137850100469391
0.3439169845831386
0.3334327230979068
0.32402127841920836
0.3118550209556793
0.3121124177613086
0.3120160448090947
0.31177527653601417
0.31288189061104793
0.3090293818960321
0.3099788886095068
0.3106707573847038
0.3081727741594332
0.307997315678885
0.3073640735397902
0.30736484353218535
0.30080889634985547
0.28872890861618095
0.3047791721259541
0.2916827947904521
0.2755883325690707
0.27556936723785486
0.27482150024374313
0.275043393451797
0.2493423201506734
0.2490669844947318
0.243170368910862
0.24327897851236005
0.22540238657091186
0.22589918318697033
0.2264843982878159
0.2271877872138075
0.2226483914679299
0.22302567608550194
0.22345140379840106
0.22378120785701813
0.2198046507911944
0.2208995553455282
0.2220388153840429
0.2232105419489326
0.22455136333839168
0.22504851523965902
0.2255952103928805
0.22622551125389753
0.2290452559908362
0.22912168685783635
0.22929152525445878
0.22957527661497376
0.2435205473509281
0.2435248872545227
0.2438355941147093
0.24422048839550958
0.3088550199984981
0.2359953554733747
0.22230226271368914
0.2373319019590982
0.23904727099778694
0.23932522428378353
0.23937459983394008
0.2383323662301884
0.23643984879092242
0.23598740260337542
0.23530184974604137
0.23453051298088512
0.235362998388547
0.25330739954073833
0.25222128955330103
0.25074453797790747
0.2636040824900969
0.24413137155244252
0.24390546324621126
0.23071520375406226
0.2361858708400325
0.2545846799942897
0.23881493733717632
0.23771267894276107
0.47500863156867956
0.6220779614819566
0.40739853487781447
0.2970479288527565
0.3640358855038118
0.37901980323591816
0.34786528662662086
0.29101367908152925
0.32802771027221855
0.34489896458384633
0.3586704774736242
0.3700653622716419
0.4103404204763255
0.41720865604906365
0.42278464537105154
0.4189186054027398
0.4466043989169121
0.45018823691156706
0.43640498838117336
0.42558749334689283
0.41331958289051757
0.3950701220545044
0.38915171094419077
0.3909461635233064
0.3591282938599367
0.343078966156744
0.3308154614343706
0.28780693815189323
0.2862592923227989
0.28690445747809357
0.2877158341568479
0.28838013021100345
0.288719897343092
0.28858094255644184
0.2890331339952498
0.2892903631375557
0.2990903661158186
0.29400182174497475
0.3015721762380543
0.2992298588453594
0.27781505193239164
0.26766546263778745
0.2698760120146502
0.27037805501404116
0.24547169842029365
0.24538670111595054
0.24524718113385793
0.24520016267462183
0.22130605680150747
0.22161052842672915
0.22188308250120733
0.22214935777548675
0.21823285102526038
0.219422247022213
0.22054233232512138
0.2205134033138398
0.21511184281754875
0.21712076023285104
0.21492893241696373
0.2161129012614553
0.21517523314004067
0.21562720886938383
0.21598208841187766
0.21642252522163385
0.21791166663540731
0.21817212708222902
0.21850606088983776
0.21737115194412246
0.2401809766578713
0.2385740324665637
0.22682551541166812
0.22868815999457404
0.3153778390311932
0.21268113957018797
0.21467043479586803
0.21773464633556533
0.24302061063024105
0.24229391506303558
0.2425857283365829
0.24252717782227215
0.26120033024836686
0.27385580238251
0.2821200172249397
0.2888857823899195
0.2668107860986025
0.2889310417688161
0.3027156226975626
0.3022379957017231
0.3116635547361839
0.29547186628184813
0.30001218757748077
0.30682361977110684
0.2754079727345833
0.2993687626394185
0.3043923928538323
0.3210041559781844
0.32935296561138977
0.3272050498405848
0.35488098806381563
0.3717402213051648
0.3797412494151884
0.38624032764632266
0.39388221439552307
0.4280635845187487
0.46466533716253633
0.4803284929777675
0.47593169052969037
0.4881700580060446
0.5040024725060956
0.4986348402375537
0.5028833580518495
0.499525386752817
0.5060684771869782
0.507145135551147
0.5104542800728059
0.48578067705976097
0.5209739639580996
0.5022178255047584
0.47971883718775343
0.44469572495346554
0.38304155549686447
0.3494505616647286
0.3446523864718513
0.3156886729238363
0.28576446865026617
0.2852793547881338
0.2871017414242387
0.3012940788997192
0.29597340217354745
0.2994331184922994
0.30279811976826854
0.3174814010052123
0.2808479024632974
0.26576509048120606
0.27503463654039795
0.27778994446259603
0.25524980614695336
0.25639108787580156
0.25586495862113107
0.2636469720924517
0.23949222846926532
0.2340318808272519
0.23434655003904373
0.23465960315279463
0.21665628379262253
0.2167697572000669
0.21702541996075314
0.21730535312617502
0.21256983059065312
0.212717957945225
0.2128444321737144
0.21296718704080037
0.2083754977634055
0.2088101754409334
0.20927003810296754
0.2097462255505734
0.20890005443767853
0.2093400052460828
0.20974733945139049
0.20879700507031057
0.21326655805840203
0.21475658432830338
0.21329964516890973
0.21417736863808426
0.2235378562895057
0.22397523104421635
0.2328552101362743
0.23349080253711577
0.3473144206217616
0.2545828040343015
0.26363641656286946
0.24105356470382458
0.2421554178920791
0.2428578521971998
0.25487257665888047
0.2575155847235325
0.2687038912664547
0.28169335741304025
0.29140834873042254
0.2997588045277402
0.2649286288001679
0.27996591643946755
0.281437221422639
0.2851636080759601
0.28065651507581124
0.2674842848257457
0.26851413394234513
0.3136146971617846
0.28605921144307783
0.3111876499258437
0.3165371238446342
0.3270959813888997
0.3526446034768004
0.34708102633141275
0.3572917507182718
0.5727818137626153
0.7327911262978184
0.7822649663620456
0.5970415794433667
0.49742358158139666
0.5443525343885887
0.5825809049018991
0.6028767801612405
0.6081406844879906
0.6411997793368235
0.6517871974499464
0.6387638457020209
0.6305681838205799
0.6132050568698878
0.5369092752308401
0.5247765872085074
0.5265548810379059
0.5000475179180437
0.4730827802818908
0.43077826343144826
0.3969418067844363
0.3713517589221419
0.3595793591896757
0.3538738134274246
0.34615550803320466
0.34105777381028657
0.342258956238469
0.3442489818435135
0.3475174735478316
0.33679671461158706
0.36265921336917223
0.3619896414175778
0.355499952529448
0.29725724503025713
0.26576509048120606
0.27840734346746954
0.2791804110559304
0.26303091962757114
0.2624582534054992
0.26203224395118113
0.26169988277986206
0.237287339608919
0.23770100572592276
0.23810942840102026
0.23850110470258673
0.2183067482548905
0.21555014811873346
0.21614891365844574
0.21673895984870956
0.21210155065849068
0.21231617754564824
0.2125224195440673
0.21274946904283934
0.20813395217071043
0.20849753651840489
0.20869454513792202
0.20907311106898643
0.20829922439302476
0.2086063257061631
0.20895213672945234
0.20933845541709717
0.21104948102984467
0.21160728112908295
0.21227409371238432
0.21297935014079514
0.22218223474071302
0.2225643316396386
0.22324977103136662
0.22262198328902094
0.5627060770895135
0.6256672041234352
0.619705264017493
0.37730017410531874
0.3088361370954129
0.3939538607837663
0.4149512925275005
0.4068012232018522
0.3568182787539916
0.29437894349933147
0.2891317431402347
0.29342816312487746
0.27554087888902073
0.29494386959192037
0.29724179531689726
0.2999239298793793
0.33690847786696454
0.32528395706325564
0.3304709166419134
0.33798404994104064
0.3161777939707693
0.3430413769578247
0.3542552448094824
0.3459529707049104
0.35388800454478336
0.3418041968668593
0.2968001052884017
0.2965467489145427
0.3091542761442527
0.333190321602286
0.3478177706815222
0.366451937085268
0.39529553628529684
0.4172925274986296
0.42746473901522664
0.43259784415695407
0.5237917016217636
0.5469701463862552
0.5575748157345428
0.563679447246648
0.6184096987622187
0.6129264628477358
0.6044238288793443
0.5664723007571826
0.5159702499215602
0.4559123225155832
0.4622970134065418
0.4614730991444942
0.4107365449978802
0.3953352235282646
0.3827284159939
0.37120700718640826
0.3419583448069039
0.32126121423883514
0.30922241227553043
0.30537967190637016
0.3013494076174787
0.2952726372492594
0.2920291690598216
0.2904949655847086
0.28396880341333935
0.26576509048120606
0.26762218233429397
0.27823449291774377
0.26367075906772114
0.2639545659258166
0.2548868730257061
0.25514425988505435
0.23184469451425457
0.23165184514306833
0.2315386657938095
0.2314826408851721
0.2314849075167515
0.23151332501579466
0.23156431307084546
0.23163680254412594
0.21361748055759358
0.2140818568609851
0.2145382127373992
0.2149978896980673
0.20946816377362912
0.2093147187071766
0.20990233807076933
0.2104453614017818
0.2058560356987086
0.2060144973646169
0.2063512033378118
0.20667276541068713
0.2061541258985198
0.20676766304202027
0.2074077445388133
0.20805949033580778
0.21014718243951935
0.20851669827464792
0.20810169990724817
0.20793894641892183
0.2214285111940388
0.22103811254301597
0.2229627503015848
0.224096132678232
0.6291300347603979
0.6534497337722177
0.724355563284504
0.49829638975561524
0.36575841383521407
0.4170017507749295
0.41994500733387613
0.3889202310970599
0.3149343023368095
0.309173506661525
0.29358210940431184
0.27151057672449813
0.2635799915456105
0.2930116920999762
0.3259224368919076
0.32251657987064125
0.3383931382492425
0.310621049386893
0.31319331800680617
0.3214573607044401
0.3321744390631951
0.3560601614010715
0.3605196040230505
0.36578779230086084
0.39825943169875194
0.39142056537796
0.398529005329699
0.4121281741508574
0.436176217505009
0.4777031589605488
0.4942493020812143
0.5059462351034342
0.5026574059034253
0.49871523049429584
0.4808738398678821
0.4869122424494752
0.5035450059124906
0.4795996058143913
0.46379510381050737
0.45728087116537625
0.4326827703800821
0.44953045283886356
0.43243356988104764
0.421868392139359
0.398054506686138
0.39564467844357654
0.3940761439098894
0.3950360243586088
0.3917858675522682
0.3972960790745285
0.3894152724449027
0.3856227900070535
0.37653199632524065
0.3717371708460862
0.3669641268183968
0.3980847343282617
0.40807304437788117
0.41820915789793656
0.4195257201570157
0.4184852996561801
0.3078376431562557
0.27940186885528134
0.2819172411930007
0.2733726320772484
0.25864631220073653
0.25971716142077883
0.26078814359062397
0.26146292594415754
0.23695836710769363
0.23698267159337438
0.23105970624401193
0.231051668087623
0.2128020223982393
0.21279136894981246
0.21274327695292858
0.21267972536423513
0.20773182275567356
0.2080715175662825
0.20850526863975416
0.2088795651467856
0.20422401988620578
0.20452395067557186
0.20482911440564242
0.20514868444415887
0.20452124543279648
0.20500605971195698
0.20534342525724295
0.20590536852559302
0.20768975055587818
0.20829796677246518
0.20901219704532722
0.20976774181509056
0.21860649957959025
0.21843221963457693
0.21810639364247592
0.21784359789153318
0.3399633702513956
0.2569741937662147
0.2527125941071403
0.2472849807616805
0.263403699815232
0.27653348066624284
0.28419854923897125
0.2534743632846792
0.24735581411569976
0.24890165423446448
0.2524608465492697
0.2564904970439883
0.25544468128848896
0.2890653996310481
0.29936647672393346
0.31863339415200415
0.33368766766725805
0.3180699668272359
0.3087800146296979
0.3260338248547471
0.33294204801838034
0.3398528071486676
0.33635344215043167
0.33290673746735144
0.3305802984944051
0.30952532957009277
0.30772274885307405
0.30640967063113633
0.3144446094528433
0.3283174593740583
0.3115638504280835
0.30994788973895687
0.30883174744688335
0.3055845537266894
0.2983695479069127
0.31017338706157926
0.34731125837029475
0.3400160741064984
0.33349078063728244
0.36326913395336496
0.3689104368475621
0.3638556765418361
0.3531279445980619
0.36562090730595326
0.4175665975437304
0.4235782017844614
0.5747531644873122
0.707605080016171
0.7247309364688084
0.4668508949277186
0.307098477239581
0.3502521636710886
0.3573728675538462
0.3979632002240187
0.37553735453772086
0.3419134787409487
0.2861262451483685
0.30606076128178233
0.3056165100512989
0.3055645099153519
0.2986827159680506
0.28202551096742556
0.2859326185970431
0.28541006172527145
0.26953535167746157
0.26103982580370055
0.26057695674811854
0.2602081372395576
0.23758314653450013
0.2378253236791091
0.23798192019786898
0.23814451016227525
0.2202241708600544
0.22093891302505445
0.22177631976934303
0.22276628137210897
0.218261258968112
0.21817921605919288
0.2185433981761067
0.2187484924103961
0.21405312452857306
0.21434126126537725
0.21449777452748045
0.21483013153124964
0.21430592000884957
0.21491053181411252
0.21553566588666268
0.21617234779794559
0.21704759796675335
0.21652186682620225
0.21603908336528316
0.21557501864616307
0.22397719700399965
0.2220515929317061
0.23035232091608984
0.22999565671890365
0.34390238824610025
0.23434836568092648
0.23337783517017133
0.26649325448599925
0.24394210853650578
0.2356697049686813
0.24293869592893289
0.2380986168447275
0.24441526757997606
0.2550839950621183
0.25609745086407715
0.23248934890891154
0.2257557437293011
0.24450750675423516
0.2462263199128369
0.24493271729778543
0.25992731921028667
0.2565147136570102
0.25771508863266285
0.2653966778390329
0.26610821627736375
0.2803385637209086
0.2784756532497432
0.2772427860670396
0.3052280146943138
0.2938289512885596
0.3108428962052758
0.3112412038544172
0.34222715556788985
0.3482690888345612
0.583285393211811
0.7463600468353366
0.5307094358011583
0.4114612404406486
0.4700795152124155
0.4786938482478192
0.49786883716142694
0.49620884150650635
0.4541081244719809
0.37899606351012566
0.34524649990548356
0.3105513117052768
0.35045856546379184
0.33105210776395316
0.3429557358716246
0.3087561538940846
0.2986708900577177
0.3322079508318025
0.35293682544261085
0.3613277248120892
0.34568141809940145
0.3606498426828381
0.34362667264027585
0.3798355660384087
0.35410570777087547
0.337121318888298
0.2992172114107836
0.29141601486217916
0.2848659491086035
0.28533974668926954
0.2847656503826679
0.2700541200728414
0.28702183104249834
0.2864093881508759
0.2713503604901328
0.2630217244355318
0.2710396744469964
0.27104160336137817
0.24661545940521518
0.2469261496074982
0.24716312223677622
0.2474124769657642
0.2232591957252185
0.22324202954702502
0.2221350729723383
0.22203198090251788
0.21791896081783133
0.21895785757548739
0.22006970202332063
0.22123290334341428
0.21662026334763812
0.21687076194028454
0.21717891281164445
0.21758588162829592
0.2166710951696136
0.21695199397693732
0.21723208393415835
0.21751463026342086
0.21896501306467933
0.21921655599382128
0.21955420918544857
0.21991044788326936
0.2287660822498856
0.227561012031873
0.23545839393040885
0.23490547455808083
0.34142781053854154
0.22699209038026957
0.28471072796808605
0.3056239662066291
0.32782681791325424
0.332431494512115
0.34915923730863413
0.3280449525063756
0.3372901190342544
0.3196659001520024
0.31442622085946187
0.3086290327029671
0.27599651963321553
0.2893377678800067
0.29230979355664605
0.2987122566023509
0.3273071114186015
0.3274189713353732
0.3363927599770441
0.33544299362821295
0.35157785139900716
0.3791987848491513
0.3741181423823541
0.3785834870740344
0.38629714187357495
0.3679541113830954
0.37104653110930597
0.3764372239037742
0.39854116127884354
0.418513360050918
0.4020179022888689
0.4021645383084739
0.4081687094101711
0.4096005335971898
0.40206903511808184
0.39808146859479887
0.4329067478401258
0.424215932075403
0.43379922026675466
0.4223200806480826
0.4033289722137181
0.3816319498934381
0.4067316939700332
0.4081841756469998
0.42306551986999863
0.4231029476917355
0.3907675909496943
0.3949056411353241
0.37425254545130904
0.3639033403102357
0.3572821627035481
0.35139007412988965
0.3422527457417825
0.34168209557126056
0.33474594326033486
0.3301082121408621
0.344921474418293
0.35669207783094575
0.3322197153499571
0.3301174403926517
0.26948651563367476
0.25212831210713077
0.2694428356454183
0.267954664407604
0.25916228101270355
0.25928574612124944
0.2595719888772835
0.2599865394659954
0.23786080383251415
0.23884883017503933
0.23967501015042442
0.24054506615216042
0.22306202481471973
0.22368514916561294
0.2244133007021785
0.22515306359102438
0.22103489459460895
0.2219059753246039
0.2228389176701573
0.22384442495441575
0.2189319478704222
0.21876866349487564
0.21855356645601715
0.217091139273831
0.2189819776494369
0.2201004868918613
0.21854236190386508
0.2200624213033877
0.22150743812407983
0.2227375368421357
0.22383084778235
0.22488457973019693
0.23914393991458774
0.2361644100490573
0.23704327804574007
0.23386387131786301
0.30788895803670685
0.2403277334754358
0.23082048259175314
0.23665699946572366
0.25853686455275915
0.2589352604087812
0.26531551575330287
0.2709438138253644
0.2792611264817827
0.28179973838804123
0.2740705228644489
0.2722453558693707
0.24500447447164733
0.2601921592184075
0.2632545142431327
0.26872022539019713
0.2884910417818572
0.27958517146020273
0.28806145954542645
0.3070052512912985
0.3046173632478575
0.3259444280603651
0.33665801504727216
0.3466077201128465
0.3730832693441088
0.3720011745439906
0.3903521988309998
0.4123151811190792
0.431625854136187
0.4453225271425681
0.4554439066713499
0.46723067643876115
0.47316269386412474
0.4698784102957854
0.4644360954448375
0.45739598820080446
0.47178980537134485
0.46724848649125844
0.4621464021525602
0.45506980414964804
0.42630950631855163
0.4058257980562525
0.39484166289124983
0.38454642550612794
0.4034326608376519
0.4061869308644027
0.40833995826291136
0.41007091360759146
0.3637229437619995
0.35380747930314693
0.3381920357809677
0.325008069559809
0.3196365720849518
0.3402010387658828
0.3424484929263664
0.37086259286333934
0.3697218079909388
0.3691727328702977
0.3714518522977051
0.3536415542533371
0.29525808557690825
0.27940186885528134
0.2830639929971152
0.28745564459617307
0.2597282315242073
0.2560701326713527
0.2494839841007804
0.24938172861666397
0.2275946607874232
0.22890011155820605
0.23005068426171776
0.23119938322694852
0.21322203552155639
0.21323148187219582
0.21320266498138069
0.2131941957467054
0.20884427077308257
0.20935547005317737
0.21017222125229745
0.21105190369912183
0.20642944606444324
0.20535522647171936
0.20540347859506297
0.20647436239105307
0.20514486487508013
0.20567391267701857
0.2061707093001548
0.20666779361068824
0.20802365575340662
0.20811233073774185
0.20827970347837216
0.20839272318364094
0.21690395779635643
0.21526112735915204
0.222528617715262
0.2230540216058513
0.33292085609770855
0.21362572515763006
0.2524168309121931
0.2581183033329391
0.2825593791535948
0.2884246117562311
0.5393630317394802
0.7003729640915213
0.7110621512109118
0.4895035461811957
0.3767619926665151
0.43802032774754396
0.43589848327268566
0.42074208557828996
0.3661741329861178
0.3632241103648748
0.37343780095781465
0.3651303115926378
0.3786683761672111
0.39884904542605776
0.43866978289195246
0.4756139470401932
0.49149386701401143
0.5017062651767035
0.492734597998999
0.45609031155732166
0.45253766091168357
0.460592799636819
0.49694584587208734
0.5323819246268892
0.565232752163804
0.5972285758087528
0.6203915776722438
0.6281171141625959
0.6345301823591257
0.6334404643945039
0.6432455911993316
0.6352654852029229
0.6242837675313267
0.6105566723294834
0.594938169320493
0.5882420970138567
0.575849121363922
0.5637815053862553
0.5748924825423429
0.5519792054820738
0.5348669536152519
0.5253127922779067
0.5210080663587721
0.5050538894988075
0.49730114902865696
0.49507784472611105
0.47787763145100987
0.47212486276201654
0.4665093845838294
0.4633072134888359
0.45221109273843757
0.47817537884944245
0.4528484943589213
0.4554890580142087
0.2774087976716083
0.26484524354147454
0.26484524354147454
0.26484524354147454
0.2506653106841784
0.2506653106841784
0.24260534486521865
0.24260534486521865
0.21975046118969782
0.21975046118969782
0.21975046118969782
0.21975046118969782
0.20147792030007491
0.20176296059083773
0.2035915893218246
0.20390565346835973
0.20010559836190756
0.20096640366554558
0.20180285321731287
0.20265023416336272
0.19776037185278045
0.1985819380535823
0.19924447885574875
0.19980310828941908
0.20004574634510525
0.20064559519468078
0.2018921143096803
0.20208036054333903
0.20510286495453947
0.20566936006252295
0.206254546927449
0.2071253137773009
0.2210541306058933
0.22097111157308172
0.22045311600999046
0.21978688905864002
0.37131757492125816
0.26461438323140213
0.33763949290039724
0.3393642690424638
0.3411657405344097
0.3441508341016188
0.3372823372522067
0.34161195005872325
0.340365772014487
0.35163909681330446
0.35238011918290635
0.3509738198965996
0.3285469315524742
0.3440736343012332
0.35518195962972776
0.35561860200729484
0.35319724823184145
0.3440238939882
0.36629287657244847
0.38056357832800586
0.3919760803148501
0.4310222947935181
0.4329646976062779
0.4060117913307525
0.4614333842856651
0.47597985238151774
0.5002575934550265
0.5239355287780895
0.5526782811699071
0.5645259980847963
0.5685600533296883
0.5684999296257434
0.5678593257783898
0.5429287934721485
0.49582531884513276
0.47355788003799987
0.47521503529278186
0.46595446022729614
0.45909591376882763
0.44506436238407077
0.4375609045839364
0.4140600168792103
0.3955726026935964
0.3403962895984476
0.3623415983622003
0.4143802323909909
0.4030742763286933
0.40242476066255756
0.36191447265091675
0.35496889932337056
0.3516743581953859
0.3502539666878752
0.3790658276972297
0.3792922623940068
0.37963185486351586
0.35189199134165394
0.34081654984430176
0.3381289667926741
0.33569116759273165
0.3341118737805449
0.2803245539968083
0.26484524354147454
0.2675575854182853
0.2731865360530887
0.24742673056615
0.2473165195593755
0.24823097708602432
0.24928464479948265
0.22744035000333504
0.2278882955095495
0.22823803371687149
0.22859432721159018
0.21097041831867003
0.21158204996341737
0.2122029943251338
0.21284213815660843
0.2080010874882632
0.20813964506388677
0.2082327033215831
0.20832440313379597
0.20438226187624128
0.20559624690780412
0.20687818705932975
0.208198957097428
0.20756798457334816
0.20778799403787754
0.20784530238272794
0.2079791972363974
0.20965798962726953
0.2102249396631984
0.210897604174109
0.21021771780926857
0.2266366895028764
0.2266607401584579
0.21857085210997168
0.2176189485697348
0.3384235228838027
0.2111418390467397
0.30450773258175823
0.2963535719071314
0.3272015270463413
0.31867035912648123
0.33684696470178754
0.3638723891254595
0.3878008433487721
0.36716391652888347
0.39461248446265756
0.4152791627192162
0.4077370902996814
0.4064039057929469
0.4299718377673653
0.4483162710761367
0.42906934846766076
0.42687667038348637
0.37964280105258585
0.36822663594401916
0.38596764199164424
0.4019189020702532
0.43830766265024934
0.45625667170967016
0.4408510659595403
0.4323716944447175
0.44620333714077204
0.4658097774090048
0.49419062445315565
0.5031007763293983
0.5090232645797221
0.5195529508408718
0.5131564713149781
0.5047895637946422
0.49255235727578917
0.4793980764521722
0.47855154332602823
0.4687542880351111
0.46087771637481556
0.4491170361663282
0.42572497643654206
0.4010776182194166
0.384751857619066
0.37061858452644775
0.41596985091510685
0.41275935673825653
0.4067260014565491
0.3999298454301853
0.4343027116315999
0.4322651514738464
0.4277618675475363
0.4225746984555514
0.4103160681508779
0.40399163232538426
0.39859687191706794
0.3931519689985681
0.38215850016112707
0.3776786464764078
0.3743428282646448
0.3724294831633491
0.267487341726281
0.2513627180593912
0.25663815559178094
0.2625562421021228
0.24759754405740927
0.24731786035018052
0.24717098331213824
0.24757926323250573
0.22612348532277138
0.22782034955158562
0.22940618729340245
0.23105537003191964
0.21353934991688273
0.21416479949444797
0.2147302613596895
0.2152948462878875
0.2123744001464528
0.21494357605216752
0.21786779347914467
0.2210567925429731
0.21594000480864955
0.21503401650256096
0.21401180416323912
0.2128269326284069
0.21390361065116917
0.21459037366319908
0.21534303677113267
0.2161079067195032
0.2159235237538498
0.21618528960577363
0.21652842218976018
0.21691862644305138
0.22524167243452897
0.22443809576576101
0.22340074106196758
0.22212563760215248
0.3215647079216191
0.2511725265857249
0.25738485445343007
0.27519977217145053
0.30742313877686916
0.3029511514514595
0.32701073800957375
0.30909985249270555
0.26862041981752965
0.2713579635509338
0.27641040455433497
0.26623388436134854
0.25790378524503454
0.2728833710866472
0.2925215338548314
0.2989922284596918
0.2885369388049086
0.271036524257277
0.2724516381447306
0.2741046727056651
0.27176381389915455
0.2911154059194495
0.3347293221261031
0.3495687575615803
0.3711580303577451
0.35647888847989817
0.3453944334877837
0.351255773386492
0.36704953938108403
0.3952333953227296
0.41203107256618904
0.42013936102618527
0.3974941856085595
0.38269478628850534
0.3877885682729992
0.37255732064319386
0.37963369243132267
0.40617690536705525
0.4072342168026383
0.4020969215614204
0.41373986791346806
0.393904172077004
0.34494790730804226
0.3326775878387239
0.3416442835860322
0.3307944517522796
0.3805263154941433
0.38530125307743257
0.624215911976362
0.7556801136057608
0.7453975695526209
0.5145327616249951
0.3881699221767391
0.49719351296942965
0.5016897911284667
0.4339949563998438
0.36614234091409875
0.3356295422704855
0.30436680734460003
0.3064214381000435
0.29944379024962325
0.2837376979409968
0.29990273149062713
0.299250916202123
0.2794450141763943
0.27966994806948536
0.280293028414856
0.2797235455031097
0.25439023863924126
0.2557904717237021
0.25518154095724305
0.24885027520225347
0.22988847750275723
0.229699492160464
0.22923509149117968
0.22545778212708378
0.22082439667037054
0.22125608595312202
0.2217284774248881
0.22222712605872735
0.21728129382174327
0.2171579865684537
0.21701319801652882
0.21672595899026179
0.21579082272949227
0.21595704622310377
0.21612640485570445
0.21628863208427818
0.21913508506669438
0.2202603176326026
0.22137495691262615
0.2220903291245169
0.24375578830460976
0.2437508660096138
0.2426582497928108
0.24151445281597958
0.3449062489430063
0.27665933497733497
0.2888681299788869
0.2599793243119697
0.27121700923488046
0.2835274509210223
0.2927173224289647
0.28445250452026444
0.3348964254283559
0.353373527551862
0.36009589337316517
0.36402405219675216
0.3315184269615312
0.3368003170340011
0.33282326643305654
0.36117605258414714
0.3512408413127946
0.3239328548316808
0.35158735401819047
0.3826493140090067
0.4009636568581975
0.3961399710204282
0.3547127366876578
0.31553787613833656
0.3453766526349172
0.3175182767864724
0.3377982550576624
0.32708577098452757
0.34239335443098745
0.34581310189193176
0.3433403519887171
0.337418450245434
0.34336432627288005
0.34105766895371
0.3110111594712696
0.30066358287795536
0.3390706775733203
0.3357408382942399
0.3075910364651281
0.2943018435133524
0.27794783393892397
0.2975268863439085
0.29880349054821076
0.2998453791930131
0.3153373766362899
0.31610953593820806
0.3165027014081201
0.31725277784357037
0.3261223833640183
0.3334778677816035
0.3377609788101766
0.3389439609567431
0.33181404782699847
0.32812445943894586
0.3241233777383473
0.32072767522086076
0.28870169015181874
0.2842548735630119
0.2853572595713318
0.2846922787117575
0.28302148346633477
0.26743378789087696
0.2859762412519525
0.2845109131464332
0.26876155786997874
0.26928190109135264
0.269628163195232
0.2700120556364191
0.2458876035176429
0.246309556889192
0.24645967712899966
0.24679237912849644
0.22725637260584622
0.22832302595176657
0.22993730478950092
0.2300039407145309
0.22540057141464748
0.2265441377278255
0.22722934202764902
0.2256743498655368
0.22124933188985774
0.22171132984384587
0.22215852014879306
0.22259409209237446
0.2227098445244122
0.22211027546058684
0.22384293134454547
0.22395816806687424
0.2255506878927664
0.2256142383512444
0.22722412082650198
0.2280698229376267
0.2414901914583011
0.23256912288332868
0.22865537141860695
0.23537700345823986
0.3350130596130808
0.23459883562325975
0.2333548841910041
0.46610280744847316
0.6375719101003621
0.6509220324540795
0.4312603244126558
0.3204875294225018
0.3912125944488335
0.39398108568944235
0.39757044612454545
0.40405613853303546
0.36826081911279684
0.382587110655944
0.3866213604810862
0.3938501251461776
0.4317087305444435
0.42501847655695724
0.43904073663168325
0.44820406816652697
0.46718735657859056
0.4493316162235045
0.3860780337598179
0.3787981760903088
0.3859359609713126
0.3726044925119458
0.3816236097693818
0.39178620853034907
0.39039785665230203
0.40170066898341233
0.4075973671515928
0.4112105824919541
0.42119323774811696
0.4253158457888829
0.4263850216753728
0.42642557559518934
0.4384810086422808
0.4325015952853628
0.42287095735780006
0.41132710986020954
0.3944121511239167
0.3689189239159379
0.3543254341780254
0.3510792127053051
0.35540437151273796
0.3442196033892814
0.3366294242728667
0.3352426230772348
0.3333676711992099
0.33472406593165077
0.3364050134757192
0.3375965202994823
0.33139726526086594
0.32678931516229703
0.32249941102776497
0.31814332460179146
0.3369474954451839
0.3300385105262412
0.3210637898343933
0.3168997732979981
0.2967725965958089
0.27832776902355794
0.5132589813957059
0.6516273092130378
0.6339993405310723
0.4168259709832388
0.2916977350033179
0.31864442021558514
0.2907407426043133
0.2898678140703347
0.2835959438427082
0.26528720452433757
0.22048826930245502
0.22391182587244957
0.22650951584605802
0.22903022100636347
0.22403686940993492
0.2247523972971798
0.2252904635202485
0.22562695320169843
0.21984456997653357
0.21996096011179397
0.22021381031855453
0.22061495989868915
0.21907212593325331
0.21953863613686408
0.21984250141816497
0.22030909315683248
0.22187581119354324
0.22167232574102488
0.22561196191907326
0.22400809907916278
0.2330177973086085
0.2327570765617172
0.23208432227459172
0.2311253348024518
0.296271682099461
0.23083599187539433
0.23082594840057644
0.23404854169686115
0.25227592915989705
0.24822316847573678
0.25732558659557214
0.24770811529006387
0.24685443991724193
0.2467301971997724
0.24553270255913157
0.2534185787170541
0.21141326673851862
0.23140547618784285
0.23083323147089993
0.23288764577594726
0.2661230744620771
0.25757078073277534
0.26564654982508024
0.27338940644011445
0.3008922684752272
0.3534522157124487
0.37780549274546765
0.39996147798956055
0.3821256353758578
0.3555858086093936
0.35796380999407357
0.36575401088049525
0.3933549640565635
0.41533265784785994
0.429369587722886
0.44060894598947203
0.4518781169792798
0.4500074229560716
0.41272862272582916
0.38926301072796915
0.39104455463649945
0.3806017081108341
0.3678750047390655
0.35140482508121546
0.32918886056230195
0.30364681743783517
0.28480785810333176
0.27116860385844627
0.3750528633788008
0.38713696295696903
0.39032439282471243
0.35094845064246244
0.3630377575749283
0.3761942317151656
0.38590761194319484
0.37862399802724406
0.3562382195675564
0.34538382173355464
0.33475997242517225
0.3258702844547946
0.315619312173443
0.3219082147629844
0.3224792989727117
0.2840275177957076
0.26927509730932037
0.2513627180593912
0.26867317331178064
0.268777994190961
0.2591028409603821
0.2593277389524364
0.2600625172934055
0.26074901277310103
0.2384838510278838
0.23827350970209302
0.23843153178941934
0.2384599235365514
0.22079711521853393
0.22117369310260102
0.21977911222663774
0.21957681513367316
0.21414946938051507
0.21498961566850253
0.21595772085104858
0.21702785360804172
0.21175407654217215
0.21162243993611837
0.21245343443375397
0.21330164674050536
0.21270106464414848
0.21307377597611432
0.21580186391472367
0.2179848216462975
0.220239317809329
0.22089122818769802
0.22147416589948737
0.2220182792411076
0.2469909378836399
0.23966995118712642
0.24024614041912104
0.23939371050290612
0.32911182955013224
0.2671370302131888
0.2859110279054786
0.28854238101833135
0.3269862550312328
0.3034092233818229
0.29524690586371416
0.301561513879605
0.3048428032994724
0.30811618354298653
0.3093172718403704
0.3100670557567676
0.2834916010476185
0.29698766459120024
0.3038829009535453
0.3067481362400292
0.3180467646754395
0.304059437871346
0.3113824057796392
0.3173658719714605
0.321522352835625
0.34298069393642416
0.3451571158990374
0.34899805360265646
0.3556872712688268
0.3440922040327109
0.3507357874688732
0.35944913202952977
0.38348067644815936
0.39785983737122266
0.3847652920418023
0.3918650180360758
0.42707204485374084
0.43426344058141686
0.43662791668688294
0.4371811254183165
0.45563149171136624
0.4207479563478908
0.4099917668727328
0.40067693373193947
0.410487186956534
0.40873800920228626
0.40582581755209884
0.3879777804174913
0.39116138695554936
0.386132023373783
0.38247599353780715
0.3793867364688921
0.37305865437976116
0.36514639836413243
0.3569545690232724
0.3554793722897802
0.3431943505219456
0.33919220280178863
0.36948323706385866
0.3704319489457506
0.36462045969591766
0.3661922116343312
0.3581519918062733
0.3574112962257523
0.29451959256314153
0.27832776902355794
0.26902281893965496
0.2755378873707602
0.25709145090842694
0.25543671080431435
0.253059143426679
0.2551300891214349
0.22595875149316805
0.2267202698223126
0.22725784291335846
0.22775791205757295
0.21032686833051648
0.21110300074962585
0.21177250272128054
0.21265629705572872
0.20875306399691076
0.20978080769154792
0.21083273708522762
0.21192448625686452
0.20742697540536065
0.2077136067218121
0.20796967030552052
0.20823208541822968
0.2064386357577356
0.20659463923168822
0.20864629247710145
0.20903017005691263
0.2127486706388169
0.21412063204443432
0.21569357467137545
0.21735602422307507
0.2306524459390266
0.22962142565109656
0.23523824936770346
0.2316955023359764
0.3294212394588106
0.269306089518095
0.2676997502695859
0.2620978543583368
0.26522304611808273
0.25566309093744277
0.25171591069428045
0.2536011058654075
0.25581374378835087
0.2667707776855948
0.2735485341394509
0.2692452958500682
0.2528287575524634
0.2747576564107205
0.2701403570381064
0.27226785700192674
0.2886729906532976
0.27934396021527097
0.284877320116643
0.2920163074216577
0.2897113018057974
0.31141073448312767
0.5223629338984422
0.6774614481574576
0.6960112397496355
0.4577316718216076
0.35010376620693007
0.4153711515780133
0.45124198323081
0.46567182781063354
0.4766800877393663
0.4494783975593365
0.4180997490822754
0.4435150671297761
0.4352471429467277
0.43906408655677226
0.42941062474741337
0.4134671861597604
0.4102976348297365
0.39909036988674046
0.4013928761436577
0.40919170540263977
0.42314032198577706
0.39577390639220017
0.35005817957771057
0.33234816510325377
0.32379981564588595
0.30981340889734743
0.3021482823077873
0.29206346309865433
0.28542479766085477
0.2863913676951469
0.28617542757506986
0.28654555469372484
0.3074720417536745
0.3070797012389407
0.30432033850180706
0.3502960706848276
0.30530534507486534
0.28880251087814524
0.28477268312759807
0.292200002744428
0.2987888833546174
0.29720663508615724
0.2773576444287995
0.2775467911973914
0.2702759776128386
0.27088377674597053
0.24150891907532104
0.24240518820785914
0.24318195004702262
0.24396989615739378
0.22641540991204634
0.22702481942009986
0.22764131251398714
0.22829457058712363
0.22512493374564668
0.22698792818967917
0.22911241085617015
0.23130988282754952
0.22797502205427622
0.2294365073668457
0.23087087219399446
0.23231937794852708
0.23195028651936225
0.23247420564500906
0.23295998206513885
0.2320364548813077
0.23464754049023595
0.23655358016651948
0.2360271237196464
0.2368113987720829
0.2511774879594497
0.2446573804557013
0.24456816291049321
0.2525057076385635
0.28764417599300063
0.24243300597882922
0.2408228622534956
0.2421970492677435
0.23586394355642065
0.23499449700274538
0.2331640153404325
0.22956777680213544
0.22670451051877727
0.22635276698582538
0.22747426165641982
0.24725100524846508
0.23338586714106965
0.2548902800401443
0.2440654782757139
0.4633151534632001
0.6026275814732719
0.5952201903689907
0.37446620054642044
0.24873839006790674
0.28329068540189495
0.3053207400999773
0.28661386157698077
0.28879635627382977
0.2908760058653233
0.22040812116907793
0.21722244925361586
0.22555241454776617
0.24303833345111675
0.271679168241139
0.26153690808710406
0.26251107651859457
0.2648291045054807
0.2679484062367962
0.26961790317587764
0.2707309406205472
0.28352358680187006
0.28164808071577035
0.2755911442033136
0.2679515774418099
0.27120372999347425
0.2618043610713618
0.25240008221082627
0.2450255976002224
0.2560048323216822
0.2565330235116041
0.2568782001406821
0.28520087039477676
0.28700694052457754
0.2876563274743562
0.28819170772050495
0.28918093858344784
0.2885864675379295
0.310717490174607
0.2912994146676681
0.31151403660445454
0.3098578073897539
0.3099593915467322
0.3081953257656714
0.3090184463596264
0.3030671430441663
0.29121802167512423
0.2937345995757244
0.2908107894759253
0.2773526794929349
0.26926885762204
0.2693417548094475
0.269249690202108
0.2476744321000819
0.2491467317284249
0.25075661903011387
0.25254472093448094
0.2355782028363573
0.23674125049621111
0.23797506236033722
0.23934634390106785
0.2350216057120184
0.23540724359430473
0.23561606928361575
0.2359607138481352
0.2321889824646023
0.23359091963345313
0.23509902230857743
0.23669387835497638
0.23580951703852426
0.23570395454950274
0.23554332339825906
0.23537060294784906
0.24094224411918821
0.2424052687458248
0.242238374050434
0.24455332476631858
0.2524438321912643
0.2510287269401026
0.24996995798886412
0.24830076811977264
0.2906929319907482
0.24823842370005608
0.23861959577450717
0.23428948332569888
0.23282536409089113
0.2310476773501178
0.24317848914719437
0.22914135780854947
0.22613150474348723
0.22565935233541512
0.21416808735025616
0.21458611126971597
0.2186416353387937
0.23848783198030937
0.23797718219579148
0.23693368886620736
0.2340585386904344
0.21351908563014402
0.21235099303670293
0.21145828808839526
0.21459752982262292
0.2337891005287754
0.23338198682259145
0.23514725346829615
0.24415292135122466
0.2296273615595034
0.2352543743911714
0.24237113714135833
0.25948943958243303
0.2706094707056441
0.27760798773462547
0.2828887160298617
0.2924995718135988
0.29915105778234463
0.3026959704504039
0.33791607694916653
0.357303754018854
0.34829605624678706
0.3429630121062396
0.33454580952274937
0.3372742226069117
0.3279137849100193
0.32167260494867544
0.31590393283269036
0.3271360906802403
0.32290152389348425
0.3171434000192496
0.30997456622944763
0.2753531003477706
0.27436221455507553
0.30995998170298533
0.312233378725905
0.3390767437233997
0.34060241621486287
0.3307780991170727
0.32293903859423306
0.3090048946717899
0.30989645014545936
0.30508885241470185
0.304850062081356
0.29770071664097425
0.26995603661989503
0.2774659216533256
0.287972990163286
0.26564076882394255
0.26599288226339923
0.26678781480580055
0.26767346746932263
0.24576403760364335
0.24707727882542396
0.2485722802650064
0.24988928185631804
0.23225006621412442
0.2324597423488559
0.23259386557170766
0.2332487580605164
0.22989203784560922
0.2317044894596566
0.23367834667549572
0.2358159030928619
0.23189060376637957
0.2327039486227219
0.23331491478709906
0.23424406038925746
0.23392406576458682
0.23464441274219952
0.23537678772072135
0.2361291185896077
0.24088624395222447
0.24130929351174774
0.24183687466212717
0.2410621254500251
0.2617663608784945
0.26143704945700064
0.25917932418543954
0.25464251508131264
0.29796591758968727
0.2670242459663014
0.268839329756328
0.2549250957619396
0.2385947730651329
0.2416037408346943
0.24220561200734525
0.2413613722976215
0.2376557472544821
0.2356880461639704
0.23439046202456504
0.23315269852438208
0.24922460660551188
0.2685164018971725
0.26789452179466583
0.26673156397371167
0.25191222785547107
0.23025944116255148
0.2293270788923156
0.2282062262265737
0.23103447295990673
0.2519492442628435
0.2602813066356241
0.26859808722058076
0.2712325416491293
0.273407317896567
0.2789420090605094
0.2854455534013032
0.3050224383720326
0.29908492061811676
0.3272110756139916
0.336797231354065
0.349482056011779
0.5811299024620118
0.7118684756446794
0.7379096077069369
0.5607368993878873
0.44452046362030323
0.49872655513433584
0.4970218616540897
0.4876230422944724
0.405811659023963
0.3367054457183794
0.3240809190524615
0.32763823122789953
0.32956081598893416
0.3181846322064614
0.31248308634037913
0.31737406403581797
0.3172431853553914
0.3126524137435088
0.3065912131075932
0.3001032199952654
0.2842004137737154
0.2862930194636013
0.28735785224454735
0.2877614032351479
0.28767208048047777
0.288936375887818
0.28988584561724046
0.28446327284303935
0.28182833945673397
0.2894592907942676
0.28774283110417925
0.2724723176296109
0.2726985841505729
0.2652200045943809
0.2666292202301103
0.2447504137534866
0.24496696491225217
0.24500299073368914
0.24502570814394764
0.22820248661076895
0.2299418114238731
0.23184220389782853
0.23387365020398265
0.22972516289941952
0.23019316000919132
0.2304788783506706
0.2308965571741503
0.2268216086573069
0.22780876649950335
0.2288633446080419
0.22997340426545912
0.22841194235451623
0.2284635054199676
0.22865390797834517
0.22888483212834249
0.23063971375642175
0.23111452789724582
0.2319093357628296
0.23271390108587775
0.24134340288233627
0.24100554432359628
0.24089604333018966
0.2407891143132833
0.2787194793877206
0.2246412701305785
0.22222032527630303
0.22114800194151374
0.2517128667450238
0.25343666493969863
0.25242169695921524
0.2511247253581422
0.2501520554075874
0.24824278867120914
0.24805815090554187
0.2387767346179418
0.23180797313237425
0.2518303171026609
0.25140336212667025
0.2506120720519696
0.24495715614502836
0.22366782813948227
0.22221907373182895
0.22096753767539995
0.22743550354188324
0.24731266411284747
0.24721778404865424
0.24742364928796992
0.25731162049248896
0.23565712541851586
0.23439406634444904
0.2323404317986026
0.22932817471140007
0.23639665728360942
0.2431925020037576
0.24695545705992966
0.24543964802931492
0.24369232414783001
0.2432817335970232
0.2429748011730767
0.28596279917046946
0.28588683107841834
0.28522810364607953
0.2595064637922024
0.3256757938370122
0.33178290146381983
0.34852409438350795
0.338099052338405
0.31056325120520006
0.30268195732309167
0.34055010428015314
0.36319892041755564
0.407127493602726
0.3642744566185514
0.2854831432263041
0.28791582064846066
0.2888748363899317
0.29011236466791956
0.310479532304785
0.30809516725297426
0.32768957224572287
0.2882582997044437
0.28977606581329557
0.2906511583678242
0.29209798168346685
0.27935459463735857
0.2945602118301477
0.29437538340580527
0.2791538336221975
0.27832378482009484
0.2775595262004094
0.27750655213049535
0.24877944361319154
0.2506230537984863
0.25279347824625753
0.25507222770236004
0.23804007025164772
0.23907633494194097
0.24026574244697357
0.24173880301926332
0.23729928428003727
0.23753646732217637
0.23773496987165157
0.23781613870203788
0.233305225605168
0.23384855678558736
0.2344747969777943
0.2351813734923801
0.2342340505193406
0.23478854299637303
0.235160248216917
0.23548298400495585
0.2367753847380033
0.2370789525366816
0.23747430432758895
0.23791397346887047
0.24686583264353126
0.24697710808329432
0.24731536408570118
0.24680270237930493
0.2746247106854709
0.2277741771634983
0.22557313290824155
0.2254710997305126
0.22605750482293435
0.22524288475980575
0.2284966468053804
0.2288068315029151
0.22614728746973198
0.2244180568959644
0.22298922665058155
0.2218641305790849
0.2282174492635314
0.24911181464227852
0.24913766774342158
0.24951559576706123
0.24448367828364112
0.23609927810783388
0.2343288757912429
0.2315247356399299
0.2534432898358054
0.2732963777761371
0.4910991824128558
0.6370719644351257
0.6476999944789625
0.41815391375165284
0.3100012761792428
0.3733746558243917
0.40428090420549606
0.4388641429029674
0.3939191550555992
0.3405967875391468
0.3438969866932248
0.34048296091018826
0.3396873049440822
0.33924642910557684
0.3587514505536654
0.3574049293326381
0.32327914944061337
0.3116905984505119
0.3332071686378568
0.3602053196128892
0.3487237824861176
0.30452725879911263
0.3559270428022916
0.36042515823925114
0.33385204767374616
0.3259432130395374
0.3181532398738674
0.3217669109399198
0.33958334597669376
0.3111862555668203
0.30907128204877304
0.3379819368449311
0.3310064352368374
0.33024939598165
0.325010507028386
0.3283859312455713
0.32822688463474436
0.3057657928264309
0.2841996445020841
0.2841253548138591
0.2929133974711999
0.29188494866026515
0.270007803843431
0.2707237194099109
0.2719530038441154
0.2734524753030944
0.25083008065220413
0.25031696456411073
0.24972465748846892
0.2483642223877756
0.232008195348715
0.23402347240627075
0.23614509763376976
0.23844161497905947
0.23475687027174702
0.23570428105674143
0.23657537512708252
0.2374386101806185
0.2336475032059009
0.2347394922836419
0.23599012622843032
0.23727802907355766
0.2367366424865119
0.23708918616755792
0.23740212433738245
0.23770780877665973
0.23955112922961586
0.24028926371231182
0.24113050588149126
0.24199428545411147
0.2482229759932984
0.25595419686125415
0.262884814225193
0.2584295838216746
0.32379635996567485
0.26409611004997585
0.26544570302354903
0.2709445256721088
0.2636035028926373
0.26140013441868154
0.26224971248947754
0.2652072441366712
0.25891333372676223
0.248877100477043
0.24916900850969637
0.24897547911231796
0.2545608083209914
0.27489110294975727
0.2745009213367733
0.2738532118448666
0.2579542862846582
0.2372312206016023
0.2357695603511376
0.23486856435559814
0.24233183236816883
0.2612268113013963
0.260384652772676
0.2594305022051904
0.2537734684387814
0.23220102642225618
0.23109859468066843
0.22966839939545872
0.4689876854935885
0.6121039592261752
0.415097813281167
0.329000304389185
0.39769259734658824
0.4356335564777912
0.4375897784888579
0.39869551990486746
0.37210368231210955
0.3240595671868348
0.3138193541712255
0.30397705743868536
0.3236323028925822
0.31828103351439774
0.31426754976394095
0.3246908814739581
0.34974450673264124
0.3502858889786479
0.3480103663988783
0.3326667196329138
0.3180883975994715
0.533642977565301
0.6820827741256031
0.6545098688076884
0.43605947530797534
0.30868514544571696
0.3355607183704893
0.33524944777606025
0.3489409141730095
0.35208412088592844
0.33962482731711946
0.352044153083939
0.3348941151278537
0.288913453979694
0.28180481159149345
0.28363344087013953
0.27426268885813915
0.27397391232484597
0.2737180045169105
0.2742822694201391
0.25159422145425075
0.2511302117633839
0.25057340263506933
0.25004499265636243
0.2336466535508402
0.236083417499005
0.23878620331778502
0.24167595884911233
0.23764053422239026
0.23804216563715344
0.23814609282808719
0.2385028171999047
0.23424001475146183
0.23498923956744047
0.2357673639989737
0.23656820013729693
0.23482538070919157
0.23473757335003032
0.23480239190135468
0.23491330028848917
0.23682600904383666
0.2378786137514112
0.23907457043610927
0.24032357553990902
0.24857622496810614
0.24770055862720508
0.24701528379346566
0.2457593284634922
0.27429090004154744
0.2277560894424476
0.24074136438255928
0.24356273105598028
0.2546694238085234
0.25713086015639786
0.2584372579960826
0.2577297557930092
0.251700723949755
0.25047143685132145
0.23946020669823753
0.23815955708693734
0.24050464145328018
0.26229656101626136
0.2590333794931116
0.25782979872252726
0.269209811604521
0.24561352693015387
0.24466896167065014
0.4637621891038194
0.6032549304992869
0.6365344577493188
0.40308304983345467
0.27488772713550264
0.31484708767717795
0.3107251215728558
0.31448322356515157
0.3205692896937398
0.3403557123217446
0.33667306939746044
0.3429124642309524
0.31361287266067245
0.2840790295622361
0.2573723256868796
0.2786874667382368
0.2870662572997548
0.3127002515385973
0.284203525534848
0.27057351309899363
0.2282578052250443
0.2530407128686812
0.24587007659632096
0.27836409333181356
0.27905484956091536
0.32340718942384206
0.3211921031770791
0.31224626931262367
0.3149309066405699
0.313728437772533
0.3371162729372286
0.33659899502275364
0.3362886520670159
0.31158576147518996
0.31433888037488683
0.3157084264784032
0.3167719227229324
0.3148746785256463
0.31507911077288314
0.3154536264610379
0.31592346738827276
0.3086298962994369
0.2985832167456753
0.3112953835810095
0.3117792670045585
0.2837466751772599
0.2838890107400625
0.2759642642517175
0.2762834932981579
0.25453171072868036
0.25484711341347704
0.255148677363788
0.2554530134404552
0.23817596780949776
0.2392256586174375
0.24031565992606713
0.2414321097683582
0.2378079743182547
0.23912740806056046
0.2404667578655578
0.24156167158551195
0.23663421183083286
0.23640444126908425
0.23601012048869108
0.23558656891244717
0.23451146707794288
0.23556243849675837
0.2369243097003911
0.23839690415469114
0.240345855571059
0.24079440505913824
0.2415296710785938
0.2422984357172704
0.25866801269050016
0.25788145441901217
0.2574222249290318
0.256979476128929
0.28748325615312
0.24524313726208527
0.23059432624760687
0.23344272981841455
0.24774621396737315
0.24337575170971285
0.24256494227939523
0.2423858751813565
0.24100956884332234
0.24115877905691746
0.24105620443364265
0.24102599831524285
0.2540181868743807
0.26806082733361114
0.2648463884687215
0.2697550375686455
0.2695586279711069
0.24428043044884082
0.2467622768073596
0.23428849877236094
0.23361349863384165
0.2566697169743663
0.25840623849647704
0.26030110986122745
0.2552757782666292
0.23406741478209375
0.2334144413009188
0.23298379633326116
0.23222417378261095
0.23246874501438158
0.2320660021195522
0.23178904301231884
0.23228609399810898
0.23162436013274326
0.2322632676875107
0.23277562278897568
0.2524884830816729
0.2539612742530047
0.2554733587172183
0.257583060655618
0.30681079239446724
0.33162519801050383
0.33080665547442445
0.3302253776347871
0.3472249627710921
0.3474394844327111
0.3472208836288173
0.3471971360737761
0.3194488594713015
0.32069510725234174
0.3216799576187107
0.3224096809720164
0.3202928244162478
0.29805160107080364
0.3007015286278624
0.28158938699835495
0.2853262451916283
0.2860844349323016
0.2864608043371723
0.2866351636766886
0.29881756268530113
0.29959950682140374
0.30063467713323266
0.29775593800904965
0.28724292426359305
0.2862947326552097
0.292867035702584
0.2925108224367085
0.26808653114274206
0.2689725805531473
0.2697178427345885
0.2705071982501875
0.249953028293337
0.24999521547094725
0.24990253377027916
0.2500711367787754
0.24529268772989046
0.2467390691528031
0.24825459657256432
0.24981666150365445
0.2442047483141875
0.24455796343482847
0.24491364751862363
0.24533314021491037
0.24328575288464874
0.2430819470066954
0.24308304078528703
0.24280792465603118
0.24231292256166143
0.24498778058456822
0.24473584260237494
0.2428442719158285
0.25482033761278833
0.2559209236330877
0.2489586870543213
0.24900452080949478
0.28851719599937875
0.24495937455203529
0.24119519507416423
0.2426137347962487
0.2473235002659828
0.24940946616380222
0.2507524966721479
0.25189733102630496
0.2518384910107537
0.2527358213548342
0.2522856597709892
0.2524048967769605
0.2575292374620964
0.27701974423488984
0.27719301198870366
0.2766456810523457
0.27048542382235635
0.2484962654588624
0.24666842820307758
0.24506670236307948
0.2534336763621439
0.2727933766923738
0.272310997332689
0.2717214449358489
0.2642739739544901
0.24508675150019732
0.24443144536178404
0.24278987530194338
0.22652556033825128
0.22541344091994062
0.22385960768182014
0.22376686947834046
0.22242994678804157
0.22225365813097353
0.22237288521603452
0.2226071709017313
0.23793379805331485
0.23816650898500658
0.2544831874291809
0.2556324335038254
0.2809456253460112
0.28224283907250786
0.2838266141523604
0.285694920714339
0.3250935740265217
0.3245993952951436
0.32319502713706477
0.34539380604284653
0.3452153620015818
0.34412488697927657
0.3436353475683608
0.3470036006096074
0.3411952653588448
0.340879518947176
0.34402701420562576
0.343715357016809
0.34117674119286545
0.3420935502618827
0.32223649282485683
0.32353098546233033
0.3095241098625589
0.31087816675082763
0.31243595471500796
0.3095409882988217
0.28529352540075664
0.28470274287750663
0.28462930295167244
0.2844899805725298
0.2621645267546244
0.2622251243257703
0.26237455225606365
0.26259229528423056
0.24500496878351452
0.2457178300516794
0.24648076133316904
0.24729832883097716
0.24369841314063345
0.24518977053767357
0.24682568918130637
0.24862464320342942
0.24419329819241167
0.24463165834100223
0.2449769091805381
0.2453094457003902
0.24388883781158718
0.24338484976964306
0.2428455623160329
0.24088970713265567
0.2447343106119226
0.24554437136824592
0.24353665337761693
0.24374443392909434
0.2604351531182933
0.26009582902070305
0.2653090008430561
0.2658486066898809
0.30144587518324195
0.2619911206798178
0.2605462159935946
0.26319688540548375
0.2515946893635446
0.26114668097109495
0.2582607067724585
0.2591761391348245
0.2561001712053053
0.2594244938497724
0.25897152221306524
0.2577435383855411
0.2601275213217711
0.2783468764717537
0.2765629707657285
0.27585641779637804
0.2736386253319327
0.2523380660092814
0.25089337855589233
0.24937405126316758
0.2574023345977536
0.27649790215081216
0.2770917724036198
0.2772999712158072
0.27441163193140106
0.25441676943251335
0.26806219895907013
0.2680026790535951
0.26421836043712693
0.26269009736300447
0.26083926730907936
0.26005120392971787
0.26596944932782823
0.2658977537299576
0.26462386607679633
0.2645282252178499
0.2886291302243225
0.2684494829380582
0.27011635261413003
0.26932219473384494
0.29829090814111275
0.3000679193389374
0.30121319342476904
0.2752486796537052
0.31395992839114484
0.31368222114964234
0.3163633594383314
0.3185843629656439
0.3177971869900825
0.31858985862290407
0.3191469576384971
0.3197019134967369
0.31672254773722935
0.33783424152408964
0.33742902511786016
0.3368196410721262
0.33379679394103556
0.3150190962810566
0.31769241244228735
0.3197113961663204
0.3141388363751905
0.31435521897505897
0.3157479259079182
0.3150745584179176
0.2852392854561047
0.27707666771900497
0.2732335378395786
0.2736166280226735
0.2540394328053539
0.2557107187201874
0.25729360752422825
0.2588840573370143
0.24149414313722112
0.24213619959087648
0.2427623661766419
0.24343312441816012
0.23842158472041466
0.23813403596549115
0.2378004623029962
0.23746825533974616
0.23316094681448757
0.23433575459443473
0.23558159393633157
0.23689144810147564
0.2365934096395069
0.23725075581675092
0.23789891424629867
0.238573172139165
0.24073557041179075
0.24179390923786187
0.24282027476104662
0.24405563206884887
0.25227856934824194
0.2513610986804663
0.2586102911522122
0.25057105018758996
0.2734569853199927
0.23217653698325855
0.22926234882422733
0.23046798003695504
0.23065831619232074
0.22949464325333938
0.4477965068140569
0.5927185710527547
0.6012830262560246
0.5996113886601954
0.5985956803755663
0.5965100816202529
0.610388297651375
0.6309708405598503
0.6328652028064685
0.41423551443527484
0.2842974049644662
0.2946599278042564
0.31273130518471115
0.28559669989708325
0.24720297131580407
0.26642967497221415
0.26882676295736085
0.2704512494532708
0.26724120211871605
0.2470411611117499
0.24617033388854873
0.24508050401755252
0.25565073943147115
0.2652031447198111
0.2761272675265086
0.2804587140124632
0.2961033712859824
0.5323108843612385
0.6931660361711643
0.49355540597457714
0.4055715482024001
0.4640186133266804
0.4728133308228652
0.4789135527238218
0.48394309661950924
0.42212050907736315
0.4087641125332556
0.3685552006370574
0.37665835030333056
0.3682243484622445
0.3606529551579814
0.3654085042143872
0.335041021129786
0.3254154887787091
0.31762051560537985
0.3144763791325399
0.30684833233873826
0.30713429366826195
0.30737848825446057
0.3076375118189705
0.30634349170529546
0.3073308893536071
0.3086857003879006
0.3094577145072592
0.30434785061247915
0.27920342571609424
0.2929374640354116
0.29180945604113034
0.275170411542147
0.27966408565116757
0.2723946344537846
0.2732362526065163
0.2433974458166448
0.24376383974926844
0.2440699634901923
0.244487903784108
0.22604995734079236
0.22592877492832283
0.2258646871044306
0.22450210549331553
0.22124974084718899
0.2206554967609771
0.2183976663527566
0.22012895022888992
0.21634416720963415
0.21673952239751887
0.21693704665072533
0.2170911301003935
0.2161965533399033
0.2162068733541569
0.21645375820120297
0.2167066543365511
0.21791009702818573
0.21792892931198232
0.21809290318657057
0.21834567156506632
0.22699161615303584
0.22675241411851316
0.22674220120371952
0.2252894699365112
0.3134252685602578
0.24224093435345262
0.2292649786900901
0.2310157128687146
0.23473168330818076
0.23598769597915395
0.45603259230278564
0.6024934772613566
0.6008672279248206
0.38227334836149385
0.2547482513932437
0.27982309220085283
0.2937249224279531
0.31479705354245274
0.31371647936619756
0.2947922750555352
0.267220627719086
0.24874942159163618
0.2621226188376188
0.2500120262520323
0.25836005857717625
0.2775810134535167
0.27795251845076563
0.2780807450482393
0.27584421037974827
0.25608953532549783
0.25485531908587733
0.2553313796196761
0.25403076028170657
0.253996893386115
0.2539746259166306
0.25390066944035095
0.25691275809800274
0.25635261988945635
0.25627414980645025
0.2564071326755019
0.27733653258718843
0.2777492325660594
0.2770470116311818
0.27664645490812667
0.30221469485179936
0.30060480834404896
0.3024482498117287
0.30403173107677284
0.3184619990730165
0.3190899874060361
0.31916971478387374
0.31800933352604294
0.31746222756513776
0.3176845127660226
0.31885873166094464
0.31945689374659403
0.31639309664535015
0.31416971049101666
0.3148614934132811
0.3157234717585438
0.31424497169455623
0.31472375243552625
0.314957025744514
0.533020603048911
0.6683743483985316
0.6575510335812514
0.440126719903146
0.3137293025140845
0.3170254740371749
0.31454757010772566
0.3197446646473847
0.3009096096590034
0.24467908482936737
0.24599734763153505
0.24622048329174281
0.2461593375965902
0.22790242718805453
0.22784111518803332
0.22778189650071554
0.2277450657125706
0.2233519245597213
0.22434140189897464
0.22545022537401965
0.22668433830567059
0.22198657659394935
0.2220101646647351
0.22199673992074836
0.22173130235379254
0.22007765058935705
0.21987301109501622
0.22003945173670156
0.22022255417130993
0.2209543994601075
0.22039359405420086
0.22299751906450663
0.22255953288801036
0.23620357697928424
0.23607806634313386
0.45540703271586647
0.6012135982997245
0.47951785092858
0.27378892295745655
0.34373801596409065
0.3443628759616914
0.3598841183265094
0.36890320014080874
0.3753626771308933
0.37882021486439343
0.36629834512603293
0.32241456165469384
0.25536669282560936
0.2419132140145269
0.23889307641936963
0.2581834725033431
0.25808789198671583
0.25695516635027504
0.26931755791372236
0.2573687941097102
0.2629960983540725
0.26429592138473607
0.252550923919685
0.2697703626173145
0.2702940841511666
0.27096432216722754
0.28737900296397373
0.2703561562743929
0.27415678262893417
0.28509239128351566
0.31397405362863373
0.3141633572219697
0.33479834396039876
0.32194253762115305
0.3619813269581027
0.3836688861787634
0.38125147210270277
0.3831407749429235
0.38629629092422907
0.4189947889233708
0.351496759716905
0.3169721177036726
0.3332658006163362
0.31831116679875143
0.31740171512069143
0.3196587842177499
0.33012109327039996
0.28444537740692444
0.2857865756783757
0.2877545174498603
0.2903050210191209
0.29070200201873725
0.31349622651383197
0.3134611724160668
0.28941873296795106
0.26920273142431217
0.27124175320893784
0.27255204624352014
0.27520261830066484
0.27525182562029876
0.2923712174802884
0.2902579212096873
0.2945952755101028
0.2925801425297299
0.29654641386782854
0.2951918487084637
0.28264502760643817
0.27900937102291967
0.26921393272252
0.26617653611424646
0.24367698193146248
0.2395269380502171
0.2393674213208769
0.23877710818281375
0.2209851950398605
0.22159214499096933
0.22225288762337606
0.22283436561281292
0.21863222431213203
0.21935234311947432
0.22008421472138473
0.22084625232506133
0.21569258544583889
0.21588460010147398
0.21596676021568995
0.21609628237563763
0.2149775310857002
0.21505941552709995
0.21516406686442954
0.21528980589887614
0.21642247477904805
0.21634954142297774
0.21638440616588797
0.21647175841557212
0.22522518039952982
0.22515252341426836
0.22533341634507256
0.2240199182069909
0.3231482868515133
0.22738232705505484
0.2259789158272394
0.2265038679764969
0.2667275877771845
0.24711987352161813
0.24594142719130238
0.24581942890530087
0.2438086336847325
0.23979819342508682
0.24077322138485174
0.2444134205476057
0.2454468379563069
0.260868482962174
0.26675814723544156
0.26709442364232916
0.25593266610409016
0.23718255106623287
0.23727388884699646
0.469186478486959
0.6206770481209243
0.4207993993099975
0.30559982411334363
0.3321108158888143
0.33353298524336855
0.33665911839441254
0.2958898784951103
0.2648641669871545
0.26281079103372473
0.26349613350866385
0.2641241228553363
0.2488293721752694
0.2551862349341109
0.2562373241617556
0.2566980195724924
0.2571777591247561
0.2776519407396869
0.27737506594076483
0.2769759134768153
0.27611979749236676
0.30386668183241544
0.32811241207572867
0.32745050662049763
0.32706654155561676
0.3432887169467417
0.3427300621588599
0.34278910873846524
0.3424336028152118
0.3381167092059053
0.338198417882339
0.3381210125022396
0.31457480702001983
0.3327816329023005
0.3321118734470718
0.3102751717537472
0.31116588108658433
0.30941482011720267
0.30993543964182385
0.3100691274324464
0.310162526886998
0.29314902250559804
0.28996804925398106
0.2924575803972983
0.2912173918770983
0.2752192540511849
0.2736436991868337
0.2746678437967294
0.2746064324559415
0.24390684414956837
0.24329085353955707
0.2427556717701612
0.24220977954850442
0.22291158182596396
0.22177442959825158
0.2207507363025821
0.2199152256774659
0.21505074739221944
0.21529344694606148
0.2155930090819663
0.21581296755012672
0.211560678966986
0.21246105279568825
0.21352362330308286
0.21474187445274479
0.21355136039772876
0.21314364809351946
0.2126906754047739
0.21224577228581606
0.21367105560812885
0.21408369538196612
0.21447368685835647
0.2151111634058299
0.22913452251606142
0.2292856962570026
0.230091887390973
0.2302237895888192
0.34499816621019935
0.2652781002028104
0.2739472258245204
0.30688923821502456
0.3742130942394138
0.3657072335297947
0.3770902854705842
0.3204906970495066
0.31157515341540637
0.31791209145263283
0.296701365064154
0.26795891444041087
0.22585236277351903
0.24467430526551415
0.2459562236273288
0.24488426061548485
0.2722372973202413
0.25768940987533023
0.2664827387325204
0.27665094257464196
0.23047225352167125
0.25043020957265244
0.2507487601677318
0.2506515482181952
0.24952488452705002
0.2302005778975087
0.21640016841266263
0.21681550725062515
0.21443755983132007
0.2150086587161229
0.21473700909587792
0.21541780103956573
0.21477627839683985
0.2474873898422234
0.25065241503018165
0.2493143773417293
0.2582186107975814
0.25334836951009265
0.25132385779053185
0.2816985962182218
0.29708106044810745
0.29713651170354427
0.29763690879119253
0.2975077987047545
0.31255476853389047
0.31296212442539423
0.31351672748141873
0.31409512085277425
0.3125803640330456
0.5317953306929885
0.6776392222960991
0.6528398438849693
0.43385696647276456
0.3074433763035135
0.3453898610138946
0.342445582826329
0.33504794224008744
0.33579647219334086
0.31838150543894944
0.29296549364454505
0.29668599611863794
0.2979904041556693
0.2984432486643894
0.2833355449313548
0.2736424163025327
0.2733570912064559
0.27322686075768915
0.2732658239927948
0.25081462523663267
0.2507775348398501
0.25069044147417563
0.2506306473954726
0.2326587693053867
0.23310862249217917
0.23332250238435392
0.2340753320135057
0.22985093018611114
0.2304907772751557
0.2311198153182306
0.23176002050195105
0.22724621480035503
0.22752490630988106
0.22801762690957195
0.2272078172958692
0.22655924058286736
0.2290802681096072
0.22998039797194272
0.22900763864255233
0.22299585806857544
0.22896421923472582
0.2314522473341091
0.23239742616531736
0.24139645944900007
0.24145201368742933
0.24171452716771788
0.24065896978872506
0.3287316994932597
0.2505163639402909
0.24700884852479332
0.248847763639129
0.24948815175940908
0.2362612501726174
0.22353975209547308
0.22208146086716984
0.22177695321239255
0.22202315667342273
0.22242531697255458
0.22302274580713063
0.22956091100818204
0.25027410794005744
0.24987151028188062
0.24871567037640108
0.254927390706035
0.2342069640781282
0.23420553146591927
0.23264074850658167
0.23744209660095436
0.2589562251316371
0.2584419868945198
0.2562027993501571
0.2753208664839714
0.26135540587710665
0.22955776914235088
0.22968552699253308
0.2527886203850956
0.28968443167106694
0.2982670567736501
0.3157609511524924
0.33449334696115784
0.32411862803764246
0.3283091240994952
0.26850910559376007
0.294000908967014
0.30070840459014975
0.30168865416995877
0.2736761117985966
0.29854941299643856
0.3344337081605474
0.3313988783809052
0.3628131944940264
0.37054582447501605
0.3606385846109235
0.36425459245103137
0.3727385325018619
0.35365008732294284
0.3106407618099299
0.3117640072390013
0.31196949728300916
0.3097488700826683
0.3103123421953418
0.3116491084892986
0.33173861434933416
0.30561585887441645
0.3050760904868339
0.3047731566168219
0.3070631096080482
0.30340464866019856
0.29190641880842205
0.30591610161657046
0.30559841951968597
0.28595770198255044
0.28584932162241217
0.28541807111064743
0.2861472965459612
0.260118339740286
0.2597488285693147
0.2609639879258797
0.25595801075169483
0.23270395996672513
0.23333386803599507
0.23377553013171426
0.23435839048934407
0.23013727752243124
0.23082629495178777
0.23151197501661833
0.23220637019389748
0.2280338263135107
0.22883847646989997
0.22967909219416022
0.23056799230382308
0.22999168163391653
0.23018297157861625
0.23058603410453532
0.23094833029867445
0.23183449796397917
0.2313829834247921
0.23142620709751804
0.22914044413288023
0.2425527629950269
0.2356464041625449
0.23676257679282534
0.23766631218014772
0.29759220462516534
0.22231700256707546
0.2224240557917571
0.22470055152251217
0.24166031689246847
0.24169125149291704
0.23996961921762605
0.2382608158777229
0.24908889192025957
0.2461257360174006
0.24751879692789977
0.24699379383124906
0.2526918443417684
0.27259145456014816
0.27235460951785845
0.27169710870586067
0.26932358509578525
0.45515904614147473
0.6106714998143934
0.6076587978100979
0.3957292115382838
0.2869787829089293
0.31568774965678353
0.31571203140784065
0.3290784587014403
0.2867520339598055
0.23000153819293287
0.22996444819764766
0.25424327799607493
0.26705743200518456
0.2765028445672453
0.28335287729020936
0.29395189440238434
0.28091036270795045
0.2772546714162554
0.2796395477004178
0.296796676696417
0.3159809203854982
0.3155385917160907
0.30208121042940095
0.3174728163759574
0.3101067192769588
0.3143826593816702
0.3029651281584068
0.31874531850611226
0.3177564403962018
0.3182529893501245
0.31451280871009213
0.32826867316855535
0.32659349280013333
0.32145975350747136
0.33292658504435707
0.3246039753735493
0.31621555810498586
0.308427772516025
0.30897299101824527
0.30891636362265795
0.3098319478808658
0.3102572351699585
0.3110503117484738
0.30528325005988755
0.2914030840890349
0.296013430712893
0.28040859335653895
0.26660327729447547
0.26906946451868635
0.270288390023479
0.2713201262808776
0.24940184134444016
0.2498151424993659
0.2501702303643762
0.25056640821474774
0.23218179695175814
0.23183490126894474
0.2313687499771572
0.23109777728867092
0.22625657457038353
0.22639521521508027
0.22654795837155367
0.2267276511229231
0.22176041564571222
0.22191358435098205
0.22230940601725732
0.22155469275568812
0.22171469417948503
0.2236835783627479
0.22290076049105736
0.22282429645726684
0.22758011392861005
0.22961927980625735
0.2308647398049553
0.23198042727733792
0.2447034067132457
0.24311639251639203
0.24979731826353163
0.24840679578405717
0.31693560504537466
0.2210036305634065
0.21998053542024987
0.22309072683473352
0.25250357962289194
0.25288190372317215
0.2537961486014479
0.2541714739573627
0.2510877667273274
0.251655138584947
0.251714073790132
0.25160857192338104
0.24273886358605676
0.26291970788814756
0.2739964043747449
0.27327874493960524
0.2719616504087792
0.2521762837240634
0.25227328953206524
0.25267099057100834
0.2608259772053018
0.2804397835133977
0.2799765410915068
0.280042760202552
0.2775374877415888
0.25838474702368025
0.2583131286512786
0.2580726434689467
0.2565171192559103
0.2564995942648754
0.25655842083327407
0.256677411639088
0.2598550245460037
0.2593388619332726
0.2575226923682469
0.25752358003918935
0.2785731415896186
0.2785363452172843
0.27864572025355266
0.2787634603387606
0.3067633484819266
0.3067300807206533
0.30688966126696676
0.30711368904441066
0.32024766339537075
0.3138254793928281
0.3168355694947632
0.3164280358077621
0.3165694633178205
0.5370890458482366
0.46379901918246647
0.3351787669270131
0.3575917328169124
0.36525698257838907
0.3385853877358688
0.3130287592862129
0.29303472577732464
0.29398625135039713
0.29431673126091457
0.2944366515834755
0.2975642370321137
0.296355497853171
0.2847887868472621
0.2828661851860401
0.2712204113984779
0.27055465996286543
0.2697195479950604
0.2689341928073048
0.24615101379460094
0.24596276474579004
0.24581330727690612
0.24518438188708438
0.22736386605158385
0.22755946064685464
0.22772623832858543
0.2270137644166396
0.22196167356466381
0.2219618047501108
0.22200908066696912
0.22071491364608514
0.21668670050676714
0.21779341892231432
0.2168151845090986
0.2174973654703075
0.21679546334222805
0.21704302806830392
0.21703205821866187
0.21696322501385465
0.21801623786350594
0.21786546754098898
0.21779494870786073
0.21774189839329605
0.2263736258870035
0.22604689981115664
0.22665176757984545
0.22569153105851067
0.32668518145856035
0.24129350182712503
0.22819631698933615
0.22879748292352278
0.24440851204494504
0.23109997808777677
0.23120634844431906
0.23099239966573729
0.23085735038148472
0.23192383080270496
0.23180996420341207
0.23140151593000893
0.23275336372600602
0.2611251970730827
0.2588651708791927
0.25773381181343724
0.27130991256573
0.24614866485059622
0.24072718081630098
0.2418519100741116
0.24552402384708283
0.26469466872522973
0.2645269180415767
0.2647942629326163
0.28298268232669227
0.27079738850370727
0.2772721344693192
0.28457257363388644
0.3060633950845116
0.3127561968274252
0.2900661040562794
0.2721373231370915
0.313362431204154
0.32750692417577715
0.3280111080529398
0.32832231816882607
0.33399638878745175
0.32640037438666747
0.32357525752344984
0.31186718257080676
0.3192520794789601
0.3144995434198261
0.34590096405965864
0.309120923124869
0.31992802831410216
0.33061150635685443
0.3246460796895219
0.3098090458484681
0.29698464035315286
0.2852570176182522
0.2864113923505343
0.2871563664703703
0.28892377136465536
0.28975859098043105
0.2906168432942221
0.2913302921846625
0.30920437438546594
0.3079016608713272
0.306537750118591
0.3063080637881693
0.3013861807366869
0.27243538561737396
0.2905913087262906
0.28190826792508467
0.27305088175454734
0.27195813150546355
0.27092303919504973
0.2700278468921789
0.24869794417672764
0.24965530836820324
0.2514742980989653
0.2536328079797575
0.23507458461502612
0.234177332423439
0.2331941724853419
0.23110282434864005
0.22550128848895887
0.22517036495281792
0.224879556726507
0.22453840057281846
0.22099047048996656
0.2227706462390067
0.22468446882656265
0.22667719396101246
0.22559684897830634
0.22511953156943115
0.2245332151156696
0.22391967601226812
0.22500666062303126
0.22483357246737098
0.22490374866205384
0.22494841874952287
0.23475987000508763
0.2360525886270872
0.23771511163720427
0.23952177024179155
0.3091255688980646
0.23871321370758802
0.24003865028535257
0.2423853168696363
0.2456761977194185
0.24622742788866972
0.24630666891989206
0.24484880243014792
0.25270402760629207
0.25031384373279847
0.2369425178510669
0.23569013853380136
0.2376354924776448
0.2570708017545503
0.25705055364369356
0.2554803755130916
0.254901261635699
0.23533926894041754
0.23366932096057477
0.24674396038249008
0.24028335338594525
0.26017321960744205
0.2742545950556299
0.2717326968285869
0.268929739508585
0.24885259304105933
0.24848604533636726
0.24801457603414237
0.24578524601313717
0.24509518715666997
0.24437480717173915
0.24563925345379894
0.2510457855916459
0.2524882774723769
0.2539836095945363
0.2555706764908111
0.27706634997971497
0.2777557277300134
0.2785615470810125
0.27978412530603913
0.30955360248502056
0.31048429038916475
0.3112906575572445
0.3118532426801988
0.32546841408811183
0.3253355875832052
0.3264525609575406
0.3303474200247967
0.3294267630968847
0.33029818413429046
0.3300030407646065
0.3298954128073288
0.32670040519638255
0.32777951331952776
0.3285801010312266
0.3289804663683945
0.3281674535244474
0.3298947934710941
0.331673570422009
0.3333373223605685
0.3319900641334404
0.34002483945150447
0.32345801365196386
0.325723637179736
0.3058035475884401
0.30303026654103726
0.3023415888140738
0.3028023385436565
0.2747201055425145
0.2755745741642722
0.2752602577352707
0.2635435425047931
0.24462568672861987
0.24428513187763906
0.2437490241398538
0.24317558935399738
0.23787708285594047
0.23750582269206516
0.23713340368653155
0.23657119541573593
0.2324316770657296
0.23344452250140887
0.2345182908761377
0.23561973086127017
0.23515840525385454
0.23566115277305583
0.2361478297171424
0.23662854514978532
0.23554879108627855
0.23269757344319775
0.2290032043744742
0.23055783386284026
0.24486537542464545
0.24083933034945665
0.24083654540111446
0.2427455601163091
0.30227923008044344
0.27166351189322757
0.26389969550916303
0.26457881967557645
0.26571822101414905
0.27831770270143436
0.2640271788712173
0.2753557280696911
0.2681382978583153
0.255024846623428
0.2427737941726268
0.24243400141708524
0.25691220428200184
0.27687898338361105
0.2766501526547069
0.2771037978541009
0.2776430587006722
0.2575083172630236
0.2571759202807071
0.25657351711343435
0.26350623308428994
0.2828870898990346
0.2830164820049115
0.28320786406713017
0.5023332021099995
0.6300820616686648
0.41166547079049093
0.2846130870729677
0.3054784580219198
0.3004238334387656
0.2658521364629525
0.2375176056013099
0.23906719424110193
0.23965971419480603
0.24115693437102478
0.242308524403523
0.26115259754360004
0.26160539337143407
0.2618925871763798
0.261142585020637
0.3121472183272525
0.3151174952122622
0.3174074304072363
0.3196090001817415
0.33501970998296055
0.3354413545149237
0.30948226874528345
0.3104355461962446
0.31025869248920523
0.3083075675441777
0.30614194922716786
0.3043594917987543
0.3225101204754496
0.3232850107500004
0.3040201638911866
0.30560395808488844
0.30403206679792943
0.32239860370170637
0.5406979057232378
0.6859576907090459
0.4470765478176266
0.31862762765958147
0.34555651245221974
0.3427518418443383
0.30824509804863315
0.2902009833074506
0.283940493589244
0.2853091757903724
0.27250339939303253
0.27303334992881767
0.27357497181963025
0.2738303038136061
0.2499730116840366
0.25056396980260814
0.25139960354548413
0.25220515509112357
0.24477115229031576
0.24366291225040915
0.2422810587121099
0.24113595612431707
0.23468704240569646
0.235512381324814
0.23646347091603373
0.23747916023209414
0.22635302758780274
0.2268881972919809
0.22738538258168445
0.22787756023239725
0.2311657116840565
0.23284256337507628
0.24989911034179285
0.25290344509624213
0.26588096068317946
0.2626972684924264
0.2625966518121979
0.27968529543845577
0.3363289024130394
0.28232719543504364
0.28138358331038377
0.28482025686060636
0.31293245484789883
0.3128439667944612
0.28858783431318996
0.2889966617518315
0.2866269679372896
0.2885491565559425
0.28614524612724507
0.28548414852623605
0.29040709680207577
0.2804468694474785
0.28443596167012347
0.25985208741567783
0.2549380985299996
0.2345193992432948
0.23364585264046775
0.2334681089095358
0.23648619989391867
0.2567032987358825
0.25676679159201365
0.2565305118065723
0.2822836657232135
0.26463879155127423
0.2658383412109316
0.23918822053593816
0.23727614516997242
0.23512933343867143
0.23264790595172874
0.2306918883334892
0.22707659137658498
0.22511728352068067
0.22373770301577126
0.22281779182720832
0.23985662383822365
0.2408073734465051
0.24154650111965842
0.24291559810434804
0.26430887755612487
0.26699883478964054
0.31009785647368215
0.311110914477482
0.36822235673650705
0.36649371430225736
0.36524624275705836
0.36424093070519986
0.3636359626557225
0.3645509534457119
0.3655610230441533
0.3666336889912005
0.36403435165758014
0.36521396849437904
0.36515790711116936
0.36610501366969767
0.33039912563033325
0.32966041278825
0.32944742051573556
0.2962159371132222
0.3081090009164676
0.308764706092992
0.31050740566125484
0.30657177299492816
0.29614846220393376
0.29613112000418557
0.2964784566248127
0.2970936667723811
0.27187332171292705
0.2713917726149386
0.2699407914877894
0.26926563453562685
0.24805499162159117
0.24822893046517208
0.24845715509024535
0.2487268468154642
0.24399537266360968
0.24464450760743756
0.24531521782790233
0.2460078437188184
0.24000509584824345
0.2392677635268529
0.23872448309022495
0.23823073097369912
0.23816418480326362
0.2390448338489763
0.2399987290913833
0.25290461496452216
0.256822578225472
0.2575058358609897
0.2456308198283574
0.24682705532193658
0.25665145965475805
0.25652677687564784
0.2567705815987594
0.2557372060152369
0.3183796938215671
0.2929106884131214
0.28851111244976746
0.29219719515906845
0.2906396738636338
0.2867459823045093
0.2857327499720341
0.2845922011596677
0.2781948573187751
0.2778583824886431
0.28029563117549555
0.28176129841253933
0.2654997143718648
0.2870065783417684
0.2870185453059245
0.2861338566015377
0.28105448684079626
0.25939342615413574
0.2577280538647919
0.25628964321978764
0.23685005787478017
0.25696962368176485
0.2566867666946154
0.2553866438132937
0.2507441059830318
0.2303734782329997
0.22868010032841687
0.22787694331007619
0.22534895289811427
0.22249158280493272
0.2211053469711244
0.2212715170826994
0.22055981994739318
0.2206033307160069
0.22139442284078634
0.22120292216053117
0.2367310224922751
0.23922795050721837
0.24022227832940074
0.24159648231697609
0.29872232175283653
0.29589413206976517
0.33717753441018466
0.3394858831178603
0.3569441714467987
0.3570073385803806
0.3157082450814713
0.3180079843438883
0.3210643437350694
0.32128358124411754
0.3214143396298628
0.32160586540339237
0.3221868462166463
0.3233942625357694
0.324560534127804
0.325745575094034
0.32657107544340686
0.3269644929297873
0.32666245197106597
0.3271581881661203
0.3286965587565864
0.3284880772824232
0.33048950077354244
0.3271159455189281
0.28997186337032654
0.2900868121050272
0.2904499685967613
0.29101469565192994
0.2660555450424015
0.2655800070806386
0.2654105662469529
0.2652029287599466
0.24410891756670977
0.24414242906345388
0.24421537861777454
0.24433663670058256
0.23933236903989816
0.23974093768452068
0.24026930424369883
0.24095182577840052
0.23643480999362146
0.23711123521725647
0.23802846564032976
0.2389342218787113
0.23815889381299568
0.23792176792007247
0.23762977441395094
0.23732519826402118
0.23880684371733243
0.23890196021733218
0.23911161372623163
0.23922188376259856
0.249144966993719
0.24950762216851904
0.2501464481436263
0.2508611562382593
0.2935593526843142
0.2613516717819784
0.28635757892166214
0.26155587687364834
0.26288821482803626
0.26248892893047765
0.2622081073726322
0.2619188878044286
0.25697041083989486
0.2557426888957933
0.25535487844071153
0.25530790697012506
0.2627366525097695
0.28742611949659197
0.28795591556448247
0.28688210789382645
0.28243469011234945
0.23382584820700023
0.2596666644016
0.25937028439069654
0.2675379213117913
0.3116475168687396
0.3075413025768241
0.3072282630148654
0.30263541815395445
0.28177775375706937
0.280776220565517
0.2795196257821607
0.27681991095200265
0.2782663561051514
0.27928141105278914
0.2514589513861147
0.28602022189071147
0.28810634869228213
0.29220700849159825
0.29731340157649677
0.32278168253326855
0.32434568123913454
0.2921102823314788
0.2932383885579211
0.3203346247848484
0.32139978502013966
0.36159512232902025
0.3605738097062163
0.37721014086599725
0.37790055560383295
0.37722704149915304
0.3761862486949477
0.37437352839189353
0.37375240521441844
0.37284546119302975
0.3724385613160224
0.3682246932897386
0.36811175700094045
0.3678720417639386
0.36760712084545294
0.3325580617236352
0.335662065692211
0.338744523104917
0.3419149174080191
0.3383997202760014
0.3366558086095799
0.31043427714262156
0.3090271669830448
0.2969433279620637
0.2965596511665327
0.2964536688039079
0.29640981702965785
0.2714308336797613
0.2704286188173485
0.2710209964204495
0.27112945628211205
0.24955783763249884
0.24919101620160733
0.24897815771930096
0.2487564883579446
0.2430846125722994
0.24271947906144395
0.24238996639512997
0.24212664607704912
0.23599595882053204
0.23517046410026324
0.23442372701676464
0.23379790816469523
0.23209459906503724
0.23229219361045705
0.2326963033927395
0.23317037367706794
0.23582900831467615
0.23734125843148757
0.23916593600215322
0.24119315631768012
0.2498446090204181
0.2483178019139973
0.24687290731395586
0.24440063963874503
0.3304579221372116
0.2807043909149589
0.27909369275986184
0.28213861794161044
0.28825864931787426
0.28960800807646864
0.29191735756102877
0.26713720541224645
0.2903450931712627
0.2894857416035648
0.28880228067739894
0.2882008490484789
0.29393097700587933
0.31444937228424946
0.3147786045221041
0.3147951299701622
0.31165622950400745
0.2899392898148092
0.28961741246928735
0.28929124701638226
0.5174077204953215
0.6840323708592979
0.6837320410878117
0.6819095193952144
0.6782907060067822
0.6580684147793319
0.437575001836966
0.30962861984013557
0.33457508547731846
0.3342387047880719
0.3350085118614566
0.335654836378232
0.34005309896178404
0.3363992152572731
0.3358880944241208
0.33581212107491676
0.35895526791430077
0.3588908196791372
0.34124701035578997
0.31588624278102434
0.3505885060523317
0.3507911406298765
0.3517522657526948
0.35314304937596475
0.371477533766892
0.37183249174518435
0.372006812817231
0.37219496862583146
0.3709491482026693
0.37179453218715175
0.3726505246601662
0.37280148518865497
0.3694802499721138
0.36911689517892604
0.3687394956791994
0.3682876728329144
0.36564073809168807
0.36660087822114773
0.3330399844590617
0.3340897385371879
0.3372992400548519
0.33781626161168
0.3371443469316983
0.3342449729184903
0.3166141406416386
0.31634028633879185
0.29704248292380897
0.29780716478397906
0.2757379022351155
0.2778347402879359
0.27975954983045115
0.2817759864466487
0.2614361406764611
0.2618732051378115
0.2613160063497697
0.2603291289096483
0.25264677627093496
0.25001192113662896
0.2476562213740924
0.24548088463761306
0.23933584491841536
0.23884252752258173
0.23840736574563476
0.23797230219427584
0.23690803813289485
0.23665921124104963
0.23646008243294378
0.2363085045868082
0.23728309867536287
0.2369982769988438
0.23674800769023807
0.23513514108455824
0.2616377863429302
0.2641131450488133
0.2647449282273433
0.2635709280044914
0.29670106614399616
0.23230918645985268
0.23390729489360654
0.23718437153197874
0.2407786037248427
0.24101269852852616
0.24150352543400355
0.2421798169669377
0.26730870480634433
0.2673842900149168
0.2672720801103118
0.26702055518048046
0.29511459721955124
0.31609777921070614
0.3176429380700245
0.29276344071032095
0.31627771374493274
0.2955280325412263
0.29473309814703214
0.2941759533096434
0.33167736942551557
0.32344133621369864
0.32328209225676113
0.3226959038616445
0.3176912482815556
0.29628082518924787
0.2664131255179596
0.2660086973208497
0.2642145438046652
0.28948957288842475
0.2810159533490493
0.2840698021738974
0.2636086776363006
0.2652264305244759
0.2647482078516993
0.26653240823028845
0.28662682503730813
0.2872710660569671
0.288188693049371
0.286594794730297
0.310339632055734
0.31043845256480473
0.3118911471101015
0.3549024440404833
0.3712955214362884
0.37063705256845664
0.32962843591694474
0.3730299359497476
0.3702585042810797
0.3314062638661709
0.37329556693474725
0.37410544196502016
0.36730105910483213
0.36509296276221187
0.36362012403393046
0.36306147848606696
0.32644139106490805
0.3275391556400041
0.328408330382952
0.3292375751151302
0.3345318674086931
0.33644691325007436
0.3362763502076232
0.3335576921369537
0.3120741783491075
0.3100628219755526
0.3112233717094419
0.3097764231001447
0.28182020302480154
0.28260415716880233
0.27952780219059975
0.2813994798085989
0.2579463820796459
0.25759171437067874
0.24418165745840414
0.2450213084618701
0.2397155887857178
0.2399365646694884
0.2402101846078925
0.24046063552580857
0.2352190488138012
0.23530195936192427
0.23538589963939963
0.2354816616048678
0.23474373473305132
0.23475183967326393
0.23463449667710792
0.23335186084154871
0.2483567120854222
0.2489990671451152
0.24613309339982017
0.24851245479164463
0.26405756458941665
0.2635558856537553
0.2637540900862832
0.2645832417856956
0.29886112598129483
0.25726857983846835
0.3117910159862047
0.31158571563056325
0.2813219144823644
0.27849760290588377
0.278510180007621
0.2780258406790322
0.27326183490741124
0.271919137617348
0.273259298050308
0.27410213686424423
0.28016814127796513
0.30066582463246283
0.3004525055417704
0.2996218467291871
0.29706353217767034
0.27532972177949083
0.2735173648329543
0.27203915573414045
0.28051890892188514
0.300366999491384
0.3007734636038229
0.30122474433943136
0.29660877548093734
0.27640544025037156
0.4943221785551296
0.6385229293115446
0.6548869473263035
0.4442015046196928
0.34274788903102504
0.4063718420115333
0.4350573019978291
0.44472200068301604
0.41568892790704903
0.352756183943092
0.3572811038408711
0.34789565495119634
0.33764910292467154
0.3876111793579298
0.38134875714182087
0.3493943818941603
0.33181638304133937
0.3311229197336283
0.3477843999481689
0.35505939690393257
0.34821999491006095
0.34858768632311343
0.3484038656542827
0.3495083664405372
0.3498152848108624
0.3523308125366193
0.34849558916047924
0.34889329141973047
0.34931233794343025
0.34840421195166593
0.34441609020642633
0.3486073959019141
0.34794988174463104
0.3495160299125975
0.31693068236004135
0.3175623751124438
0.3184679633673636
0.3167473205321175
0.2797918949325982
0.280214888960884
0.28099009773576394
0.28181843874878937
0.25745497989139077
0.25764443477856447
0.25770337062293885
0.25777603934531795
0.23750007135000892
0.2391935992128187
0.24086960338690014
0.2426109484539523
0.23762350615290853
0.2377289719926542
0.2378649816578785
0.23809857966898532
0.23313068027135267
0.23340664634911776
0.23382931423351147
0.23426203811063964
0.24569829980853847
0.24589086479500633
0.2461019393311348
0.2463137985422461
0.2611660003533765
0.2600238482230169
0.2589775234579141
0.2599003478767588
0.2834989996881522
0.2817813739818899
0.2826658828462777
0.28647386418273024
0.3284049473050225
0.2878330859695768
0.2888358664968686
0.2895790585524869
0.29093405473758693
0.28907623918217507
0.28818874233183495
0.2621354409284188
0.2601940407222085
0.2597688427817984
0.2838578662267496
0.2829268396301618
0.2880174739054197
0.308758485803597
0.30785998435912576
0.28320616742996424
0.2752700330210082
0.25192007972125957
0.2498053466584682
0.2478002045634513
0.2579188374077833
0.2785434469345876
0.28172204852336685
0.28219170311360464
0.2779413866572988
0.25780266288504644
0.2572271627944585
0.2565553777192956
0.25247736796635095
0.24993795101064067
0.24775326522680852
0.24571650379474938
0.2751247364356166
0.2776108486849439
0.28502589066073125
0.29021313274299637
0.3063970960537828
0.29900674498334273
0.2984948462363257
0.30040510557063116
0.33612353606756334
0.3331230012319547
0.3341530511923291
0.33554690132964726
0.35111039306733416
0.34987162072008576
0.35198534818213023
0.39471049480687803
0.3496407577788999
0.3524063964244897
0.35265077009816337
0.314278505065039
0.3159688122405017
0.31754672312754356
0.3190974179417801
0.31978439380937346
0.35355637572202203
0.35021849210120476
0.35353049650684687
0.38658458740786356
0.3696705329849065
0.3687736846210224
0.37207452202339847
0.343531212765921
0.30031030223174177
0.2816038341974142
0.2816671619555538
0.2801744172888705
0.2698769570954223
0.25597817830656994
0.25721926056633443
0.2582411228025183
0.23790306065929373
0.23856098297922818
0.23920762454236255
0.23986957103104964
0.235535383519971
0.2372017678178565
0.23867400463411026
0.2403082182786864
0.2355421517711883
0.23589276942937873
0.23620402146564404
0.23654166396124082
0.23512604956258154
0.24605830225661837
0.24924798923022312
0.2492256710154479
0.2515814632073894
0.25165453311457625
0.24959136224983008
0.24836901348367868
0.2465869779038292
0.2473054093606705
0.24781388477215033
0.24804099429365314
0.2979669497221753
0.26026753252810936
0.26010713232053734
0.2636689354493504
0.2898125915625249
0.2879635296751745
0.25918910976092424
0.25847109581451866
0.25475734717121945
0.2534586374149807
0.24704972082354335
0.2505229255818487
0.2593425279746916
0.28101895525329257
0.28146239707273896
0.2809782023666462
0.2504252061179987
0.2294376695048569
0.2279720834987197
0.22663650878463226
0.23248192822977676
0.25102341845010456
0.25035513811839705
0.2492218548229092
0.24456097965763654
0.22454369015800932
0.22384889890454612
0.2509700502710659
0.2466358764848974
0.24422648125552515
0.24232819008121778
0.2132139048643641
0.2201120117082751
0.22254583837350864
0.22279244718637506
0.22213290662171126
0.22725202921037108
0.22811857007802958
0.22853582320042395
0.2632360975497527
0.29009423540617674
0.2913565134574345
0.2925337115868892
0.2937018373584297
0.30692344703024144
0.3484751104072243
0.3483303075642735
0.35948602361592663
0.41379993422251454
0.4062878720724824
0.4035674398475138
0.38911699412527345
0.3478144461147361
0.3506473788060938
0.352786146052804
0.35485958942154117
0.3532290734807834
0.38740699095974634
0.38772601851578425
0.38790297333550405
0.37148262205228655
0.37197723086634227
0.34665289938521765
0.34548102708916617
0.30160007768493824
0.3032239802698401
0.3045302836028815
0.3058158235525717
0.26131984982393647
0.2612243562364104
0.2609085408839333
0.26055835683781825
0.253832186267663
0.25441202843543914
0.25438007376801175
0.2552986077428106
0.24948164451021246
0.2500135924030236
0.23795526230350397
0.2382120961283475
0.2341988077667829
0.23571435170208843
0.2372925118350642
0.2389103910583904
0.2389956087785968
0.23834942610041213
0.250479887606207
0.2523133736346209
0.25503195981138793
0.2559168305289861
0.2573883808267521
0.2583491146327477
0.272264602007461
0.26517275079320435
0.26455876095227127
0.26756326845829487
0.29900160576965584
0.2615090613303245
0.28467495573149715
0.28570215846167574
0.29037374543126543
0.28840580486284945
0.28507857723228575
0.2895433486560104
0.28449367395310665
0.28631643285873104
0.28747709815112055
0.286563674594483
0.2700796608784024
0.2919803044629451
0.2911889890830704
0.28938057503901166
0.28772432568185863
0.26816925477813136
0.26687006726144724
0.2673842477953875
0.24887679348482966
0.26791716251349873
0.2666898019871166
0.2652668542210148
0.2590265531909286
0.238188346756495
0.23790567295657797
0.2655438634415072
0.2620968403114632
0.26016204534218207
0.25828232652119987
0.25598743567031
0.2561333065953286
0.28424603343663346
0.28392107377647496
0.2845936768799985
0.3096555172760833
0.31060122999570233
0.3109084332345771
0.3116198338484268
0.3455167914934091
0.3052242762222779
0.30709191157674437
0.30925876920374473
0.36844038987136274
0.36835530496002816
0.36748554718340737
0.3686992183100188
0.36631393180849986
0.3683815110881259
0.369204518118553
0.36888986465035617
0.3645727810194934
0.36568242063604584
0.36745892179641876
0.36876109480806635
0.36619589959711013
0.36599085736017833
0.3667297918587065
0.3666596221871165
0.36115047877282414
0.36088994589688195
0.36341662159655125
0.33264798227034376
0.31623661998303
0.29717992267913834
0.29820739183950157
0.29899757619642925
0.2742639054931427
0.2739891193788795
0.27354900431687573
0.27313501562013015
0.25207507542864027
0.2522494576931923
0.25250977561966803
0.2527818719141077
0.24741445667937131
0.24726280785659804
0.2470710008155169
0.24685632247266948
0.2411613636868659
0.24077976699054363
0.24040773054301445
0.2398858194931554
0.2396589611659644
0.24039566364261333
0.24121786302111656
0.24209174033210187
0.24283675077561
0.24186111251435893
0.24101644065783845
0.24030273913806513
0.24966170671131316
0.24807199537995495
0.26543685017881
0.268725177379512
0.2961696508090442
0.2624711899092771
0.23676136572115117
0.2399688433579274
0.27015224633138635
0.29490644666808036
0.29316678437727384
0.2925443855454264
0.2910262625348273
0.29269482540888075
0.5123059706666104
0.4389787642176659
0.31691919599998747
0.36365228320090576
0.3620927247006249
0.36079438153638316
0.3376544251149356
0.28990949819562695
0.28967185136140394
0.2887392025433393
0.298634457252485
0.31663851620616823
0.3155538272371128
0.3138797474962887
0.30578637424633726
0.28519760458708265
0.2843725143296205
0.28789364278651863
0.2573601148037333
0.2840824173424852
0.2536920359474152
0.2531464342354942
0.28264670905844425
0.2805230916449747
0.2791230063322082
0.2786221242974721
0.30328505781064174
0.3007036907284774
0.3010985143282655
0.30283965748855934
0.33584049639248736
0.33809063139994955
0.3398156110013519
0.34153434984433245
0.3588585298311957
0.35929679036638923
0.3601567357063152
0.36088601029360046
0.3594064246816371
0.35915695304233974
0.359229703937611
0.35826852234760664
0.35670667495599123
0.3584703645826501
0.3965021253279663
0.36099362592466044
0.35962914683513253
0.35914997610199745
0.39149745483491216
0.39389949461900214
0.37835409964852196
0.3536932333489414
0.3552729878309691
0.35401396747940556
0.33021230531766865
0.31046570286831215
0.3098179966204065
0.3099713580221168
0.26542236685383336
0.2655443298290247
0.26554615867947684
0.265569358358903
0.24508921557223792
0.24564880353327556
0.24644746832778794
0.24723182957811726
0.2423261591033721
0.24264816966728817
0.2429536422580554
0.24328035641644638
0.23715981195861122
0.23660394046762548
0.23589824077208119
0.23518562976076
0.2345742989979352
0.23490397860846418
0.23527986025134232
0.23565928212913895
0.2489612676081211
0.2481140447387253
0.24878372540457397
0.25271560763609036
0.2706008414544706
0.2704154277055872
0.26870011050569603
0.28759683988191787
0.3277875371020532
0.2859748056920188
0.28667865908073925
0.28868033279775934
0.285306801435234
0.2827386931745497
0.2830234647064772
0.254834005838536
0.2736094177332691
0.27746860009482116
0.2779531984239405
0.27721927014020364
0.28856437898248316
0.3094123062840048
0.309605650296236
0.3097651683026092
0.30521051360705465
0.28518553482988696
0.2605010788952439
0.2584213933302733
0.27074599356342927
0.2902121874570832
0.2894275699448985
0.29179603983983354
0.2844148314786771
0.2621186317965103
0.26203370775924056
0.2624580390884501
0.2326285810920008
0.23144887441407455
0.23005514050542802
0.2292036178776337
0.22557888436379545
0.22399629820224506
0.22315865024063866
0.22273536979087258
0.23952465496600728
0.24013463927164655
0.27412858196094697
0.2750868551228039
0.3010160729537575
0.30155500481109015
0.30188274353566413
0.3020995564367949
0.27346850401973277
0.27513803816071103
0.27658745012268865
0.2780424289654532
0.28519246594560244
0.28491307981581443
0.3257839740225019
0.3666482893764158
0.326023581819805
0.32659827052429213
0.32677633695795105
0.32685218724656934
0.35880861526422847
0.35957514240479826
0.35959694925242697
0.3594502181726297
0.3261090146283516
0.3264091621098228
0.3271881817033709
0.32351905486237126
0.3052880176123901
0.3044210311490545
0.2843077222718256
0.284075123156092
0.2583506844047118
0.257399616916352
0.2564379203519261
0.25557895742214687
0.23383814368833045
0.2328401725536565
0.23238881040429912
0.23208682621673932
0.226796093896391
0.22720114293525015
0.22767379198955234
0.22822157255105213
0.2222678791420586
0.22150248996830657
0.2208157858653764
0.22026484112623798
0.2192622280854108
0.21909632847981714
0.21884489791492653
0.21872753585470509
0.22088549814426614
0.22187281802814396
0.22314871626972804
0.22462991425246837
0.2536365318531265
0.25265756668795797
0.2521932084600942
0.252012133168564
0.318681700116701
0.2476896652055405
0.24909646012446854
0.2532478404770945
0.25438895697995145
0.2542425240153834
0.254251964040026
0.25437993005737247
0.25169087024336784
0.2507633598771841
0.27682784042844183
0.27879715782399683
0.280241402563504
0.3026783137370802
0.3024145669875052
0.2999985146225554
0.2689072747678414
0.2510950050033813
0.25044612666618
0.25217022410495
0.25982014941551407
0.28036953131595393
0.27686365851429734
0.27917128553476817
0.3013174978830604
0.27749972303574255
0.3043338708681993
0.2784874841391836
0.27659577263950447
0.27534873186875436
0.24944424271289284
0.2504503890644945
0.2810068474837673
0.2796806535160543
0.27666481370920815
0.2779409441437377
0.3031760012926465
0.3045168829194261
0.3058849064125585
0.30772335663013817
0.38069823903056094
0.37905920408630756
0.3789594346303658
0.37899632850914305
0.3970812459477417
0.3980999616858212
0.39851808834940927
0.40121081550918847
0.3947432663102571
0.35582497992878426
0.35815842317203384
0.3602797384374265
0.3554813478897121
0.35441187377991534
0.35709494328201075
0.35622904070672307
0.35366769881534765
0.3576877462842706
0.35987613366178195
0.3573772186186287
0.34352831127365613
0.33131182622159333
0.3477364723502291
0.3495177258818583
0.28713629685076414
0.2868912378037652
0.2845809862206448
0.28522638143865303
0.2613860092501271
0.26248860312584615
0.2634818305145254
0.26449745789934853
0.2442159698097503
0.24494603992097827
0.24566498107855936
0.24639817038134249
0.24132809769608446
0.24129912472366094
0.2413794483355975
0.2414466533999074
0.23731772167399337
0.23879107689295329
0.24035929318315613
0.241966805665416
0.2419545879193848
0.24250644350099404
0.24301443608036755
0.2435011555986516
0.24457862155566368
0.24426536617534572
0.24395671047217843
0.24365431916462518
0.25260500792259577
0.25187621004126287
0.2513679846967304
0.25089717613204
0.26868538638472317
0.23534263090458565
0.23372355260686015
0.23498356192189745
0.25821515738774004
0.25992919450181035
0.2876831136163363
0.2856368416149244
0.279251165363467
0.2779428761196227
0.2511047026551998
0.24770878142424202
0.258971912192207
0.28087230793250795
0.2794338150439054
0.27768874512225816
0.27509229418169445
0.2524849296698634
0.24959694878345626
0.24965588541038064
0.25472068834651457
0.2479058108345432
0.2469858655898497
0.24770578685350303
0.24370282084471612
0.22341547436358994
0.2504861794110967
0.24906350624339674
0.24533016985203085
0.243461743261986
0.24189987111759115
0.24016398646115242
0.2251559244020509
0.2256870500335872
0.22916343301692782
0.2273700325640139
0.23372764736338636
0.22715063306473857
0.26455115640536203
0.3028094372045549
0.3314564228010186
0.33281944252040135
0.33392394252336616
0.3334465839354285
0.3072147925505126
0.3042675446244671
0.34760896264530056
0.35980853275935143
0.34827213167237114
0.3492732986756255
0.3517350377689392
0.35323805904571604
0.35023556858025945
0.3509303010246117
0.35131829805023873
0.351311984374091
0.35050104935505677
0.3504354524576274
0.351947759036347
0.35453242045038247
0.3473240896991802
0.34597443214130474
0.34732163593069687
0.3457799290206769
0.3201487046382244
0.32024527786171536
0.32157611756245996
0.3225806912236232
0.2924983038138195
0.2925601983102369
0.2924478335658745
0.29231353732661847
0.252084300806477
0.2534307660326536
0.25480651180043384
0.2562406200462641
0.23727332838610232
0.23741643063682902
0.2374378515364134
0.237432783552973
0.23244756015725365
0.23290628298274124
0.2334064719408013
0.23393236116980445
0.2330122777844556
0.23270296792789233
0.23237716441668355
0.23185897833209412
0.23329647485518304
0.23328487175240212
0.2333733326110928
0.23349050407297114
0.24296333392992042
0.2628020318474487
0.26282462068869195
0.2631048733783569
0.33300825648747007
0.28137479647670866
0.28301083176214525
0.2588790002100843
0.2621201192185638
0.26202713562509444
0.28906703299438685
0.2893868565361889
0.2579279650787099
0.25572417953085186
0.25410739407697974
0.2526281251976962
0.2554885754579168
0.3024673804094954
0.3036552439953094
0.30379317525472144
0.30440841696123966
0.28351752001372094
0.28337660658171737
0.28319011686815293
0.29016249747772316
0.5284440302190411
0.6729731505612094
0.6711799260098724
0.4518338959590851
0.31143655714844737
0.33825038213393266
0.3364773928741222
0.3159375157376494
0.28981604547652756
0.28426740750028356
0.2833313945610672
0.2886261743922415
0.2888438847475
0.28884907550799693
0.28939505356973977
0.31316328845889446
0.31378933075870497
0.31437439859215255
0.3152424319095597
0.3459944795867571
0.3441399482072399
0.342786051836868
0.342023668243693
0.358651422665121
0.3586595352306187
0.3596572247901891
0.3606193988432976
0.35963615645017744
0.39806309457669675
0.3580131276010593
0.35876972296177556
0.35133188693873896
0.3555072242475814
0.3537234039362716
0.3518181243035767
0.352132814387864
0.35274618311254013
0.3529232292802027
0.35504704131571857
0.3480748025909782
0.3195945431660096
0.3188474941485204
0.29234687002745563
0.2809158375348448
0.27921699002572364
0.27781411976972437
0.2767041055367968
0.2516521986234786
0.25174587194503584
0.2518738248570286
0.2520650826664328
0.23087816182577034
0.23069224005337868
0.23030915071076646
0.2301915402152656
0.23659315878726825
0.23653614683083718
0.2366981544245323
0.23693350976479122
0.21928518928968976
0.2195288692525946
0.21977445860211556
0.22005019299598938
0.21938931069865142
0.21965584918350162
0.21996819037062504
0.22032930206367213
0.22217388938546406
0.22255417006637448
0.22303204591563924
0.22354168748014008
0.23341755693354016
0.23247411505433022
0.23190786528018334
0.23000991923595576
0.28857948089495183
0.2201324931550403
0.2208789317854226
0.22345199146773995
0.2243446883566918
0.2515897473317596
0.25084525885167785
0.24833198244923263
0.2682948460220504
0.2450050037383196
0.24550426924758317
0.2451485571717925
0.22571244974000035
0.2467189282543362
0.24970315757940578
0.25149085615371836
0.24781123327313812
0.2278922386439448
0.22749805816373972
0.22716459573248987
0.23392522262715332
0.2536525490937211
0.2533599732080444
0.25339289919642316
0.24835954680194422
0.22749508474122895
0.2264600899636192
0.2260615140352964
0.22473680993337558
0.22467928066914444
0.2237459179984496
0.22279059299424953
0.22161548636969003
0.2214159350565035
0.22162560310945398
0.2220905804330255
0.23828116447588132
0.23876399325008874
0.23924972310583603
0.24016999447423865
0.2585574423148429
0.25913414798408757
0.2596450012187703
0.2601365383026639
0.3149045923786935
0.31400167207836543
0.3111670242575409
0.30926428429890757
0.35125514341368513
0.3505615606201793
0.3530759971777869
0.3551067470025155
0.35177353462967004
0.351910999630449
0.351809898281414
0.35163865599007893
0.31467897174943404
0.3152502846104647
0.31548917804720744
0.31560231035001707
0.31513046122549737
0.3140221350117793
0.3152631984563098
0.31342939153537275
0.2952826568732859
0.2941033618599159
0.29321817617514917
0.27206286017130327
0.24761484337614673
0.24753447561548822
0.24753035574152377
0.24789857280102953
0.22719214277081043
0.22744883695311255
0.22793843352634377
0.22850788212590545
0.22313475764280208
0.22350606240399393
0.2237181104403416
0.22392283196150856
0.21897001186899248
0.2195768665457186
0.22019946403377053
0.2211997053079881
0.22251725210662576
0.22304672227475267
0.22320208116385207
0.22326227057355777
0.22417086762139174
0.22350101738173253
0.23402018275198663
0.23166403801011767
0.22754219667397643
0.2274443750286473
0.23011487768937475
0.23209704492189986
0.2894659739254759
0.22197680951132975
0.22215064953790928
0.22408592793885676
0.227530996026487
0.22849068685449936
0.22898495079390607
0.22904204762172425
0.22873522796834997
0.22906650740405013
0.22924575794115284
0.22797901445828023
0.25174272784666885
0.2735588876178113
0.2971980766403196
0.2969967046731961
0.298747159739001
0.27668636419696124
0.27581378217716107
0.2783715224758206
0.28399116663664065
0.3034409998028034
0.3044481393381618
0.30112061988085403
0.30219510896496227
0.28206326993850195
0.3106481576261636
0.3099465659683608
0.3047386758046576
0.3076576567928621
0.3085284600662597
0.28177165920192065
0.287713245918278
0.288262025183982
0.28886904935554686
0.2885557645456262
0.278807587744746
0.31208360888340625
0.3123689292313973
0.31264765978664705
0.341520103645299
0.3427639474957816
0.34172832948763554
0.3430765734196826
0.36061912880930125
0.35746140120626047
0.3547930788638601
0.3539807177094582
0.31587881874327606
0.3191446195518894
0.3609493479631452
0.36131483382287755
0.3575128503101255
0.3577841512280563
0.39281658285397303
0.3935260735159035
0.3535082979544275
0.3547912468853495
0.3592523250302308
0.36202655952505997
0.3297435004299431
0.32972486023735387
0.3289797521409038
0.3249614962246031
0.2857512051152377
0.2842519023504449
0.28304296525119554
0.2821425542604944
0.257154962656421
0.2572771481878694
0.25742464069762894
0.25762756743438453
0.23677866964044675
0.2372909258833688
0.23779441343555124
0.23832086691861523
0.23281833562729293
0.2324539196241597
0.23203891268229843
0.2316169537022316
0.22633157673324591
0.22651418918046834
0.22658642562748657
0.22681229485280052
0.2264214757042072
0.2268221038573708
0.22723700535204128
0.2276600513342643
0.2295168879501466
0.2299706459672244
0.23059826563194552
0.2313394310851017
0.26077805483630573
0.260123146225642
0.2600688242244858
0.26011685872362245
0.34292205776250434
0.2757957114797604
0.2776343347989233
0.27698450485438186
0.27755873751680304
0.27915256430669316
0.2802634300007209
0.28075458500155115
0.27797955635546684
0.2778854721810991
0.27743083894558856
0.2770494778868809
0.2804748330601259
0.323727965855226
0.32631547800656135
0.32614815440928135
0.3258645040417759
0.2791090940750558
0.2788700691173892
0.2785741048201179
0.287462753683181
0.30687457037128957
0.3054343337577855
0.3059302540734261
0.30248780119894497
0.2822824194138097
0.2818962608888847
0.2817268637923675
0.27885752057046553
0.2778923409778118
0.2768884575718229
0.2793694415488374
0.2842694544979295
0.2838497783859389
0.28191215445433665
0.28361961897946664
0.30626397021390867
0.30365992225133503
0.3083500663656706
0.3044400421033811
0.3342666259412239
0.33834239493683504
0.33981949456517496
0.37657915981848133
0.3945566776503557
0.35103760205159523
0.3497403414375138
0.3487354202368685
0.31014542297279635
0.3107486000919958
0.3526001351988623
0.3530270627232395
0.3516811895728274
0.3155519099584842
0.3167676517843224
0.31735633887101194
0.31871686540426286
0.3198877754459186
0.320624290344101
0.35538949624325944
0.34793113087502076
0.3218283941481239
0.32278136448375355
0.32136647969353715
0.30364020804139347
0.3028910702166552
0.302434844498032
0.28253973676729766
0.25767652029489013
0.25768153727381576
0.2576459355219965
0.2576129059185819
0.2372950580628668
0.23844091499565664
0.23937276330215762
0.2408665538329121
0.2362322876643348
0.2367215257689576
0.2371684193733894
0.23762522919888585
0.23281315730383448
0.23352915204985908
0.2342690756393914
0.23502637555735592
0.23455149963421226
0.2347255809178366
0.23487534605972193
0.23501824287199885
0.23694393752067916
0.23747445192777272
0.2381169970244621
0.23861246396588187
0.28825281472074554
0.2878731038207707
0.2679969211842628
0.26577352010856103
0.31079723741439164
0.2558273044816268
0.2578606834943783
0.2612829182797325
0.2637798314008346
0.2640894576948029
0.28870991340938323
0.2867101243888044
0.2815234909227203
0.28046919571602325
0.2817727825044248
0.2824312950146466
0.3137553391391701
0.3339940562876171
0.33404558372082405
0.3336623043205503
0.3058359855852592
0.2850016931581527
0.2825732194783141
0.2811966529404984
0.29167329974405354
0.3101601078854161
0.30980912387909953
0.2826714139457349
0.24965240939674385
0.22729003509160942
0.25535391748526526
0.2556719990240784
0.2505137552783755
0.24948722045037489
0.24789538649279916
0.21910273221840004
0.24635329588148827
0.24521329644836737
0.2738532377391741
0.2440325094503123
0.2983597276321435
0.29737206738440586
0.2981955272269111
0.3460439654234556
0.39170275823918693
0.3909275782860804
0.38932904405625235
0.387522763951868
0.4126032038672757
0.3515771388988547
0.34822298820974246
0.3485642676880408
0.34834607175854393
0.3481639154832854
0.34969694998703216
0.3511080410695587
0.35034194556850307
0.3525551813861544
0.3535913257119912
0.3542966625298574
0.352534911093832
0.35355092276270456
0.35439918240863805
0.35396573363680683
0.34708583107173324
0.348782928813154
0.3228983437913086
0.3208875073274979
0.30334372318569797
0.30259619070809446
0.30206994432350215
0.3017080865863646
0.256970574693766
0.2569605577233441
0.25664968732916205
0.256522189691632
0.2476212126368095
0.24766625970150558
0.24768781974550996
0.24776787166367273
0.22882597156739487
0.22894604911387093
0.22922499501237392
0.22948561650033747
0.2243049417728949
0.22445125523940046
0.2245905947363164
0.2247326511836257
0.2240146752611942
0.22402884409091814
0.22404058353712097
0.22393665901679233
0.22506092378827625
0.22464911833757498
0.22430645182166237
0.22397814684124917
0.2732040236576148
0.2711334582704833
0.2687735266320168
0.27144792332250783
0.3569430233433284
0.27248020309060966
0.2733003211905909
0.272327810935953
0.27685544453387034
0.27851479046950955
0.2780974342409682
0.2793783160913205
0.2773388035809252
0.2517599983019673
0.27879192485648535
0.27920826998743525
0.30911122317683265
0.32869978587546494
0.3257210638466435
0.32329468673837014
0.3215827386168126
0.2998222783401459
0.3008868147313082
0.27564357353721436
0.2850547477982149
0.2770137401939563
0.2773035186550119
0.2771507689217081
0.2733241260302871
0.28126817425200074
0.2789320418197358
0.27876785774719043
0.27434957604582727
0.2728821184280786
0.26915390435641356
0.28582748750380604
0.5507434356354675
0.7046269673270017
0.7004611471957234
0.6996860270986213
0.7172453559862514
0.7164172607594369
0.4871634797636619
0.3893260821328235
0.4614609112951156
0.44633498561158114
0.3775041988476645
0.3637033524078715
0.33853520065905596
0.30587840070948197
0.3073897034835879
0.3080593707907932
0.31071792722999925
0.3121772163182117
0.3131690402233038
0.314014418620612
0.31381699227766674
0.31480579826101995
0.3154778762485733
0.3524873146514858
0.3505132064004943
0.35185280901371346
0.35201438352167436
0.3850406821664576
0.3714880939379027
0.34576650819498506
0.32070072217280676
0.3194216502217517
0.30145349626569984
0.30029150469137783
0.27971822660008805
0.2791184187634371
0.25430884149306726
0.254549771978404
0.25478781701059283
0.25491436313257004
0.23419249838087144
0.23579985697358494
0.2372581381170304
0.23878256233283604
0.23441885145280106
0.23524063246584215
0.23588642099968396
0.23672485610897168
0.23198820959037844
0.23256226701299276
0.23313692861752477
0.23372754138446133
0.2338912801220689
0.2339868035514976
0.23388594300007345
0.23373490070911815
0.23500981214473005
0.23464486851820573
0.2345607608751946
0.24807833167231075
0.2639260845281069
0.26385085584655893
0.2641364578247468
0.2645328106711204
0.3065588908934139
0.25935074628745963
0.2590246295790295
0.26258606426814884
0.2664637247825438
0.29351235039288326
0.29365553582478504
0.2941222140307856
0.2902372187811011
0.2899532424863137
0.2894057407541733
0.2887429017471139
0.2939894744874524
0.31535440217055394
0.31585083485978366
0.3149717013203473
0.31249202986960123
0.2920632982342557
0.29158238352661425
0.2628727533692938
0.26850297406062995
0.2925638759577907
0.29206294836309793
0.2882865522975505
0.28570017139150816
0.26531769910789443
0.2632992441604438
0.2635321976423758
0.2598140759672647
0.255897356512562
0.282973495180887
0.28617700291818055
0.29313365122131624
0.29371670998212823
0.294017758305428
0.2942594897124343
0.31721190613213307
0.3174648326001834
0.3172729071769516
0.31797083284743816
0.3502726288175519
0.35064683942464114
0.3509495332335096
0.351247261568055
0.36525642488757654
0.3638177371141143
0.3625212454343161
0.36316793939968645
0.36479596272542847
0.586059578145797
0.772372218263157
0.7716060906660092
0.5452260659203089
0.41758210749541164
0.40600601642552914
0.40540338529662784
0.40337908447638277
0.4038485626938046
0.3984474338839466
0.39855935329619874
0.36889342254936514
0.37101685201392315
0.3510013015989593
0.316952115454777
0.28493551427616076
0.2873829896478774
0.2876265289508703
0.2857078944150235
0.2622309945012207
0.2610273718881341
0.2784233849457426
0.2632764746544209
0.24205874946741157
0.2415084679716084
0.24082906047234137
0.24015641291668383
0.2351997023102591
0.2358243916934746
0.23658842346837644
0.2374762338641673
0.23165499193686237
0.23092788346308643
0.23002073656227554
0.229334733964912
0.22851818238951163
0.2286199179606567
0.2287865127687401
0.22899239258664728
0.23058121695333172
0.2306855866180611
0.23088134896122386
0.23110809575878363
0.24043363886980829
0.2400180748838606
0.24000360722518826
0.2387639860776302
0.3145425234654335
0.25413294221642513
0.22686421320785274
0.2301602756868362
0.25816080098088734
0.2572215597831515
0.25554887979505114
0.25521099000115083
0.254264197573466
0.2553732159238683
0.2555486830514636
0.2557071120026954
0.2616690317836109
0.28242429987960693
0.28285897111005437
0.281630060612788
0.30487721405062274
0.28423584721997525
0.280873804271549
0.2814606012398099
0.28984037884354596
0.30934499775104046
0.3098743239929601
0.30938398900719777
0.3056859504111088
0.2854053198555689
0.2848406842321125
0.284378008694611
0.28050019418193434
0.27868729168876105
0.2765977134088148
0.27592731094947565
0.2781666509797435
0.27815391717027793
0.2774992037013365
0.2784365254881062
0.3023643537185682
0.30248452263454145
0.30222378695638574
0.30323114628395115
0.29674754228565764
0.29809734037659413
0.29889700359149235
0.38134012075990087
0.3999651498154198
0.35658071816531306
0.35738090332245187
0.3590572354792821
0.3579357805173417
0.35900413811467674
0.35974943723410824
0.36030018283856674
0.35708717329306283
0.3578311126467807
0.3573070091712594
0.3583960526339433
0.321246629604351
0.32315256279759536
0.28923082611810746
0.29002072654644795
0.29993857912375915
0.3008630145953678
0.3021106554935896
0.29890535519193634
0.28761598767319496
0.28725348682333796
0.28716044190030515
0.2878637598278259
0.2631805343290667
0.2633151319595421
0.2634203400217928
0.26359020763397567
0.2426401808979827
0.24261353346503445
0.2427343591706794
0.24288123616897583
0.23860526832440063
0.2398736177930078
0.24122910688412427
0.24264559077471934
0.23789011999058501
0.23836263064539034
0.238864144957934
0.23944104552869477
0.23796096504076494
0.23813997040545298
0.23846356263914634
0.2388369583532691
0.24062156015740735
0.2409242094718187
0.24131019614052118
0.24171535281978757
0.25087150530254015
0.25023843502834864
0.24966784633369787
0.24927389704519465
0.2712199928909867
0.233955658403245
0.26242295865003135
0.2649597803212608
0.286881997503002
0.2887597062632345
0.2891834405481497
0.28619858954675864
0.30651293527069784
0.30605068355202275
0.2792022033928303
0.2549690834685949
0.26310135952424013
0.2823826315926532
0.2839999547375852
0.28379695799650134
0.2537072926150906
0.23305679206390065
0.23196678973589407
0.2309584098962892
0.2373264222640748
0.2567923744028999
0.25626136304668934
0.25476526165462826
0.25026726491052037
0.2296709389555348
0.22902450626303275
0.22869568069953367
0.22832421222091814
0.2550985923397533
0.25424026911231035
0.25208990591232394
0.2541205000706428
0.2541160371971002
0.2527839011739562
0.2801628009088326
0.3060671483656192
0.2729904947366616
0.3071984018527271
0.3078155531926308
0.3409253847212485
0.34143254248943056
0.3417341908760043
0.34235183507294903
0.35965223062533
0.3601369517300075
0.3607861824639903
0.3609898267995281
0.3207131810666214
0.32140448447351044
0.32189207032631306
0.3223557252213971
0.32314254956979277
0.35833224516812723
0.3570329493070197
0.356827864464296
0.35445284168363145
0.3548136477134286
0.3202715447694256
0.3207473785631284
0.3233058188688662
0.32574181692674964
0.3274306749708028
0.32435565446800746
0.3050693881575964
0.30421780008587523
0.30555853159592355
0.2835775991579091
0.26167282356334304
0.26260761580549963
0.2625370496600278
0.2635258617863316
0.24266055846019075
0.24268238961971447
0.24267919237244603
0.24254221141544008
0.23731065218750097
0.23740118530897825
0.2375084164776356
0.23764757810758597
0.23253827990637452
0.23282003006529123
0.23313494530009646
0.2334897404477812
0.2327751320049922
0.23268309965268702
0.2325296964178925
0.23250076712365306
0.2341301941785559
0.23433384766989918
0.23463553170815107
0.23496557213678007
0.24455702665846574
0.2444944397882826
0.24469980154193255
0.24499429978705964
0.2766173760830559
0.2307272121887395
0.23101167960447916
0.23319188358038903
0.2360408507814413
0.23688437006043148
0.237466915524965
0.23645160715374286
0.25955012625813056
0.25790467510484216
0.23098655830269857
0.2319483069752206
0.2377561859577611
0.2581387966729953
0.25798693634572956
0.25735906380248086
0.2519069665530283
0.23005446113035657
0.2567444123243815
0.25683554599303093
0.2643805771177982
0.2832894729343127
0.2550596786263836
0.2546437814803013
0.2496412023072496
0.2292438337277666
0.2277896717869186
0.22771867253788666
0.22739779186390954
0.22697354307685325
0.22674893273026864
0.2268735181223074
0.2270104872117927
0.22825006576497825
0.2292783960319787
0.23032834967007706
0.24581650925373122
0.24697793651617242
0.2478142384927251
0.24903000990602114
0.2669151431216892
0.2672462818092104
0.2677037610335502
0.2671644504523979
0.2787533546161965
0.2790258013395163
0.3204028522661223
0.31834528781896676
0.3601552119304211
0.3585992153506124
0.3574829168445233
0.35657580875422173
0.3529504473849128
0.3559625583649838
0.3580556762332258
0.35924533688441834
0.3575139882802041
0.35835707768589314
0.32457096627304
0.32556275297505777
0.32818010675646336
0.32883092871682695
0.3286618548457955
0.29945566076778934
0.28778398366874414
0.2866806269249043
0.2858714924759951
0.28509656885778556
0.2590094761097396
0.25849814210584576
0.26013726238415213
0.26046065516667405
0.2397677193219705
0.2385157407534958
0.23901498678219263
0.23993514323556087
0.23432394167424866
0.233568666744358
0.2329858590803665
0.23240214892410901
0.22717469128633977
0.22745725625367297
0.2277810208901355
0.22811892335609193
0.2274901028478022
0.22756950167878134
0.22764072459193918
0.22758024587173126
0.22881355010549703
0.22851225970051495
0.22828127626336184
0.22806582965141906
0.23790574435928047
0.2382656740241883
0.23895732062199124
0.23977074560700032
0.280871509069754
0.22678998981046145
0.22782123410659572
0.23081347791365045
0.4806905974361441
0.6275985242997818
0.4088156291777049
0.2812964784252477
0.3048691646337543
0.2786100993141453
0.2781013961405659
0.2598897370550847
0.23914107364347995
0.261230288380751
0.2875197973650401
0.2878258151008617
0.2834226018526726
0.26244160510148207
0.26143632141289763
0.25810807124733476
0.26329203414272556
0.2828585224115997
0.3103252232614352
0.3128230985188126
0.31186483440052803
0.29186559412791674
0.2911048402981813
0.2903931414875543
0.28921458684655965
0.2896015484227912
0.28983797325504007
0.29002631272073776
0.29648275650211725
0.29988757508108704
0.3033686771143393
0.3069272733594005
0.33076414063240844
0.33078858958993024
0.2971454563806954
0.29793315543128973
0.32273068442139624
0.3202204684960988
0.31968231815263637
0.3187945057618167
0.3292439114724245
0.32883671255205604
0.3292871980979331
0.33488580857583866
0.2974718774613643
0.2986861531381738
0.29871232061595954
0.33826821193726
0.5571603738895344
0.7348448833145059
0.7332896685307345
0.5157131702128214
0.3842412981979076
0.41021785627760105
0.3911473724879744
0.36468493807109714
0.3343909134279394
0.3095723608787351
0.31094083350017426
0.30799784757375215
0.2969593194517409
0.2967514035465161
0.29707124705069576
0.2976712621577439
0.2718917785025952
0.27081241189027677
0.2696915095716284
0.26861811063791285
0.24816003676913054
0.24918227129225612
0.25034384477688654
0.25159065877400266
0.24523762893608964
0.24379148646406704
0.24242071162396547
0.24116902954845296
0.23521771989188886
0.23470617205378808
0.23422442221938136
0.23376543828393972
0.24562127129965217
0.24657747921224868
0.24767952803106444
0.24885236209326872
0.2523264903432831
0.2523738827952629
0.2526306762949104
0.25310213093386214
0.2890055288775478
0.28865822159623117
0.2671100432440897
0.2645908331643663
0.33563299793571627
0.28299747541728976
0.28029254239215773
0.27952519479591875
0.2800779238159997
0.2766550663788452
0.2799582714270507
0.281141643864556
0.27481381630790314
0.2721257335368652
0.2748273394058236
0.27466726355705506
0.27965474591100214
0.3039846897410793
0.3049025723517979
0.30288248392201916
0.29991171599935074
0.2810514243038816
0.2775893067015531
0.27726501673528886
0.2864939783697025
0.3064584703439323
0.30666975224902643
0.3068436222429847
0.30426186772803276
0.2848093642441498
0.285516678699129
0.2860456896958094
0.28165678972976455
0.2794180644958927
0.27759407702690075
0.27463516661790144
0.2473792444647994
0.24649836172860798
0.31592660896858066
0.3342655819614102
0.3056207620343204
0.31710694586575855
0.3096894312772053
0.30143630670353344
0.3316610596828044
0.33430656392912994
0.3348246991811424
0.3363399923285315
0.4011237356936586
0.4026361663282698
0.36180709243339737
0.32103527654832476
0.32454761120333947
0.3245579318924973
0.3242478281600303
0.3238473073270877
0.32331588881194806
0.3233851065416263
0.3234036176445903
0.3231471256705842
0.3243843699292393
0.35888166116436715
0.3591186094027042
0.35964377026651423
0.35276235472977185
0.35356269882358676
0.3548146656523874
0.35138656654275807
0.3249719663264591
0.31617861618853155
0.27755920859651134
0.28260974363056307
0.26024103054888953
0.2622632185767796
0.2643534727870331
0.26672888416668405
0.24593046762833176
0.25865090668933266
0.24425447249684185
0.24388000273897043
0.2384945105182447
0.23846267828580198
0.23844415124580712
0.2384533048576383
0.23285543958137603
0.23260143491067944
0.23239246419294163
0.2322449494713229
0.2315799537592059
0.23175755888477817
0.23180445232322358
0.2321130728630326
0.23407071830203496
0.23462164726191964
0.23529786496041155
0.23603337262021332
0.24521051092911583
0.24317860605389002
0.26254789894520575
0.26298594309948137
0.30409581494200655
0.2580717543625575
0.2331657167391787
0.2373135714322387
0.26513303429775514
0.2639954303899483
0.2632658878780515
0.2650988272477619
0.2643153640923375
0.2651255371226091
0.2656301648920513
0.26627803337308475
0.27099422674473367
0.29037538433819293
0.2895660644520583
0.2883452337140458
0.283190017377509
0.26024458496687536
0.2627942740308823
0.4826040589103662
0.41703581259127365
0.33505628413050964
0.3884124684066422
0.3856899055409259
0.3806433163887738
0.342564229735544
0.3168596604793378
0.3183249784642205
0.3136730573097958
0.31158052550203147
0.3076428767322014
0.3044762330662945
0.31015480696552467
0.3093515568316577
0.30902797188514103
0.3090464515659438
0.3060903173700734
0.3090750913199234
0.27701831668412513
0.27459021880884743
0.3022114927267552
0.3039719796356472
0.30560247178675537
0.30732032279155025
0.3227858134520998
0.32406664091086096
0.32541087007759867
0.32678796723715664
0.33036677414811955
0.33140068962431796
0.33210029695913185
0.3319930012789116
0.3325450450843753
0.3701901507952369
0.36980929051729555
0.3702867940710234
0.33569124986301213
0.3355838255418871
0.33642027894813104
0.5564402401524735
0.7282082561620814
0.7280123352376715
0.5088141749803704
0.3759575149302221
0.37589782705348435
0.35394451831775986
0.31471262558254837
0.2876044491812391
0.2640355991062189
0.26427128107284587
0.26471981225307617
0.26481889681069615
0.24376129360204207
0.24371011050406197
0.24367313453763795
0.2436932577696474
0.2384461246043684
0.23851048247300674
0.23857443646109658
0.23865231408612203
0.23381362107107595
0.23442739085799671
0.2348705680676645
0.23558132440071636
0.23400289026199397
0.23374105106247223
0.23362294039582873
0.23354841115438293
0.249140081142373
0.2496795271477706
0.26403105594291404
0.2647160094281371
0.2678181299418584
0.26795002962662523
0.26815785130909264
0.2669746416911745
0.3274175211204632
0.2863926124724866
0.2832382735705463
0.2861014094785743
0.28477181904602555
0.28586039018843523
0.2867634390323156
0.28676959620276404
0.2805626064609096
0.2793620340766148
0.2777982230810484
0.4971966038852694
0.6244322243215337
0.6699365744901198
0.45074788340878047
0.32219362076233016
0.3492189919174237
0.329430959023822
0.33021769055431865
0.30543185534627915
0.31090788328231084
0.32802744331054134
0.33647672100665044
0.30847095765064353
0.3082659303453598
0.26110430831022746
0.2614510555568791
0.2611400846714056
0.28500831401699683
0.2826003981265881
0.28081833986473176
0.27885673516952303
0.25008138698948706
0.24841303799918674
0.24718274984518607
0.24619727617020376
0.26769599983543724
0.26904856250051806
0.27080999095057245
0.27346875302114976
0.3019383988117446
0.3018355816277396
0.30355238769150683
0.5235987085986378
0.4637824734579691
0.3376140113584929
0.3649699733816957
0.3645302062475955
0.3486158458864653
0.3215084972353945
0.3229652449135602
0.32286388574482083
0.3236573252677106
0.36088687369960404
0.36078820500813324
0.36097758977409367
0.32440750664785667
0.3253967076981571
0.3258891702326596
0.3600659266669723
0.35216540951027137
0.35284961837609014
0.35387768061730523
0.3513657487207835
0.32767118795739053
0.32869636395344615
0.3278546987684836
0.3291685923325856
0.2995314889684654
0.29502712850944274
0.2805576115536745
0.26523912571968633
0.24353535893917785
0.24540541714826375
0.24393910341686248
0.24625032823558818
0.24165769856425187
0.24179913469257072
0.24178320713109722
0.24222297012200714
0.2384473126112524
0.2402884030650686
0.24220823382260478
0.24417999404147636
0.2440524129910416
0.24436392585234729
0.2445236391527004
0.24483459725884832
0.2445990114321331
0.24249233663660977
0.24045414918894883
0.23856389556752874
0.24934795884548946
0.2513591160667088
0.2539472834424479
0.2567911512292256
0.2594784186162084
0.2624773358821357
0.27743772518985893
0.27597104504081066
0.3006181441814842
0.2985741569986221
0.29803710885354323
0.2978874545869947
0.29323552170830297
0.29312337281543394
0.2926807331613808
0.2924337041517721
0.2985231826711454
0.31982077223217786
0.3206370683334892
0.3207622797801486
0.3171990760034323
0.2929950475271045
0.2887221789522926
0.5046561906399936
0.6589424793258429
0.6773204366250536
0.45700864069791464
0.3282139760254033
0.3493530947245143
0.327323199547526
0.30794899582734364
0.2809543186544447
0.25095501310957735
0.24831936529096502
0.24808485559320909
0.24676426447810698
0.2457416044750964
0.2446073613466409
0.24364845459905
0.25198668292369136
0.26933588329631436
0.26287438077943037
0.26571103588078127
0.26829012652826995
0.29588522367316783
0.33896973084329163
0.3001847625903211
0.3008770577238322
0.3169886878252559
0.3595822712206521
0.36051389433678
0.3625481201081132
0.3612845362080984
0.36142653745573766
0.36488247639560395
0.3663926369642005
0.3635177425052867
0.3636591521322408
0.36474130846528074
0.36369348871909774
0.3623994004023497
0.39767967959236533
0.3576863087553929
0.36592213435504567
0.3549240788126591
0.3536473571489048
0.32992003589888275
0.3304147692062747
0.31360993709590274
0.293743867389879
0.2935976733076717
0.293853351797945
0.2694150582631548
0.26951655377626893
0.2700534169133846
0.2704309022177008
0.25075061639368074
0.25241000255766655
0.2540474664128458
0.2559498726198553
0.2517791480836894
0.25272299716834207
0.2536048236657258
0.2544803849846043
0.24973095336220527
0.2502554983167534
0.2507553767704176
0.25125082301890267
0.26275491508650206
0.2628055951527046
0.252174201719057
0.26200042244544447
0.2630969735068894
0.26202632782409263
0.2613994853118075
0.26358915409872735
0.281688926567303
0.2827632931680604
0.2838301238084478
0.28471939055124584
0.27791660845706195
0.2758953424630742
0.2728229789129757
0.3019810204084245
0.30116543695918935
0.29826104507767776
0.2968635147330763
0.29532240461304315
0.31179624906033654
0.3110822197409408
0.30725160606287694
0.3062086669429364
0.31786581163590155
0.33775866025778933
0.31331069149021684
0.31562440561486477
0.2853264998754487
0.26462947846994644
0.26374433825878624
0.2608318784524944
0.2693904243441788
0.28897514474438973
0.286231449444548
0.2591760478754777
0.2528580445072523
0.230620628432448
0.22966233043589654
0.22852022991982124
0.22779348376340797
0.2267196932711507
0.22551721816061918
0.25169929835883725
0.21962516317384134
0.2180809172268482
0.21731401039928888
0.21687497670091854
0.23376670862297044
0.26813177446892855
0.2686949830367907
0.3043913690154756
0.3370086371685496
0.336694339206015
0.33948494222119396
0.34175370106734826
0.3575138145037824
0.35700115371916746
0.3576390106727075
0.5778417045070251
0.7234118979133229
0.7243447573498258
0.5088688513932869
0.38381647978268096
0.4064292662820507
0.40460284334982755
0.40207476431147166
0.43678603662578774
0.4317972292322905
0.363093004486168
0.36431158338922814
0.3473492128292337
0.32238410632712444
0.3259837936404822
0.3270907209189198
0.2988474208437033
0.2896227552136935
0.2904838288924241
0.29012584134642677
0.29271028551321004
0.2680350647617693
0.2679569696317479
0.26765199676473667
0.2673263799984271
0.24581840827913706
0.2453489421731979
0.24488543839483576
0.24443797616546695
0.23986926854222693
0.24086714553788893
0.24179804796901247
0.24290931839224095
0.2377009990185641
0.23759884375240176
0.23742092325189368
0.2372224594196351
0.23771826257980927
0.2383954773475906
0.23895284997126054
0.23949122176034796
0.2411054398048572
0.2409928784550793
0.24122888734179726
0.2401119503452011
0.26999761556665
0.27034833858992924
0.26911720208342327
0.26896520761961246
0.2905424091133868
0.26323572295532655
0.2623305932036054
0.2654540610403534
0.26809806257915947
0.2685745553804665
0.2684152940901974
0.24035494490618386
0.262491400709622
0.2631866787218857
0.26160473499687265
0.25836331648907845
0.26552122151861746
0.28508703923237544
0.2867855849422395
0.2876949595058163
0.2836121355534361
0.26263408768396407
0.26205029694710136
0.26158087477598646
0.27013395601684786
0.2893718941760154
0.2613250589361218
0.2608926506513861
0.2551790590577499
0.2342360125570621
0.23342302175787888
0.23242235090668312
0.23213499248388966
0.23273578904476264
0.26056676581263527
0.26174383341948565
0.2604303904668226
0.25829747548283255
0.2869598853396937
0.2856659978398439
0.31047663813861853
0.2780100713020716
0.31464764073846596
0.31746305859379914
0.3534452590931241
0.3552017289041061
0.3563900943602537
0.3155887162465274
0.3322284868629867
0.3791900195472669
0.38138265253692066
0.38360328798314947
0.38172152920239655
0.3384419951039751
0.3367491067411717
0.33653482976994303
0.33696925945720674
0.3349630864631122
0.3357992851885113
0.30076166666741133
0.3378118528755534
0.3724750960677277
0.3754194099378368
0.3407877100964937
0.3424127486104206
0.3441714910855807
0.34361497751180553
0.3424759630756347
0.30332781166170686
0.2998408040177348
0.29680514870660485
0.29423760394235327
0.26819895518281656
0.26743448700935707
0.2648245825159541
0.26566333882050647
0.245049812754513
0.24531636851962207
0.24556839562342633
0.24570900835657983
0.24176307014186912
0.2434079521925263
0.24516904897913022
0.24701675748614468
0.24257192113020667
0.24328630896220854
0.2439831789190813
0.24334353521304886
0.2539461717092048
0.2556738758294005
0.25480335449692665
0.2545059887522715
0.2584585741285395
0.25535212168113997
0.2527469971714307
0.25399077092413835
0.271804724205688
0.27286437624376164
0.27403329641796537
0.27404555546237186
0.34125381445154057
0.3509102028930138
0.3437721616608893
0.3510566558261792
0.35412178883721906
0.35278777980477904
0.3551609606511203
0.32967341311541376
0.3007960308328387
0.3015704049847853
0.32729797393242455
0.3284729339021577
0.33223123220815404
0.35184799688031376
0.34806592807055586
0.34493840652427077
0.34536804029581103
0.32411985209848787
0.3210380463339012
0.3179557536321255
0.3247156476925889
0.34418897491997064
0.34445385003379514
0.3437025471222901
0.34219755260371465
0.320876595941362
0.3195057946136264
0.3174146468029864
0.31173451660863466
0.30843917541136373
0.3058056779519232
0.3033941571241029
0.30415197129507016
0.2715408317965196
0.30095942199169035
0.29728108864229413
0.32136714982677683
0.3222205107323355
0.3215851325414294
0.3574042002763403
0.3993851101896457
0.3617250956057854
0.366058008273614
0.3682653878638591
0.4321233629867774
0.43477506081125733
0.4385510784081137
0.44243032770198787
0.39871648513841446
0.39939258104065617
0.3996507156100174
0.39969234697069117
0.3948390534300684
0.4300034892407491
0.4276200177320499
0.42604881762743524
0.4217887508985186
0.42526548459813424
0.39565344104653266
0.4019244641213274
0.360769321002288
0.3484988541099074
0.3289046007442367
0.32750331298377655
0.3121568382961192
0.30893913070027534
0.30538539400421455
0.3012533364847154
